hits_count,reads_count,hits_count_pro,ratio_hits_prom,orf_len,insertion_index,reads_by_len,NI,NI_ratio,HFI,HFI_ratio,orf,label,predictions
0.08092485549132948,0.014694442043391822,0.027027027027027032,2.0,0.10890886800163466,0.01697998787143723,0.10309278350515463,0.36651361575558056,0.5470085470085471,0.12977562158884173,0.5977653631284916,YJR131W,non_ess,non_ess
0.13005780346820808,0.04079868614400553,0.1891891891891892,0.7777777777777778,0.1068655496526359,0.027794935145151328,0.29153798641136497,1.4664939662404468,0.9271576898118103,0.0846201358863496,0.9716312056737588,YAR002W,non_ess,non_ess
0.05491329479768786,0.008643789437289308,0.10810810810810813,0.5,0.1338373518594197,0.009429280397022332,0.04962779156327544,0.1988626964433416,0.4473684210526317,0.4739454094292804,2.210648148148148,YLR330W,non_ess,non_ess
0.08092485549132948,0.015645258881493648,0.0,0.0,0.17409072333469555,0.010744435917114352,0.06945510360706063,0.3188434316600088,0.754766600920447,0.3453568687643899,0.9493670886075948,YLL005C,non_ess,non_ess
0.0,0.0,0.0,0.0,0.03780138945647732,0.0,0.0,0.0,0.0,1.0,4.230769230769232,YDR002W,ess,ess
0.04046242774566474,0.007001469444204339,0.054054054054054064,2.0,0.18083367388639152,0.005175600739371534,0.029944547134935308,0.1991168617785993,0.8263888888888888,0.2454713493530499,0.7830188679245282,YPL150W,non_ess,non_ess
0.01445086705202312,0.0026795747255596854,0.0,0.0,0.07478545157335513,0.004355400696864111,0.02700348432055749,0.08875714623997834,0.332337565347274,0.3841463414634145,1.0327868852459017,YKL113C,non_ess,non_ess
0.05491329479768786,0.007779410493560376,0.08108108108108109,3.0,0.08806702084184717,0.014147431124348473,0.06701414743112435,0.2699608168646168,0.6530054644808744,0.20551005212211468,0.6969696969696969,YOL016C,non_ess,non_ess
0.04335260115606936,0.014435128360273143,0.027027027027027032,0.2,0.2748263179403351,0.0036719706242350062,0.0408812729498164,0.1341332589802602,0.2523441809156095,0.2252141982864137,2.4797843665768196,YML049C,ess,ess
0.031791907514450865,0.002506698936813899,0.08108108108108109,0.375,0.17572537801389454,0.004182509505703422,0.011026615969581748,0.06934922491956713,0.2092515592515592,0.4095057034220532,5.950276243093923,YNR011C,ess,ess
0.04046242774566474,0.01573169677586654,0.027027027027027032,0.3333333333333333,0.04045770331017573,0.021739130434782608,0.2826086956521739,0.532608695652174,2.860215053763441,0.34006211180124224,0.9647577092511012,YNL213C,non_ess,non_ess
0.03468208092485549,0.003803267352407295,0.0,0.0,0.04944830404577034,0.015463917525773196,0.05670103092783505,0.3848063867236611,0.7429643527204505,0.3389175257731959,2.0873015873015874,YCL047C,non_ess,non_ess
0.03468208092485549,0.003976143141153081,0.0,0.0,0.10257458111973848,0.007712082262210797,0.02956298200514139,0.3344702079462445,0.4167025398191993,0.2152956298200514,1.139455782312925,YCR098C,non_ess,non_ess
0.10115606936416184,0.025499178840003456,0.0,1.0,0.11176951369023294,0.020697811945594318,0.17445298639858073,0.3934197086178162,0.509090909090909,0.10940272028385573,0.9296482412060302,YIL120W,non_ess,non_ess
0.04624277456647399,0.01521306940962918,0.0,0.0,0.0425010216591745,0.02373887240356083,0.2611275964391692,1.0471286437423637,1.2016806722689075,0.2551928783382789,0.8820512820512819,YMR095C,non_ess,non_ess
0.0,0.0,0.0,0.0,0.07008581937065796,0.0,0.0,0.0,0.0,1.0,4.882352941176472,YKL060C,ess,ess
0.10693641618497107,0.02411617253003717,0.32432432432432434,1.7142857142857142,0.09113199836534533,0.026657060518731988,0.2010086455331412,0.4203060546985365,0.957244008714597,0.14121037463976946,0.6202531645569621,YML005W,non_ess,non_ess
0.03757225433526011,0.004667646296136226,0.1891891891891892,0.875,0.016550878626890073,0.04436860068259386,0.18430034129692832,1.9195257768995868,0.6578947368421053,0.25597269624573377,0.986842105263158,YCL057C-A,non_ess,non_ess
0.060693641618497114,0.010631861007865848,0.027027027027027032,1.0,0.21107478545157335,0.006668783740870117,0.03906001905366783,0.19047142602348213,0.5811540058115402,0.18259765004763412,1.7164179104477613,YDL077C,non_ess,non_ess
0.03757225433526011,0.00561846313423805,0.0,0.0,0.25561912545974663,0.003418353931107021,0.0170917696555351,0.17730853216568154,0.6553245116572148,0.22219300552195634,1.8055555555555558,YMR128W,ess,ess
0.060693641618497114,0.012792808367188177,0.054054054054054064,4.0,0.05741724560686556,0.02351623740201568,0.16573348264277715,0.3768908244806055,0.992844364937388,0.15789473684210525,0.15789473684210525,YER055C,non_ess,non_ess
0.13872832369942195,0.03716829458034402,0.35135135135135137,1.0,0.07396812423375562,0.04225352112676056,0.3785211267605634,0.7095533728687916,0.7659574468085105,0.19982394366197184,1.0225225225225227,YOL003C,non_ess,non_ess
0.0,0.0,0.0,0.0,0.012464241928892523,0.0,0.0,0.0,0.0,1.0,2.377551020408163,YFL017W-A,ess,ess
0.0,0.0,0.0,0.0,0.05741724560686556,0.0,0.0,0.0,0.0,1.0,4.0225225225225225,YLR208W,ess,ess
0.17341040462427745,0.04131731351024289,0.10810810810810813,2.0,0.13179403351042093,0.030226700251889168,0.2408060453400504,0.4331291367836338,0.9785202863961812,1.0,5.1159793814432994,YNR008W,non_ess,non_ess
0.008670520231213872,0.0003457515774915723,0.08108108108108109,1.5,0.07498978340825503,0.002606429192006951,0.0034752389226759338,0.07714027935574418,0.30769230769230765,0.5386620330147698,2.4899598393574296,YJL108C,non_ess,non_ess
0.04046242774566474,0.007174345232950125,0.10810810810810813,2.0,0.09991826726604006,0.00922874093605801,0.05471324983520105,0.4187870797626895,0.5238095238095238,0.2887277521423863,2.2694300518134707,YLR015W,non_ess,non_ess
0.01445086705202312,0.0013830063099662892,0.0,0.0,0.043931344503473635,0.007194244604316547,0.02302158273381295,0.3559334350701257,0.5325987144168962,0.5237410071942447,1.60352422907489,YHR122W,ess,ess
0.06936416184971098,0.010718298902238741,0.027027027027027032,1.0,0.1908459337964855,0.008415147265077139,0.043478260869565216,0.2653741440475208,0.588235294117647,0.17461430575035064,0.8397976391231029,YGR100W,non_ess,non_ess
0.0722543352601156,0.015472383092747859,0.0,0.0,0.12729873314262366,0.013027618551328815,0.09327774882751433,0.5613567429617455,1.6737891737891737,0.2256383533090151,0.7252931323283082,YKR056W,non_ess,non_ess
0.03468208092485549,0.006396404183594088,0.16216216216216214,3.0,0.033714752758479766,0.02201834862385321,0.13577981651376148,0.42012951969778745,0.8161764705882354,0.1963302752293578,0.981651376146789,YGL242C,non_ess,non_ess
0.005780346820809247,0.0003457515774915723,0.0,0.0,0.054352268083367385,0.0023584905660377358,0.0047169811320754715,0.10094806650476368,0.2541254125412541,0.9775943396226416,3.855813953488372,YKR025W,ess,ess
0.03468208092485549,0.008038724176679056,0.08108108108108109,0.75,0.07437678790355537,0.010507880910683012,0.08143607705779335,0.296861683695927,0.719633307868602,0.148861646234676,0.7870370370370371,YOL043C,non_ess,non_ess
0.02890173410404624,0.0037168294580344026,0.08108108108108109,0.75,0.08827135267674703,0.007429420505200594,0.03194650817236255,0.1955762362816402,0.4361598440545809,0.2637444279346211,0.9594594594594594,YGR223C,non_ess,non_ess
0.04046242774566474,0.00561846313423805,0.0,0.0,0.12893338782182265,0.007205352547606794,0.03345342254246012,0.31249613998970666,1.1523076923076925,0.3993823983530623,1.173978819969743,YNL167C,non_ess,non_ess
0.0028901734104046237,0.0006050652606102515,0.054054054054054064,1.0,0.0624574308677292,0.001034126163391934,0.007238883143743538,0.030240489339699445,0.11246200607902736,0.5118924508790073,2.6052631578947367,YHR012W,non_ess,non_ess
0.026011560693641616,0.00561846313423805,0.0,0.0,0.09297098487944422,0.006360424028268552,0.04593639575971732,0.15131304208159332,0.625437062937063,0.2855123674911661,1.1744186046511629,YML032C,non_ess,non_ess
0.005780346820809247,0.0006915031549831446,0.0,1.0,0.07703310175725378,0.001693480101608806,0.006773920406435224,0.05403552152433988,0.2304021813224267,0.9466553767993228,3.149295774647888,YDR245W,non_ess,ess
0.0,0.0,0.0,0.0,0.06313853698406212,0.0,0.0,0.0,0.0,1.0,1.6815834767641995,YJL180C,non_ess,ess
0.01445086705202312,0.00112369262684761,0.0,0.0,0.1853289742541888,0.0018044027426921687,0.004691447130999639,0.03695297517678673,0.16307556080283353,0.5774088776614941,4.081632653061225,YCR057C,ess,ess
0.07514450867052022,0.02299247990318956,0.08108108108108109,6.0,0.13445034736411934,0.012845849802371542,0.13142292490118576,0.35154385003717764,0.6950495049504951,1.0,4.972972972972973,YDR452W,non_ess,non_ess
0.008670520231213872,0.0029388884086783643,0.0,0.0,0.0913363302002452,0.002156721782890007,0.02444284687275341,0.08413415689784183,0.3144712430426717,0.9769949676491732,2.299492385786802,YGL111W,ess,ess
0.008670520231213872,0.0013830063099662892,0.027027027027027032,0.3333333333333333,0.04175180493120829,0.004524886877828055,0.02413273001508296,0.11269984917043742,0.4425000000000001,0.5098039215686274,1.396694214876033,YLR388W,non_ess,non_ess
0.10115606936416184,0.02195522517071484,0.054054054054054064,0.6666666666666666,0.17633837351859422,0.013262599469496022,0.0962485790071997,0.31082548555355777,0.9308973402933136,0.07919666540356196,0.4771689497716896,YNL325C,non_ess,non_ess
0.15028901734104044,0.03457515774915723,0.0,0.0,0.17347772782999593,0.020023103581055062,0.15402387370042356,0.8647816087169186,1.203378378378378,0.11936850211782825,0.8757062146892656,YPL141C,non_ess,non_ess
0.0953757225433526,0.01849770939579912,0.0,1.0,0.2345729464650593,0.009444762449914138,0.061247853463079566,0.30756760772010466,0.8549618320610687,0.12993703491700054,1.4143302180685358,YHR158C,non_ess,non_ess
0.031791907514450865,0.006655717866712767,0.08108108108108109,0.75,0.13812832039231712,0.005293551491819057,0.0370548604427334,0.2564318501517731,0.3334030100334448,0.368623676612127,3.3160173160173168,YDR314C,non_ess,non_ess
0.023121387283236997,0.004840522084882012,0.054054054054054064,0.6666666666666666,0.0813240702901512,0.006430868167202572,0.04501607717041802,0.22096852772093928,0.30707070707070705,0.4983922829581994,1.2301587301587302,YGR159C,non_ess,non_ess
0.16473988439306358,0.044342639813294144,0.027027027027027032,0.5,0.20780547609317532,0.01838116736536601,0.1654305062882941,0.8242932387401914,1.3434343434343434,0.1418897129958078,0.5986394557823129,YKR028W,non_ess,non_ess
0.031791907514450865,0.006828593655458553,0.13513513513513514,0.7142857142857143,0.09440130772374336,0.007660167130919221,0.05501392757660167,0.2077930394134409,0.5443805874840358,0.5285515320334262,1.632258064516129,YDR306C,non_ess,non_ess
0.12716763005780346,0.050825481891261126,0.4324324324324325,1.0666666666666669,0.05762157744176542,0.049107142857142856,0.65625,0.8338747848537005,0.7151429246397354,0.1328125,1.5454545454545454,YLR348C,non_ess,non_ess
0.023121387283236997,0.005704901028610943,0.0,0.0,0.14875357580711074,0.003581020590868397,0.02954341987466428,0.07644443129101712,0.5212968849332485,0.3943598925693823,1.4141252006420544,YJR042W,ess,ess
0.02890173410404624,0.003111764197424151,0.08108108108108109,1.5,0.03575807110747855,0.017391304347826087,0.06260869565217393,0.3998603108084513,0.6318607764390898,0.271304347826087,1.3000000000000005,YDR071C,non_ess,non_ess
0.011560693641618495,0.0014694442043391822,0.0,0.0,0.11381283203923173,0.002324230098779779,0.00987797791981406,0.18702673786927126,0.4087301587301587,0.8570598489250436,2.201492537313433,YPR137W,ess,ess
0.026011560693641616,0.0042354568242717605,0.027027027027027032,2.0,0.15774417654270534,0.0038038884192730335,0.020710059171597642,0.15989756849485354,0.6235294117647059,0.3753169907016061,1.6145454545454545,YLR319C,non_ess,non_ess
0.031791907514450865,0.005445587345492263,0.10810810810810813,1.0,0.2053534940743768,0.003588907014681892,0.020554649265905386,0.1232068078236155,0.6426116838487973,0.5008156606851549,2.986381322957198,YGR188C,non_ess,non_ess
0.12716763005780346,0.0325006482842078,0.16216216216216214,0.6,0.1791990192071925,0.01641178664677359,0.1402461767997016,0.5381048929045487,1.1559716140721727,0.18798955613577026,0.8873239436619718,YNR047W,non_ess,non_ess
0.02023121387283237,0.0025931368311867924,0.0,1.0,0.09930527176134042,0.004641909814323607,0.01989389920424403,0.20666953425574114,0.5833333333333333,0.3839522546419098,1.8264984227129333,YDR470C,non_ess,non_ess
0.011560693641618495,0.001210130521220503,0.08108108108108109,0.5,0.05292194523906825,0.004836759371221282,0.016928657799274487,0.07693979864951156,0.4847512038523274,0.3603385731559855,1.6021505376344083,YOR278W,ess,non_ess
0.023121387283236997,0.003198202091797044,0.08108108108108109,3.0,0.04270535349407438,0.011816838995568686,0.05465288035450517,0.3708369331958419,1.1132075471698115,0.4076809453471196,1.205240174672489,YDL018C,non_ess,non_ess
0.04335260115606936,0.005359149451119371,0.027027027027027032,0.5,0.14507560277891296,0.006880733944954129,0.028440366972477062,0.2581839032527106,0.5760188087774295,0.18577981651376144,0.5146124523506989,YKL135C,non_ess,non_ess
0.04624277456647399,0.007952286282306162,0.0,0.0,0.11789946873722927,0.008983717012914094,0.05165637282425604,0.15831570179711527,0.4998560322487763,0.3009545199326221,1.7015873015873015,YJR002W,ess,ess
0.031791907514450865,0.0025931368311867924,0.08108108108108109,0.5,0.06661217817736004,0.010700389105058366,0.029182879377431907,0.3891911435556627,0.8030973451327434,0.5389105058365758,2.5296803652968034,YDL065C,non_ess,non_ess
0.03757225433526011,0.005013397873627798,0.08108108108108109,1.0,0.02451982018798529,0.03170731707317073,0.14146341463414633,1.4052618546490032,2.243654822335025,0.2975609756097561,0.4621212121212121,YNL031C,non_ess,non_ess
0.07514450867052022,0.022128100959460627,0.027027027027027032,0.3333333333333333,0.07335512872905599,0.02307009760425909,0.2271517302573204,0.7680654446296016,0.7893800813008129,0.2218278615794144,1.6339869281045754,YGR286C,non_ess,non_ess
0.21098265895953755,0.06716224392773792,0.054054054054054064,2.0,0.06824683285655905,0.06939163498098859,0.7385931558935361,2.7662281368821287,1.4528780487804878,0.2252851711026616,0.75,YDR214W,non_ess,non_ess
0.04046242774566474,0.006828593655458553,0.1891891891891892,1.4,0.08214139762975071,0.011146496815286623,0.06289808917197452,0.2768645983151839,0.4578853046594982,0.4171974522292994,1.518840579710145,YBL055C,non_ess,non_ess
0.0028901734104046237,0.0014694442043391822,0.0,0.0,0.0588475684511647,0.0010940919037199122,0.018599562363238512,0.04651483928533492,0.11650485436893206,0.9923413566739606,2.0707762557077625,YMR281W,ess,ess
0.017341040462427744,0.001901633676203648,0.0,0.0,0.06272987331426237,0.006179196704428424,0.022657054582904217,0.29138108597606444,0.5775862068965516,0.5365602471678682,2.960227272727273,YOL094C,ess,ess
0.08092485549132948,0.01884346097329069,0.08108108108108109,1.0,0.08847568451164692,0.020756115641215715,0.16160118606375093,0.5390755014126185,0.9805622489959837,0.13046701260192736,0.13046701260192736,YKL046C,non_ess,non_ess
0.011560693641618495,0.001210130521220503,0.054054054054054064,0.4,0.09072333469554557,0.0028943560057887122,0.010130246020260492,0.045041692509130996,0.12091097308488608,0.6714905933429812,4.710659898477157,YER003C,ess,ess
0.0,0.0,0.0,0.0,0.12791172864732325,0.0,0.0,0.0,0.0,1.0,4.881012658227848,YDR311W,ess,ess
0.0838150289017341,0.02160947359322327,0.0,0.0,0.16693910911319984,0.011595361855257898,0.09996001599360256,0.22374085385301126,0.5531935085887824,0.13634546181527388,1.321705426356589,YLR207W,non_ess,non_ess
0.03757225433526011,0.006223528394848302,0.027027027027027032,2.0,0.11258684102983246,0.0076335877862595426,0.042278332354668234,0.22314929877507544,0.6846785225718193,0.1802701115678215,0.8410958904109589,YPL030W,non_ess,non_ess
0.017341040462427744,0.002506698936813899,0.0,0.0,0.16734777278299962,0.002393298763462305,0.011567610690067813,0.039507290035661335,0.18402493029358705,0.5221380135620263,2.8960176991150437,YDL126C,ess,ess
0.0028901734104046237,0.00017287578874578615,0.0,0.0,0.05455659991826727,0.0011750881316098707,0.002350176263219741,0.027696282519202184,0.2350993377483444,1.0,1.5529197080291968,YGL128C,ess,ess
0.1184971098265896,0.029302446192410757,0.6486486486486487,1.5,0.06048222313036373,0.04371002132196162,0.36140724946695096,0.7268116483428065,1.4044249775381852,0.11513859275053305,0.6967741935483871,YDL124W,non_ess,non_ess
0.07803468208092486,0.025153427262511883,0.32432432432432434,1.0909090909090908,0.0606865549652636,0.02869287991498405,0.3092454835281616,0.6630437701653897,0.6847472924187724,0.16259298618490967,1.1590909090909092,YKL094W,non_ess,non_ess
0.0,0.0,0.0,0.0,0.041683694319574985,0.0,0.0,0.0,0.0,1.0,3.9879518072289164,YNL110C,ess,ess
0.060693641618497114,0.008470913648543521,0.16216216216216214,1.5,0.07539844707805476,0.01815038893690579,0.0847018150388937,0.7258057263902559,1.408092485549133,0.2385479688850476,1.5593220338983051,YHR017W,non_ess,non_ess
0.01445086705202312,0.00224738525369522,0.054054054054054064,1.0,0.12280343277482632,0.0026983270372369127,0.01403130059363195,0.08982530004950649,0.640495867768595,0.4867781975175392,1.1053921568627452,YNL121C,non_ess,non_ess
0.0953757225433526,0.02221453885383352,0.16216216216216214,1.5,0.09276665304454433,0.023371104815864026,0.1820113314447592,0.6913172804532578,1.452,0.10977337110481586,0.82010582010582,YPR068C,non_ess,non_ess
0.02023121387283237,0.004149018929898867,0.0,1.0,0.0923579893747446,0.004978662873399714,0.034139402560455195,0.1377430061640588,0.3261363636363636,0.9089615931721194,3.3631578947368417,YKL021C,ess,ess
0.04335260115606936,0.010718298902238741,0.16216216216216214,1.5,0.12545974662852474,0.007928118393234672,0.06553911205073996,0.22880448687736496,1.0828025477707008,0.2711416490486258,1.0961538461538465,YHR171W,non_ess,non_ess
0.017341040462427744,0.002506698936813899,0.10810810810810813,0.6666666666666666,0.03555373927257867,0.01048951048951049,0.050699300699300696,0.5225087412587414,0.5332031250000001,0.2255244755244755,1.048780487804878,YHR189W,non_ess,non_ess
0.017341040462427744,0.0036303915636615096,0.08108108108108109,0.75,0.03391908459337965,0.010948905109489052,0.07664233576642336,0.2303382337822556,0.4609475032010243,0.2883211678832117,0.8586956521739131,YML078W,non_ess,non_ess
0.08670520231213873,0.032154896706716216,0.054054054054054064,1.0,0.045565999182672665,0.04172461752433936,0.5173852573018081,1.6561781351987774,1.4002828854314004,0.15577190542420027,0.7777777777777778,YDR410C,non_ess,non_ess
0.011560693641618495,0.0012965684155933962,0.16216216216216214,0.6,0.013485901103391913,0.016129032258064516,0.06048387096774194,0.4207676006592889,0.4504692387904067,0.6411290322580645,1.8705882352941177,YBL071W-A,non_ess,non_ess
0.02023121387283237,0.00509983576800069,0.027027027027027032,0.2,0.09726195341234163,0.004736129905277402,0.039918809201623814,0.1630376840119736,0.6481481481481483,0.5,1.9396325459317585,YNL124W,ess,ess
0.01445086705202312,0.002160947359322327,0.0,1.0,0.04147936248467512,0.0075872534142640375,0.03793626707132018,0.2354695274729153,0.2450166112956811,0.3884673748103187,2.265486725663717,YDR246W,ess,ess
0.04335260115606936,0.013743625205290001,0.1891891891891892,1.4,0.09297098487944422,0.01060070671378092,0.11236749116607772,0.6767130880620801,0.9395424836601312,0.21484098939929328,0.4742589703588143,YDR316W,non_ess,non_ess
0.0,0.0,0.0,1.0,0.06579485083776053,0.0,0.0,0.0,0.0,1.0,4.080321285140562,YOR261C,ess,ess
0.1676300578034682,0.029388884086783643,0.0,1.0,0.3193706579485084,0.012238868959696137,0.07174509390166701,0.2939102299451667,0.5738897619463361,0.1050854610677358,1.1857142857142855,YNR031C,non_ess,non_ess
0.13005780346820808,0.07926354913994295,0.35135135135135137,1.4444444444444444,0.034940743767879034,0.07992895204262877,1.6287744227353464,1.3470692717584372,0.8655172413793104,1.0,5.118181818181818,YIR017C,non_ess,non_ess
0.026011560693641616,0.004840522084882012,0.0,0.0,0.07580711074785453,0.007738607050730869,0.04815133276010318,0.17024935511607908,0.4844890510948904,0.26827171109200343,0.9936305732484076,YGL246C,non_ess,non_ess
0.017341040462427744,0.0026795747255596854,0.0,0.0,0.0931753167143441,0.0042313117066290545,0.021861777150916785,0.08184537206534026,0.3655210038188762,0.7411847672778561,1.6924315619967794,YHR005C,non_ess,ess
0.03757225433526011,0.006396404183594088,0.1891891891891892,1.1666666666666667,0.07560277891295464,0.011206896551724138,0.06379310344827586,0.4777411855869818,0.8672752808988764,0.2577586206896552,1.5654450261780104,YDL168W,non_ess,non_ess
0.008670520231213872,0.002506698936813899,0.027027027027027032,2.0,0.07458111973845526,0.002620087336244541,0.025327510917030567,0.07567523855733463,0.4222222222222223,0.4663755458515284,1.2054176072234764,YPL193W,non_ess,non_ess
0.07803468208092486,0.013397873627798429,0.027027027027027032,0.3333333333333333,0.4507560277891296,0.004049190161967606,0.02324535092981404,0.1462348155368926,0.4278169014084505,0.3455308938212357,3.891891891891892,YNL262W,ess,ess
0.02890173410404624,0.008816665226035093,0.0,0.0,0.09828361258684104,0.006697923643670462,0.06831882116543872,0.29078227128900386,0.9926854754440959,0.5036838580040187,1.5130784708249496,YFL027C,non_ess,non_ess
0.008670520231213872,0.0009508168381018238,0.13513513513513514,1.0,0.1438496117695137,0.0013876040703052724,0.005087881591119335,0.03336519064231022,0.34789156626506024,0.9130434782608696,2.159737417943107,YLR335W,non_ess,non_ess
0.08959537572254335,0.0261906819949866,0.027027027027027032,2.0,0.25766244380874537,0.008087659796504044,0.07905035220453953,0.15195637927026334,0.5703219559428709,0.1774067310200887,1.1950790861159928,YMR012W,non_ess,non_ess
0.017341040462427744,0.0028524505143054713,0.0,0.0,0.041070698814875364,0.009188361408882085,0.05053598774885146,0.2443313738082301,1.038709677419355,0.3476263399693721,1.0,YLR051C,ess,ess
0.011560693641618495,0.0005186273662373584,0.0,1.0,0.08030241111565183,0.0032546786004882017,0.004882017900732303,0.07123573470196741,0.6820512820512821,0.6305939788445891,1.5625,YIR008C,ess,ess
0.05780346820809248,0.012706370472815282,0.0,0.0,0.11422149570903148,0.011580775911986104,0.08511870295309787,0.42712626451854624,0.6323529411764706,0.4053271569195136,2.6515151515151514,YNL251C,ess,ess
0.09826589595375723,0.02005359149451119,0.10810810810810813,2.0,0.1401716387413159,0.016129032258064516,0.11005692599620494,0.6518518518518519,1.2105137395459975,0.15607210626185958,0.5116640746500777,YDR221W,non_ess,non_ess
0.14161849710982655,0.11141844584665918,0.4594594594594595,1.5454545454545454,0.06947282386595832,0.04579439252336449,1.2046728971962617,0.9299384027187764,1.225,0.17102803738317754,0.9242424242424242,YPR040W,non_ess,non_ess
0.060693641618497114,0.009853919958509809,0.027027027027027032,2.0,0.12382509194932573,0.011241970021413276,0.06102783725910065,0.30436592909826315,0.7555555555555556,0.16970021413276232,1.5095238095238095,YOR137C,non_ess,non_ess
0.04624277456647399,0.005186273662373585,0.0,1.0,0.18001634654679197,0.005941329372447085,0.02227998514667657,0.18597525902302994,0.41492726122707146,0.2369105087263275,1.219885277246654,YER047C,non_ess,non_ess
0.026011560693641616,0.004149018929898867,0.0,0.0,0.13976297507151614,0.004281636536631779,0.02283539486203616,0.1108152470452424,0.5758293838862559,0.4191246431969553,2.0068337129840548,YDL074C,non_ess,ess
0.031791907514450865,0.00509983576800069,0.027027027027027032,0.25,0.12382509194932573,0.005888650963597432,0.031584582441113486,0.10280081097088706,0.3984295845997974,0.4004282655246253,1.040333796940195,YNR006W,non_ess,non_ess
0.0,0.0,0.0,1.0,0.03698406211687781,0.0,0.0,0.0,0.0,1.0,2.965,YDL166C,ess,ess
0.0028901734104046237,0.0004321894718644654,0.0,0.0,0.04025337147527585,0.0015600624024961,0.007800312012480499,0.06601240793817799,0.7499999999999999,0.9516380655226208,1.142322097378277,YOL139C,ess,ess
0.01445086705202312,0.0030253263030512573,0.0,0.0,0.15161422149570905,0.0021968365553602814,0.015377855887521968,0.06447638477515456,0.15984015984015987,0.6370826010544816,3.0526315789473686,YBL084C,ess,ess
0.0028901734104046237,0.0008643789437289308,0.0,1.0,0.03187576624438088,0.0019305019305019305,0.019305019305019305,0.03531126855869124,0.16288659793814433,0.7741312741312741,2.0670103092783507,YJL124C,non_ess,non_ess
0.18208092485549127,0.10943037427608264,0.08108108108108109,3.0,0.1409889660809154,0.029716981132075482,0.5971698113207548,1.2082365747460089,1.5237315875613748,0.15518867924528304,1.4059829059829059,YPL155C,non_ess,non_ess
0.060693641618497114,0.008816665226035093,0.054054054054054064,2.0,0.1129955046996322,0.012287887653598594,0.05968402574605033,0.4420642509526325,0.5954268292682928,0.18782913984786426,1.3264462809917357,YLR253W,non_ess,non_ess
0.049132947976878616,0.008816665226035093,0.0,0.0,0.16121781773600327,0.00703351261894911,0.042201075713694663,0.19733460756262852,1.0400528169014085,0.34546959040132397,1.3232963549920758,YIL068C,ess,ess
0.008670520231213872,0.0004321894718644654,0.054054054054054064,0.6666666666666666,0.029219452390682476,0.006263048016701462,0.010438413361169102,0.14634546229601372,0.4994764397905759,0.8204592901878914,1.6582278481012658,YML077W,ess,ess
0.06647398843930635,0.009075978909153772,0.13513513513513514,2.5,0.10747854515733553,0.014127764127764128,0.0644963144963145,0.4243129934877508,1.3993527508090615,0.2708845208845209,0.57496740547588,YDR057W,non_ess,non_ess
0.05202312138728323,0.01184199152908635,0.08108108108108109,6.0,0.10911319983653454,0.010895883777239709,0.08292978208232446,0.3557335805084745,1.4238281249999998,0.20823244552058112,1.1821305841924399,YMR171C,non_ess,non_ess
0.05780346820809248,0.012101305212205031,0.10810810810810813,1.3333333333333333,0.04597466285247242,0.027586206896551724,0.19310344827586207,0.8681541582150102,1.4022578728461084,0.12413793103448276,0.7758620689655172,YNL010W,non_ess,non_ess
0.03468208092485549,0.008643789437289308,0.0,0.0,0.15140988966080918,0.005279366476022877,0.043994720633523984,0.22145714607270384,0.45182724252491707,0.3902331720193577,1.6799242424242429,YOR014W,non_ess,non_ess
0.09826589595375723,0.021263722015731696,0.0,1.0,0.085002043318349,0.02619414483821264,0.18952234206471494,0.8652757797267396,1.5442338072669826,0.18875192604006166,0.8506944444444444,YHR176W,non_ess,non_ess
0.02890173410404624,0.003976143141153081,0.2972972972972973,1.375,0.0253371475275848,0.023696682464454968,0.10900473933649288,0.3971511027562286,0.7905027932960894,0.2938388625592417,1.0508474576271185,YDL123W,non_ess,non_ess
0.026011560693641616,0.002074509464949433,0.0,0.0,0.06763383735185942,0.00862895493767977,0.023010546500479387,0.2562623515369715,0.5372448979591837,0.2751677852348993,1.1619433198380569,YBR159W,non_ess,non_ess
0.03757225433526011,0.004840522084882012,0.08108108108108109,0.5,0.1485492439722109,0.00582698341550874,0.02510085163603765,0.1989677255527362,0.39901157497724016,0.262662483191394,2.056140350877193,YHR178W,non_ess,non_ess
0.023121387283236997,0.0028524505143054713,0.054054054054054064,0.5,0.06048222313036373,0.008528784648187633,0.03518123667377398,0.2928737700749203,0.3414439569206223,0.3891257995735608,2.3701298701298703,YOL096C,non_ess,non_ess
0.03468208092485549,0.006828593655458553,0.16216216216216214,0.8571428571428571,0.09460563955864323,0.008339124391938846,0.05489923558026407,0.2684886311236385,1.5540720961281709,0.2835302293259208,0.9293849658314348,YDR198C,non_ess,non_ess
0.04335260115606936,0.003889705246780188,0.0,1.0,0.13465467919901922,0.007400098667982241,0.02220029600394672,0.2062966281727293,0.9402332361516036,0.2644301924025654,0.8440944881889765,YOR069W,non_ess,non_ess
0.05202312138728323,0.010804736796611637,0.08108108108108109,0.5,0.07172047404985697,0.01631912964641886,0.11332728921124205,0.4623090020564757,0.6121013133208255,0.2058023572076156,1.5442176870748299,YLR405W,non_ess,non_ess
0.0,0.0,0.0,1.0,0.031671434409481,0.0,0.0,0.0,0.0,1.0,1.900369003690037,YDR404C,ess,ess
0.02890173410404624,0.007779410493560376,0.0,0.0,0.08418471597874949,0.0077760497667185065,0.06998444790046658,0.20095151269066644,1.3423645320197044,0.25505443234836706,0.7288888888888889,YDR394W,ess,non_ess
0.05780346820809248,0.009421730486645344,0.0,0.0,0.28994687372292605,0.004643603436266543,0.025307638727652657,0.16183451975754462,0.6219312602291326,0.15857905734850244,1.0893141945773526,YAL024C,non_ess,non_ess
0.02890173410404624,0.0037168294580344026,0.027027027027027032,0.14285714285714285,0.08459337964854925,0.007739938080495356,0.03328173374613004,0.24427999697953634,0.7317073170731707,0.40325077399380793,2.5539215686274512,YBR095C,non_ess,non_ess
0.11560693641618495,0.027314374621834208,0.10810810810810813,1.3333333333333333,0.07376379239885575,0.0353045013239188,0.2789055604589585,0.8170815751611069,1.221917808219178,0.1147396293027361,0.8227848101265822,YOL126C,non_ess,non_ess
0.04046242774566474,0.0087302273316622,0.0,0.0,0.2425418880261545,0.003877042370534478,0.027970091387427305,0.10081314578511542,0.7279792746113989,0.30047078371642205,1.4602960969044416,YPR010C,ess,ess
0.026011560693641616,0.006223528394848302,0.027027027027027032,1.0,0.045361667347772784,0.012569832402234636,0.1005586592178771,0.4651921595068388,1.024137931034483,0.5013966480446927,1.8131313131313127,YMR156C,non_ess,non_ess
0.08670520231213873,0.028870256720546286,0.0,0.0,0.04965263588067021,0.038510911424903725,0.4287548138639281,0.8021405261611273,0.6855810338126701,0.15917843388960207,1.158878504672897,YEL012W,non_ess,non_ess
0.011560693641618495,0.0035439536692886157,0.08108108108108109,1.5,0.05591881215093312,0.004592422502870264,0.04707233065442022,0.13371116847952325,0.69364161849711,0.32606199770378874,1.2566371681415929,YJL177W,non_ess,non_ess
0.0028901734104046237,0.0002593136831186792,0.0,0.0,0.06763383735185942,0.0009587727708533076,0.0028763183125599234,0.02691305129434324,0.04464285714285714,0.7622243528283796,3.4565217391304346,YLR100W,ess,ess
0.05202312138728323,0.008816665226035093,0.054054054054054064,0.6666666666666666,0.09910093992644056,0.011960132890365448,0.06777408637873754,0.2352261430355762,0.9075630252100841,0.15415282392026575,0.8111888111888111,YBR056W,non_ess,non_ess
0.08092485549132948,0.017719768346443083,0.054054054054054064,0.5,0.0678381691867593,0.02676864244741874,0.1959847036328872,0.7136962866056153,1.0902255639097742,0.14435946462715105,1.2689075630252098,YLR377C,non_ess,non_ess
0.05780346820809248,0.01901633676203648,0.0,1.0,0.1213731099305272,0.010917030567685587,0.12008733624454147,0.4395987050143049,0.9523809523809522,1.0,2.6901615271659325,YDR143C,non_ess,non_ess
0.005780346820809247,0.0007779410493560378,0.0,0.0,0.09460563955864323,0.001389854065323141,0.006254343293954135,0.058161859106488724,0.16350947158524426,0.5378735232800556,3.0234375,YNL261W,ess,ess
0.005780346820809247,0.0002593136831186792,0.0,0.0,0.06906416019615856,0.0018796992481203009,0.002819548872180451,0.04472815702622894,0.2574257425742575,0.9125939849624058,2.2955082742316786,YBR087W,ess,ess
0.026011560693641616,0.002420261042441006,0.0,0.0,0.04270535349407438,0.013293943870014771,0.0413589364844904,0.5929880962724824,0.5512110726643599,0.465288035450517,2.386363636363636,YDL213C,non_ess,non_ess
0.06358381502890173,0.016077448353358108,0.1891891891891892,1.4,0.054352268083367385,0.025943396226415096,0.21933962264150944,0.5592811586500133,0.884507042253521,0.17570754716981132,0.8816568047337279,YJR096W,non_ess,non_ess
0.1329479768786127,0.0237704209525456,0.21621621621621626,1.3333333333333333,0.14895790764201064,0.02056325435851587,0.12293249888243182,0.3915338720054987,0.6097269284432929,0.124273580688422,1.6646706586826348,YCL039W,non_ess,non_ess
0.07514450867052022,0.01659607571959547,0.027027027027027032,0.3333333333333333,0.08970167552104619,0.019019751280175568,0.14045354791514264,0.5871076310806459,1.251851851851852,0.246525237746891,2.119496855345912,YBR162C,non_ess,non_ess
0.15895953757225434,0.04633071138387069,0.08108108108108109,1.0,0.10666121781773599,0.03403465346534654,0.3316831683168317,0.504568752553055,0.618860510805501,0.10334158415841584,1.0774193548387097,YMR015C,non_ess,non_ess
0.031791907514450865,0.006828593655458553,0.4864864864864865,2.5714285714285716,0.051491622394769114,0.013647642679900743,0.09801488833746898,0.2366550569523753,0.2942168674698795,0.3027295285359802,1.4104046242774568,YKL007W,non_ess,non_ess
0.08092485549132948,0.025672054628749243,0.027027027027027032,0.5,0.11422149570903148,0.016213086276780544,0.17197452229299362,0.348331153002066,0.6704077815188927,0.4140127388535032,3.685567010309279,YOL122C,non_ess,non_ess
0.0028901734104046237,0.0002593136831186792,0.0,0.0,0.037188393951777685,0.0016778523489932886,0.0050335570469798654,0.05163390859699584,0.07837301587301587,0.9395973154362416,4.5528455284552845,YDR478W,ess,ess
0.0028901734104046237,0.0002593136831186792,0.054054054054054064,0.4,0.13731099305271766,0.00048402710551790896,0.001452081316553727,0.012715522880092095,0.04670459933617828,0.6650532429816071,3.0807174887892383,YHR020W,ess,ess
0.0953757225433526,0.01573169677586654,0.2432432432432433,1.5,0.08827135267674703,0.02451708766716196,0.1352154531946508,0.8120955758999185,0.6952920662598082,0.1515601783060921,1.0909090909090908,YER119C,non_ess,non_ess
0.02023121387283237,0.0029388884086783643,0.0,0.0,0.027176134041683696,0.0155902004454343,0.0757238307349666,0.5020415738678545,1.3416666666666668,0.4120267260579065,0.6468531468531469,YDR063W,non_ess,non_ess
0.017341040462427744,0.0030253263030512573,0.08108108108108109,1.5,0.04658765835717205,0.008174386920980926,0.04768392370572208,0.19808438609528525,0.6,0.3051771117166213,0.6086956521739131,YPL078C,non_ess,non_ess
0.02023121387283237,0.002333823148068113,0.0,0.0,0.048767197929437414,0.009138381201044387,0.03524804177545692,0.1524191728717403,0.3589743589743589,0.4765013054830287,2.6642335766423355,YKL002W,non_ess,non_ess
0.031791907514450865,0.007087907338577231,0.0,1.0,0.1176951369023294,0.006186726659167604,0.04611923509561305,0.13425648436281232,1.8306569343065693,0.3807649043869517,0.5517522412387939,YLR089C,non_ess,non_ess
0.06936416184971098,0.01037254732474717,0.054054054054054064,1.0,0.12341642827952595,0.01288936627282492,0.0644468313641246,0.4637814047313406,0.9329268292682926,0.257250268528464,0.9735772357723576,YMR100W,non_ess,non_ess
0.008670520231213872,0.0006915031549831446,0.027027027027027032,0.3333333333333333,0.07519411524315489,0.002599653379549393,0.006932409012131714,0.09719208307239707,0.28700711053652234,0.8188908145580589,3.735177865612648,YBR234C,ess,ess
0.06358381502890173,0.012101305212205031,0.054054054054054064,4.0,0.1836943195749898,0.008008736803785948,0.05096468875136512,0.2955707629799928,0.6285714285714286,0.14779759737895887,0.6733001658374793,YMR273C,non_ess,non_ess
0.02023121387283237,0.006655717866712767,0.21621621621621626,1.0,0.05557825909276666,0.008083140877598153,0.08891454965357967,0.2186327944572748,0.4716923076923077,0.4618937644341801,1.4285714285714286,YGL221C,non_ess,non_ess
0.008670520231213872,0.0013830063099662892,0.0,0.0,0.06620351450756028,0.0029354207436399216,0.015655577299412915,0.07786374186501616,0.13421926910299006,0.5645792563600783,3.77124183006536,YNL290W,ess,ess
0.10115606936416184,0.0236839830581727,0.0,1.0,0.20698814875357585,0.011330527678860471,0.08870184525736484,0.3672499282125567,0.9105242412297992,0.16833926837164132,1.2037037037037035,YHR082C,non_ess,non_ess
0.17341040462427745,0.050825481891261126,0.16216216216216214,6.0,0.14241928892521455,0.02802428771602055,0.2746380196170014,0.3397494623875396,0.7742930591259639,0.08547407753386269,0.953125,YHL024W,non_ess,non_ess
0.023121387283236997,0.005791338922983836,0.027027027027027032,2.0,0.03889115924261,0.012882447665056359,0.10789049919484699,0.225535291896848,0.9077238550922764,0.3494363929146538,0.7281879194630873,YDL130W,non_ess,non_ess
0.031791907514450865,0.00509983576800069,0.0,0.0,0.05108295872496935,0.01375,0.07375,0.3721034482758621,0.7532019704433496,0.32,1.5058823529411764,YFR050C,ess,non_ess
0.049132947976878616,0.010631861007865848,0.027027027027027032,1.0,0.07825909276665305,0.014178482068390326,0.10258548790658882,0.3163320624329799,0.9638392857142858,0.19182652210175147,0.5679012345679012,YGR234W,non_ess,non_ess
0.008670520231213872,0.0003457515774915723,0.1891891891891892,1.75,0.017776869636289334,0.00964630225080386,0.012861736334405145,0.4135327834475046,0.6231884057971014,0.5691318327974276,1.1493506493506491,YBR009C,non_ess,non_ess
0.05780346820809248,0.011064050479730312,0.08108108108108109,0.75,0.08847568451164692,0.014825796886582653,0.09488510007412898,0.3997226141227672,0.9093701996927804,0.2320237212750185,1.6302083333333333,YER020W,non_ess,non_ess
0.060693641618497114,0.019794277811392515,0.10810810810810813,8.0,0.08336738863914997,0.016483516483516484,0.17974882260596547,0.2878811329515555,0.6230985915492957,0.14050235478806908,1.0783132530120485,YGR202C,non_ess,non_ess
0.03757225433526011,0.007779410493560376,0.08108108108108109,0.5,0.0606865549652636,0.01381509032943677,0.09564293304994688,0.4273231786515527,1.0069444444444444,0.1647183846971307,0.7868020304568528,YMR262W,non_ess,non_ess
0.0028901734104046237,0.00017287578874578615,0.0,0.0,0.14691458929301185,0.00045310376076121433,0.0009062075215224287,0.01565267537175104,0.1043388429752066,0.9338468509288628,2.3314479638009047,YKL078W,ess,ess
0.0722543352601156,0.012533494684069495,0.0,0.0,0.2478545157335513,0.006776904310111141,0.03930604499864462,0.20982586583020307,0.8441558441558442,0.2149634047167254,1.7941176470588236,YNL257C,non_ess,non_ess
0.08092485549132948,0.04650358717261648,0.08108108108108109,1.5,0.10877264677836808,0.01700060716454159,0.32665452337583484,1.0879247604960005,1.2110365398956002,0.16697024893746204,0.9136212624584716,YDR099W,non_ess,non_ess
0.005780346820809247,0.0008643789437289308,0.0,0.0,0.035349407437678795,0.0035149384885764497,0.01757469244288225,0.0824748274087524,0.2740331491712707,0.8330404217926186,1.9346938775510203,YPL010W,ess,ess
0.011560693641618495,0.0009508168381018238,0.0,0.0,0.018798528810788726,0.012269938650306749,0.033742331288343565,0.42007498295841855,0.5617283950617283,0.6411042944785276,2.9027777777777777,YNL244C,ess,ess
0.011560693641618495,0.001210130521220503,0.054054054054054064,0.6666666666666666,0.041683694319574985,0.006042296072507553,0.02114803625377644,0.33798696136110673,0.27105263157894743,0.4697885196374622,2.853211009174312,YBL093C,non_ess,non_ess
0.0838150289017341,0.019621402022646728,0.054054054054054064,0.6666666666666666,0.1203514507560278,0.015960374243258118,0.12493120528343425,0.29978582464143866,1.1140213026017114,0.3159053384700055,0.6545039908779932,YNR039C,non_ess,non_ess
0.02023121387283237,0.003284639986169937,0.054054054054054064,0.6666666666666666,0.05230894973436862,0.008557457212713936,0.04645476772616137,0.1950924406336872,1.241780821917808,0.5660146699266504,0.8282647584973166,YGR152C,non_ess,non_ess
0.07514450867052022,0.0324142103898349,0.16216216216216214,1.5,0.06885982836125869,0.024505183788878417,0.35344015080113106,0.7021200443813456,1.5427215189873418,0.21583411875589067,0.8035087719298246,YKL051W,non_ess,non_ess
0.02023121387283237,0.014089376782781571,0.10810810810810813,0.8,0.045361667347772784,0.009776536312849162,0.2276536312849162,0.2255553496253541,0.8330700368615059,0.5544692737430168,1.4924812030075187,YBR256C,ess,non_ess
0.017341040462427744,0.0016423199930849686,0.0,1.0,0.0461789946873723,0.008241758241758242,0.0260989010989011,0.2589937994965928,1.1173184357541899,0.2898351648351649,0.43505154639175264,YGR057C,non_ess,non_ess
0.06358381502890173,0.0087302273316622,0.054054054054054064,2.0,0.09562729873314264,0.01513067400275103,0.06946354883081156,0.34885622268993444,0.7916465863453817,0.18844566712517194,0.5905172413793104,YOR216C,non_ess,non_ess
0.31213872832369943,0.14867317832137608,0.054054054054054064,4.0,0.435022476501839,0.01677800217492621,0.26720521982289885,0.4131803798762091,1.1097744360902255,0.12692247941587695,1.1010781671159031,YDL171C,non_ess,non_ess
0.06647398843930635,0.013397873627798429,0.0,0.0,0.16673477727829994,0.009207365892714172,0.06204963971176944,0.4120993764708737,0.562937062937063,0.1921537229783827,1.3753581661891117,YFL024C,ess,non_ess
0.0,0.0,0.0,0.0,0.030854107069881488,0.0,0.0,0.0,0.0,1.0,1.0,YIR022W,ess,ess
0.01445086705202312,0.002160947359322327,0.0,0.0,0.11279117286473235,0.0029308323563892145,0.014654161781946071,0.08496887253911145,0.2801724137931034,0.8347010550996483,2.3382594417077183,YJL008C,ess,ess
0.005780346820809247,0.0010372547324747168,0.0,0.0,0.07172047404985697,0.001813236627379873,0.010879419764279237,0.036418038268279725,0.10405920610002244,0.9283771532184948,4.24896265560166,YOL010W,ess,ess
0.1936416184971098,0.10337972166998012,0.2702702702702703,3.333333333333333,0.05496526358806703,0.07817969661610269,1.395565927654609,1.4465248481584538,0.7664694280078896,1.0,1.0,YMR069W,non_ess,non_ess
0.017341040462427744,0.0007779410493560378,0.0,0.0,0.09337964854924398,0.00422237860661506,0.0063335679099225895,0.1132711705371804,0.4131944444444444,0.4152005629838142,1.586021505376344,YLR212C,ess,ess
0.0722543352601156,0.014780879937764715,0.027027027027027032,1.0,0.08827135267674703,0.018573551263001486,0.12704309063893016,0.4233608841010401,0.8420138888888887,0.13595839524517087,1.173076923076923,YLR300W,non_ess,non_ess
0.023121387283236997,0.010286109430374276,0.0,0.0,0.13608500204331836,0.00390625,0.05810546875,0.14715998427672955,0.2481023639123834,0.4423828125,3.790794979079498,YJL034W,ess,ess
0.10115606936416184,0.022128100959460627,0.054054054054054064,0.4,0.13731099305271766,0.016940948693126814,0.12391093901258472,0.3371900364881972,0.8502024291497975,0.1287512100677638,1.6319018404907977,YPL222W,non_ess,non_ess
0.07803468208092486,0.010891174690984528,0.054054054054054064,2.0,0.08295872496935024,0.02129337539432177,0.09936908517350156,0.7811626858945471,1.002857142857143,0.1774447949526814,0.8620689655172414,YLR130C,non_ess,non_ess
0.005780346820809247,0.0002593136831186792,0.0,0.0,0.02697180220678382,0.004484304932735426,0.006726457399103139,0.1713576948764431,0.8014184397163121,0.8071748878923767,2.068965517241379,YBR173C,non_ess,ess
0.01445086705202312,0.002506698936813899,0.0,0.0,0.08765835717204741,0.0037397157816005983,0.02169035153328347,0.0972033937920718,0.2105034722222222,0.32161555721765145,1.0411622276029056,YBR279W,non_ess,non_ess
0.0028901734104046237,0.00112369262684761,0.0,0.0,0.07376379239885575,0.0008826125330979699,0.011473962930273607,0.02301096961291136,0.07348901098901099,0.6910856134157105,2.372727272727273,YLR105C,ess,ess
0.023121387283236997,0.006482842077966981,0.054054054054054064,4.0,0.06354720065386188,0.008138351983723296,0.0762970498474059,0.3325626560621474,1.0707070707070707,0.3387589013224822,1.1174496644295302,YHR104W,non_ess,non_ess
0.0,0.0,0.0,0.0,0.07376379239885575,0.0,0.0,0.0,0.0,1.0,1.8883333333333328,YBR192W,ess,ess
0.10404624277456646,0.03267352407295358,0.054054054054054064,4.0,0.06845116469145894,0.034123222748815164,0.3582938388625592,0.8075829383886256,1.0542210020590257,0.1848341232227488,1.6666666666666667,YNL231C,non_ess,non_ess
0.04335260115606936,0.008557351542916414,0.1891891891891892,0.5384615384615384,0.13179403351042093,0.007556675062972292,0.04987405541561713,0.1238087200394713,0.4553264604810997,0.2508816120906801,2.4776119402985075,YOR275C,non_ess,non_ess
0.017341040462427744,0.005532025239865157,0.10810810810810813,4.0,0.05578259092766653,0.006904487917146146,0.07364787111622555,0.2766022404358752,1.2979591836734694,0.4718066743383199,1.3758389261744968,YOL080C,non_ess,non_ess
0.017341040462427744,0.0017287578874578616,0.027027027027027032,0.3333333333333333,0.11176951369023294,0.0035481963335304554,0.011827321111768185,0.06400559611769335,0.3735408560311284,0.4299231224127735,1.84517766497462,YCR054C,ess,ess
0.049132947976878616,0.006655717866712767,0.027027027027027032,2.0,0.115038823048631,0.0097757331799885,0.04427832087406555,0.25936005277915225,0.5930232558139535,0.12593444508338125,0.7711267605633803,YKL124W,non_ess,non_ess
0.03757225433526011,0.012014867317832138,0.027027027027027032,1.0,0.07846342460155292,0.010815307820299502,0.11564059900166387,0.5291695970633138,2.0773195876288657,0.26622296173044924,0.837696335078534,YHR075C,non_ess,non_ess
0.023121387283236997,0.00509983576800069,0.0,0.0,0.03821005312627708,0.01309328968903437,0.09656301145662848,0.25023817084788824,1.6940298507462688,0.39770867430441903,0.6657534246575342,YJR118C,non_ess,non_ess
0.05202312138728323,0.012274181000950816,0.0,1.0,0.1409889660809154,0.008490566037735849,0.0669811320754717,0.368500734380296,0.7826086956521741,0.21839622641509435,1.2152230971128608,YNL021W,non_ess,non_ess
0.031791907514450865,0.004840522084882012,0.0,1.0,0.24683285655905196,0.0029940119760479052,0.01524224278715297,0.07033369159117663,0.25282975282975284,0.43549265106151336,2.3564064801178204,YOR151C,ess,ess
0.24277456647398846,0.04442907770766704,0.0,1.0,0.6391499795668166,0.008903964384142463,0.05448378206487173,0.2677310790756837,0.7549999999999999,0.07865168539325842,0.8648018648018648,YLL040C,non_ess,non_ess
0.04335260115606936,0.006482842077966981,0.13513513513513514,1.25,0.07887208827135267,0.012417218543046357,0.062086092715231786,0.22819806730639275,0.4559948979591836,0.22350993377483444,1.2,YER154W,non_ess,non_ess
0.011560693641618495,0.0015558820987120756,0.0,1.0,0.05803024111156519,0.004434589800443459,0.01995565410199556,0.1793467305855236,0.8274044795783927,0.8226164079822617,1.1503875968992248,YPR139C,non_ess,non_ess
0.023121387283236997,0.0015558820987120756,0.027027027027027032,0.25,0.06313853698406212,0.008188331627430911,0.01842374616171955,0.2061532903847312,0.8067226890756304,0.3735926305015353,0.8924205378973105,YJR070C,non_ess,non_ess
0.060693641618497114,0.008298037859797734,0.027027027027027032,0.5,0.1610134859011034,0.008699254349627173,0.039768019884009936,0.1917153469169955,0.5461718293395674,0.1271748135874068,0.7139534883720929,YGL083W,non_ess,non_ess
0.0722543352601156,0.02204166306508773,0.054054054054054064,2.0,0.2178177360032693,0.0076970443349753705,0.07850985221674876,0.2180829228243021,0.8068783068783068,0.2312192118226601,0.8270925110132158,YKL020C,non_ess,non_ess
0.0028901734104046237,0.0004321894718644654,0.0,0.0,0.0253371475275848,0.0023696682464454982,0.011848341232227487,0.2105055292259084,0.35416666666666674,0.9715639810426541,1.3945578231292517,YLR275W,ess,ess
0.0028901734104046237,0.0003457515774915723,0.0,0.0,0.03780138945647732,0.001652892561983471,0.006611570247933884,0.03100052751890276,0.08904649330181245,0.8760330578512396,3.8686131386861313,YJR112W,ess,ess
0.04335260115606936,0.00786584838793327,0.08108108108108109,3.0,0.08275439313445035,0.011857707509881422,0.07193675889328062,0.4637082285303629,0.6118881118881118,0.3201581027667984,2.4397590361445785,YBL091C,non_ess,non_ess
0.13005780346820808,0.020658656755121445,0.13513513513513514,1.6666666666666667,0.2458111973845525,0.012298442197321673,0.06531839300355287,0.3853311913824249,1.1957637997432606,0.11369226564635145,0.8507157464212679,YMR109W,non_ess,non_ess
0.008670520231213872,0.0009508168381018238,0.0,0.0,0.09542296689824276,0.0020675396278428677,0.007580978635423845,0.04821078301436674,0.18009049773755653,0.4079944865609924,2.2089552238805967,YLR175W,ess,ess
0.008670520231213872,0.0010372547324747168,0.0,0.0,0.09521863506334287,0.002071823204419889,0.008287292817679558,0.04983352237386118,0.14257888585897935,0.8501381215469613,5.352173913043479,YHR024C,ess,ess
0.15606936416184972,0.0987985132682168,0.1891891891891892,0.875,0.022680833673886392,0.1409921671018277,2.9843342036553526,4.235639686684074,0.9223602484472052,0.1174934725848564,1.4516129032258065,YKL086W,non_ess,non_ess
0.03468208092485549,0.007433658916068805,0.054054054054054064,0.5,0.058643236616264825,0.013172338090010977,0.09440175631174534,0.4332949586356456,1.095684803001876,1.0,4.1981566820276495,YBR231C,non_ess,non_ess
0.05202312138728323,0.013138559944679749,0.0,0.0,0.15284021250510832,0.007846556233653008,0.06625980819529206,0.238234803094103,0.9407955596669748,0.5231037489102005,3.9087947882736165,YJL090C,ess,ess
0.11271676300578035,0.05592531765926182,0.054054054054054064,1.0,0.09971393543114017,0.025759577278731842,0.4273447820343461,0.4833278030639779,0.9010663507109004,0.12549537648612946,1.2925170068027212,YMR065W,non_ess,non_ess
0.06647398843930635,0.011409802057221884,0.2432432432432433,1.2857142857142858,0.1781773600326931,0.0086271567891973,0.049512378094523635,0.4053597858924191,0.8965696465696468,0.1399099774943736,0.8179824561403508,YPR089W,non_ess,non_ess
0.05780346820809248,0.00898954101478088,0.13513513513513514,1.25,0.06742950551695955,0.019230769230769232,0.1,0.4847319347319348,1.3636363636363638,0.17115384615384616,0.6592592592592592,YOR007C,non_ess,non_ess
0.008670520231213872,0.002420261042441006,0.0,1.0,0.1248467511238251,0.0015932023366967605,0.01486988847583643,0.041740656532129584,0.10302734374999996,0.9543281996813596,5.686708860759492,YKL125W,ess,ess
0.2803468208092485,0.0961189385426571,0.13513513513513514,1.0,0.1385369840621169,0.04654510556621881,0.5335892514395394,1.8053859128715173,1.157386363636364,0.09692898272552784,1.1160220994475138,YMR246W,non_ess,non_ess
0.023121387283236997,0.007260783127323019,0.0,0.0,0.19248058847568453,0.0027816411682892906,0.02920723226703755,0.061237622734726924,0.18216609261385386,0.35570236439499303,2.1180124223602483,YOR335C,ess,ess
0.049132947976878616,0.012187743106577923,0.10810810810810813,1.0,0.06722517368205967,0.016393442622950817,0.1359691417550627,0.4480874316939891,1.409009009009009,0.2806171648987464,1.102272727272727,YKR087C,non_ess,non_ess
0.017341040462427744,0.0025931368311867924,0.0,1.0,0.046996322026971814,0.008108108108108109,0.040540540540540536,0.2455071955071955,0.40259740259740256,0.3675675675675676,1.9154929577464788,YOL032W,non_ess,non_ess
0.026011560693641616,0.009075978909153772,0.0,0.0,0.18348998774008995,0.0032798833819241984,0.03826530612244898,0.1657512494793836,0.5714285714285715,0.42893586005830897,1.6600846262341324,YOR113W,non_ess,non_ess
0.049132947976878616,0.007433658916068805,0.08108108108108109,0.6,0.04270535349407438,0.025110782865583457,0.12703101920236334,0.6616399299233967,0.7906976744186047,0.16395864106351551,0.9327731092436976,YDR304C,non_ess,non_ess
0.02890173410404624,0.005272711556746477,0.13513513513513514,0.8333333333333334,0.08071107478545159,0.008097165991902834,0.04939271255060729,0.281532232949237,0.6410256410256411,0.29959514170040485,1.0662824207492796,YPR118W,non_ess,non_ess
0.008670520231213872,0.0008643789437289308,0.0,0.0,0.07580711074785453,0.002579535683576957,0.008598452278589856,0.06223434986749704,0.10195010037281332,0.7901977644024075,2.1077981651376145,YEL046C,non_ess,non_ess
0.06358381502890173,0.0076929725991874845,0.0,1.0,0.09828361258684104,0.014735432016075016,0.05961152042866711,0.2243164491619063,0.5544170589864303,0.28600133958472873,0.953125,YOR351C,non_ess,non_ess
0.0028901734104046237,8.643789437289306e-05,0.0,0.0,0.06375153248876175,0.0010141987829614604,0.0010141987829614604,0.02162803521140629,0.12274618585298196,0.9574036511156186,2.0747252747252745,YAL003W,ess,ess
0.031791907514450865,0.0049269599792549044,0.027027027027027032,0.3333333333333333,0.1313853698406212,0.0055583628094997475,0.028802425467407782,0.1121093515814356,0.3469868173258004,0.3744315310763012,1.5665961945031714,YER173W,non_ess,non_ess
0.031791907514450865,0.005964214711729622,0.0,1.0,0.05680425010216592,0.012443438914027148,0.07805429864253394,0.1891060234962016,1.2110091743119265,0.9751131221719456,1.0,YHL034C,non_ess,non_ess
0.005780346820809247,0.0015558820987120756,0.0,0.0,0.08357172047404986,0.0015661707126076742,0.014095536413469069,0.0442443226311668,0.17224880382775118,0.9130775254502741,2.480851063829787,YNL207W,ess,ess
0.017341040462427744,0.001901633676203648,0.0,0.0,0.17225173682059666,0.0023264831329972853,0.008530438154323382,0.11714665068678252,0.2529644268774704,0.3947266382318728,2.0118577075098814,YDR416W,ess,ess
0.05491329479768786,0.009681044169764024,0.2702702702702703,1.6666666666666667,0.0723334695545566,0.0170863309352518,0.10071942446043164,0.3395360634569268,1.043956043956044,0.24550359712230216,0.892156862745098,YMR139W,non_ess,non_ess
0.023121387283236997,0.00449477050739044,0.4594594594594595,1.7,0.011033919084593379,0.03773584905660377,0.2452830188679245,0.6445981333512388,3.3594306049822067,0.3160377358490566,0.5982142857142857,YML009C,non_ess,non_ess
0.0838150289017341,0.02039934307200276,0.0,0.0,0.07131181038005723,0.02643573381950775,0.2151321786690976,0.5065613667407856,1.2743072634858172,0.15952597994530535,0.7,YKR042W,non_ess,non_ess
0.04046242774566474,0.005791338922983836,0.32432432432432434,2.4,0.09705762157744176,0.009491525423728813,0.04542372881355932,0.16982255112596484,1.0187793427230047,0.2128813559322034,0.6555323590814196,YOL062C,non_ess,non_ess
0.02890173410404624,0.003111764197424151,0.10810810810810813,1.0,0.06640784634246016,0.00975609756097561,0.0351219512195122,0.3096806638169474,1.1059044048734767,0.2360975609756097,0.6080402010050251,YGL153W,non_ess,non_ess
0.026011560693641616,0.0036303915636615096,0.0,0.0,0.08724969350224766,0.0067618332081142,0.03155522163786627,0.20865085327895244,0.3694246929541047,0.35687453042824946,1.7723880597014927,YMR208W,ess,ess
0.08670520231213873,0.02204166306508773,0.0,1.0,0.13322435635472007,0.014955134596211362,0.1271186440677966,0.4046335569562499,1.3559322033898311,0.12761714855433698,0.4942084942084942,YBL051C,non_ess,non_ess
0.05780346820809248,0.009681044169764024,0.08108108108108109,1.5,0.0406620351450756,0.030911901081916538,0.1731066460587326,0.7482040963129295,0.9748427672955974,0.13601236476043274,0.3963963963963964,YIL010W,non_ess,non_ess
0.02890173410404624,0.004149018929898867,0.10810810810810813,0.5,0.08091540662035146,0.008077544426494346,0.03877221324717287,0.2672543838063957,1.08719646799117,0.388529886914378,1.0548245614035088,YDR465C,non_ess,non_ess
0.10982658959537572,0.02670930936122396,0.08108108108108109,1.0,0.2080098079280752,0.012242268041237113,0.09954896907216494,0.2635526468203405,0.9013732833957552,0.2297036082474227,1.7959697732997482,YMR189W,non_ess,non_ess
0.0953757225433526,0.01918921255078226,0.21621621621621626,1.1428571428571428,0.10093992644053944,0.02154046997389034,0.14490861618798956,0.8132119186296732,0.8511904761904763,1.0,1.974226804123712,YFL021W,non_ess,non_ess
0.01445086705202312,0.002333823148068113,0.0,0.0,0.11013485901103393,0.002999400119976005,0.016196760647870425,0.08088523140442334,0.3655264922870557,0.3353329334133173,1.9143835616438358,YNL182C,ess,ess
0.05780346820809248,0.017114703085832832,0.0,0.0,0.09276665304454433,0.0141643059490085,0.14022662889518414,0.4685403309974653,1.259029927760578,0.2252124645892352,0.4562410329985653,YMR027W,non_ess,non_ess
0.05491329479768786,0.011064050479730312,0.10810810810810813,1.3333333333333333,0.08336738863914997,0.014913657770800628,0.10047095761381476,0.3088130962444149,1.0374313186813189,0.2802197802197802,1.0625,YGR263C,non_ess,non_ess
0.0028901734104046237,0.0003457515774915723,0.0,0.0,0.08071107478545159,0.0008097165991902834,0.0032388663967611326,0.020716522801924986,0.2012578616352201,0.8777327935222672,2.10077519379845,YDR331W,ess,ess
0.08959537572254335,0.029648197769902324,0.1891891891891892,1.75,0.2073968124233756,0.010016155088852988,0.11082390953150242,0.1708621763341486,0.4906890130353818,0.1651050080775444,1.1747126436781608,YGR258C,non_ess,non_ess
0.011560693641618495,0.0016423199930849686,0.027027027027027032,0.25,0.05264950279253508,0.004860267314702308,0.02308626974483597,0.08699088205948888,0.21571815718157186,0.6452004860267315,3.0872093023255816,YLR078C,ess,ess
0.05780346820809248,0.016163886247731005,0.0,0.0,0.16612178177360035,0.008035355564483728,0.07513057452792286,0.2006813171230726,1.2044817927170868,0.1940538368822821,0.7678855325914149,YJL089W,non_ess,non_ess
0.008670520231213872,0.0014694442043391822,0.054054054054054064,0.5,0.04120692003814195,0.004580152671755725,0.025954198473282442,0.10495781438328647,0.4605263157894737,0.4015267175572519,1.413978494623656,YDR500C,non_ess,non_ess
0.04624277456647399,0.006915031549831446,0.08108108108108109,0.75,0.15774417654270534,0.006762468300929839,0.0338123415046492,0.11252253191136223,0.3723670643688319,0.17159763313609466,1.2083333333333333,YGR200C,non_ess,non_ess
0.04046242774566474,0.003976143141153081,0.0,0.0,0.2306906416019616,0.004073319755600814,0.01338376491125982,0.13319952379546818,0.3953920475659606,0.2903695082921152,1.5213414634146345,YER013W,ess,ess
0.008670520231213872,0.0007779410493560378,0.0,1.0,0.08786268900694727,0.002238805970149254,0.006716417910447761,0.05173208033904552,0.6635802469135803,0.942537313432836,2.0570032573289905,YDL084W,ess,ess
0.02023121387283237,0.0044083326130175465,0.08108108108108109,1.0,0.045361667347772784,0.009776536312849162,0.0712290502793296,0.19106585140544585,0.4891732283464567,0.32122905027932963,0.9704641350210972,YNL099C,non_ess,non_ess
0.049132947976878616,0.007260783127323019,0.027027027027027032,0.3333333333333333,0.10053126277073968,0.011140235910878113,0.05504587155963303,0.27943813508667065,0.6128097843579015,0.17562254259501967,1.4806629834254146,YOR231W,non_ess,non_ess
0.04046242774566474,0.019621402022646728,0.08108108108108109,1.0,0.16857376379239886,0.0055445544554455425,0.0899009900990099,0.12766394631094907,0.8825662482566248,0.3413861386138614,0.8288461538461539,YDR505C,non_ess,non_ess
0.017341040462427744,0.0036303915636615096,0.0,0.0,0.11156518185533308,0.0035545023696682467,0.024881516587677725,0.10230031210264708,0.4345215759849906,0.4431279620853081,2.6153846153846154,YPL128C,ess,ess
0.04624277456647399,0.011928429423459244,0.13513513513513514,0.5555555555555556,0.05108295872496935,0.02,0.1725,0.5835087719298245,0.6343859649122806,0.27875,1.4671052631578947,YLL041C,non_ess,non_ess
0.02890173410404624,0.007087907338577231,0.08108108108108109,0.2727272727272727,0.15263588067020842,0.004364906154517678,0.03579223046704496,0.11114596973665067,0.34143518518518523,0.4063727629855958,3.221453287197232,YOR361C,ess,ess
0.10115606936416184,0.021004408332613016,0.13513513513513514,1.0,0.13976297507151614,0.01665080875356803,0.11560418648905806,0.26649260899849314,1.1067193675889329,0.14652711703139867,0.9655172413793104,YJR005W,non_ess,non_ess
0.05202312138728323,0.012014867317832138,0.027027027027027032,0.3333333333333333,0.05823457294646505,0.019889502762430938,0.15359116022099448,0.8115260049533244,1.0438871473354232,0.18121546961325968,1.0314465408805031,YFL044C,non_ess,non_ess
0.011560693641618495,0.0010372547324747168,0.027027027027027032,0.2,0.03698406211687781,0.006745362563237775,0.020236087689713318,0.20164833859819967,1.5211267605633807,0.5902192242833052,1.2773722627737223,YKR065C,non_ess,non_ess
0.03757225433526011,0.015040193620883397,0.08108108108108109,3.0,0.09480997139354312,0.009015256588072122,0.12066574202496533,0.2768241417275548,0.5146391752577321,0.21081830790568654,1.7988165680473371,YEL064C,non_ess,non_ess
0.08959537572254335,0.016163886247731005,0.027027027027027032,0.5,0.10359624029423783,0.019732654360280075,0.11903246339910885,0.4270480637449538,0.8208469055374593,0.12030553787396565,0.9545454545454546,YKL039W,non_ess,non_ess
0.06936416184971098,0.012187743106577923,0.054054054054054064,2.0,0.07458111973845526,0.02096069868995633,0.12314410480349346,0.5162796392278497,0.9766355140186916,0.2104803493449781,0.964,YPR079W,non_ess,non_ess
0.3265895953757225,0.1682945803440228,0.054054054054054064,0.2857142857142857,0.11646914589293013,0.06420454545454546,1.10625,1.6382254145225843,1.2395787626151822,1.0,13.75,YGR068C,non_ess,non_ess
0.04335260115606936,0.009162416803526663,0.40540540540540543,3.0,0.052513281569268495,0.018270401948842874,0.12911084043848964,0.4884769841174129,0.7008858780614905,0.2009744214372716,0.7466063348416291,YGL050W,non_ess,non_ess
0.02023121387283237,0.0047540841905091185,0.0,1.0,0.11013485901103393,0.004199160167966407,0.032993401319736056,0.12812321256678896,0.2394901610017889,0.8038392321535693,2.8210526315789486,YPL042C,non_ess,non_ess
0.049132947976878616,0.00509983576800069,0.054054054054054064,1.0,0.03902738046587659,0.027287319422150885,0.09470304975922954,1.2983019346118103,1.6616541353383458,0.1508828250401284,0.6811594202898551,YFL046W,non_ess,non_ess
0.06358381502890173,0.016077448353358108,0.027027027027027032,0.3333333333333333,0.23477727829995915,0.0062911066628538745,0.05318844724049185,0.17222247890581194,0.5067685589519649,0.1389762653703174,0.1389762653703174,YBR023C,non_ess,non_ess
0.03757225433526011,0.0029388884086783643,0.13513513513513514,1.25,0.1264814058030241,0.00681699003670687,0.01782905086523335,0.19134406385474168,0.3931297709923664,0.3875196643943367,2.4715719063545154,YGL023C,non_ess,non_ess
0.03757225433526011,0.01037254732474717,0.0,1.0,0.20392317123007767,0.0042706964520367935,0.039421813403416564,0.114303934451573,0.42018995098039214,0.1954664914586071,1.0456942003514935,YDR028C,non_ess,non_ess
0.049132947976878616,0.013570749416544212,0.0,0.0,0.14221495709031468,0.007951356407857811,0.0734331150608045,0.32590432155773896,0.6548377312708524,0.29466791393826003,1.3665943600867678,YLR006C,non_ess,non_ess
0.0028901734104046237,0.0009508168381018238,0.027027027027027032,0.3333333333333333,0.025745811197384557,0.002336448598130841,0.02570093457943925,0.0624582777036048,0.3829365079365079,1.0,1.0,YNL113W,ess,ess
0.02023121387283237,0.001901633676203648,0.027027027027027032,2.0,0.07376379239885575,0.00617828773168579,0.019417475728155338,0.20347160929685204,0.6825000000000001,0.235657546337158,1.1973094170403589,YIL110W,non_ess,non_ess
0.060693641618497114,0.0087302273316622,0.054054054054054064,0.6666666666666666,0.08009807928075195,0.017128874388254486,0.08238172920065252,0.4754825496243197,0.843065693430657,0.17781402936378465,1.3212121212121208,YJL059W,non_ess,non_ess
0.008670520231213872,0.001210130521220503,0.054054054054054064,0.4,0.05353494074376789,0.003588516746411484,0.01674641148325359,0.1378184404500194,0.6405405405405405,0.42105263157894735,1.1174603174603177,YGL019W,non_ess,non_ess
0.04624277456647399,0.011150488374103209,0.16216216216216214,0.75,0.0968532897425419,0.010869565217391304,0.08763586956521739,0.27990701181201305,0.6852338413032054,0.2669836956521739,1.693965517241379,YBR263W,non_ess,non_ess
0.06647398843930635,0.010199671536001384,0.21621621621621626,4.0,0.10543522680833677,0.014392991239048813,0.07384230287859825,0.491131963082195,1.0331550802139036,0.2891113892365457,1.4807692307692306,YMR110C,non_ess,non_ess
0.049132947976878616,0.012706370472815282,0.08108108108108109,1.5,0.11074785451573356,0.010143198090692123,0.08770883054892603,0.5454842047097829,0.5765441455096628,0.2058472553699284,1.4256198347107438,YFL055W,non_ess,non_ess
0.005780346820809247,0.0002593136831186792,0.0,0.0,0.0670208418471598,0.0019342359767891683,0.0029013539651837525,0.06663814908495759,0.20192307692307693,0.8239845261121856,1.6904761904761905,YKR081C,ess,ess
0.04046242774566474,0.006828593655458553,0.0,0.0,0.0651818553330609,0.013902681231380335,0.07845084409136048,0.8524538755030575,2.732456140350877,0.1807348560079444,0.7679324894514769,YPL215W,non_ess,non_ess
0.011560693641618495,0.0009508168381018238,0.027027027027027032,0.5,0.03698406211687781,0.006745362563237775,0.018549747048903883,0.16863406408094433,0.4130434782608695,0.6509274873524452,1.233226837060703,YMR295C,non_ess,non_ess
0.10115606936416184,0.029648197769902324,0.10810810810810813,4.0,0.11197384552513284,0.02066115702479339,0.2024793388429752,0.4060901219992129,0.9363799283154122,0.10330578512396696,1.0,YCR065W,non_ess,non_ess
0.07803468208092486,0.016077448353358108,0.08108108108108109,1.0,0.1475275847977115,0.012184115523465705,0.08393501805054153,0.5353099066997984,0.8819362455726091,0.16967509025270758,1.2327868852459014,YPR185W,non_ess,non_ess
0.05202312138728323,0.009248854697899558,0.21621621621621626,2.0,0.1121781773600327,0.01060695344725987,0.06305244549204478,0.30123091012914793,0.8602941176470588,0.20565704183853856,0.8512195121951219,YJR052W,non_ess,non_ess
0.0722543352601156,0.01901633676203648,0.4324324324324325,1.4545454545454546,0.07008581937065796,0.02316960148285449,0.20389249304911955,0.6582754289316579,0.9435003310527476,0.13067655236329934,0.8294117647058824,YML021C,non_ess,non_ess
0.060693641618497114,0.019534964128273838,0.16216216216216214,2.0,0.07396812423375562,0.018485915492957743,0.19894366197183105,0.5913715465872156,1.0096153846153846,0.1382042253521127,0.9289940828402368,YHR112C,non_ess,non_ess
0.005780346820809247,0.0027660126199325783,0.08108108108108109,0.6,0.0551695954229669,0.002325581395348837,0.0372093023255814,0.05489897064430042,0.2308743169398907,0.8069767441860465,3.3526570048309177,YER023W,ess,ess
0.0722543352601156,0.015472383092747859,0.10810810810810813,0.6666666666666666,0.1223947691050266,0.013535462912831621,0.0969139144558744,0.3262160305378243,0.6893382352941176,0.2317271250676773,1.0,YEL062W,non_ess,non_ess
0.05491329479768786,0.0067421557610856594,0.027027027027027032,1.0,0.18022067838169187,0.00704747774480712,0.028931750741839762,0.1468863986123983,0.4222876171300241,0.20771513353115728,1.6867469879518069,YGL163C,non_ess,non_ess
0.07803468208092486,0.01832483360705333,0.35135135135135137,3.25,0.08520637515324889,0.0207532667179093,0.16295157571099156,0.4237662381063778,1.03269042170644,0.1398923904688701,0.6319444444444444,YOL124C,non_ess,non_ess
0.1329479768786127,0.06163021868787276,0.027027027027027032,2.0,0.0659991826726604,0.045142296368989206,0.6997055937193327,0.8652273470722932,0.7407407407407408,0.06869479882237488,0.7692307692307692,YJR129C,non_ess,non_ess
0.008670520231213872,0.00112369262684761,0.08108108108108109,1.0,0.08030241111565183,0.0024410089503661514,0.010577705451586657,0.06992134526715486,0.19166666666666665,0.4271765663140765,1.3925729442970822,YJL046W,non_ess,non_ess
0.0722543352601156,0.10873887112109948,0.027027027027027032,0.3333333333333333,0.16489579076420108,0.010117361392148928,0.5091056252529339,0.35828106029947393,0.8409926470588236,0.5920679886685553,2.5848056537102475,YHR172W,ess,non_ess
0.11271676300578035,0.02627711988935949,0.0,0.0,0.2159787494891704,0.012108040981061784,0.0943806271344303,0.5444873686535205,0.7106209542076241,0.2331574045327538,1.8361858190709048,YPR097W,non_ess,non_ess
0.0028901734104046237,0.0010372547324747168,0.0,0.0,0.09215365753984472,0.0007127583749109052,0.008553100498930863,0.021000653974179044,0.057004244996967865,0.9636493228795441,2.6614173228346463,YPL083C,ess,ess
0.031791907514450865,0.00959460627539113,0.027027027027027032,1.0,0.3058847568451165,0.002422373926447919,0.024443955075974456,0.059342962970664034,0.3152429738335871,0.5126624091609777,4.255941499085924,YBL034C,ess,ess
0.0953757225433526,0.02895669461491918,0.0,1.0,0.16407846342460156,0.013420089467263115,0.1362342415616104,0.3379191248320802,0.7524016907903162,0.1610410736071574,1.3655172413793104,YJL187C,non_ess,non_ess
0.07514450867052022,0.028783818826173393,0.0,0.0,0.09297098487944422,0.018374558303886925,0.2353356890459364,0.5558767890923368,1.782106782106782,0.16113074204946998,0.7102803738317757,YMR223W,non_ess,non_ess
0.02023121387283237,0.0033710778805428297,0.027027027027027032,0.5,0.07805476093175318,0.005852842809364548,0.03260869565217391,0.06888075366336235,0.4507841174507841,0.3712374581939799,1.48,YHL022C,non_ess,non_ess
0.20809248554913293,0.04218169245397182,0.0,1.0,0.2738046587658357,0.01769041769041769,0.1199017199017199,0.5230355569978211,1.474106784423926,0.055773955773955775,0.3139695712309821,YAL017W,non_ess,non_ess
0.0028901734104046237,0.0010372547324747168,0.027027027027027032,0.2,0.03466830132134587,0.0017889087656529515,0.02146690518783542,0.03586762075134168,0.07430555555555554,0.627906976744186,1.398406374501992,YIL004C,ess,ess
0.008670520231213872,0.0008643789437289308,0.0,0.0,0.0651818553330609,0.0029791459781529296,0.009930486593843098,0.13271803259536188,0.4926470588235294,0.4508440913604767,1.3392330383480826,YPR110C,ess,ess
0.08092485549132948,0.04036649667214107,0.0,0.0,0.07124369976842393,0.025547445255474453,0.4260948905109489,0.6672287943619432,1.267241379310345,0.14416058394160586,0.8020304568527918,YER179W,non_ess,non_ess
0.005780346820809247,0.0004321894718644654,0.0,0.0,0.042092357989374746,0.0029940119760479052,0.00748502994011976,0.0878726418131479,0.15933528836754646,0.8547904191616766,2.6807511737089205,YOL135C,ess,ess
0.026011560693641616,0.003284639986169937,0.08108108108108109,6.0,0.0606865549652636,0.009564293304994687,0.04038257173219978,0.2276615389975785,1.0180327868852461,0.21891604675876727,0.4161616161616162,YOR006C,non_ess,non_ess
0.02890173410404624,0.010286109430374276,0.08108108108108109,0.75,0.1275030649775235,0.005202913631633715,0.06191467221644121,0.1109216906148294,0.20301418439716312,0.5868886576482829,3.7979797979797976,YJL127C,non_ess,non_ess
0.011560693641618495,0.0016423199930849686,0.0,0.0,0.20228851655087865,0.001324503311258278,0.006291390728476821,0.03471032278979299,0.22750582750582754,0.5152317880794702,2.7155322862129148,YOR048C,ess,ess
0.1329479768786127,0.04218169245397182,0.054054054054054064,4.0,0.19963220269718024,0.015431063401543106,0.16370345521637036,0.2654949005392361,0.5606965174129354,0.10499832271049983,1.0503355704697988,YIR002C,non_ess,non_ess
0.005780346820809247,0.0006915031549831446,0.08108108108108109,0.75,0.09521863506334287,0.0013812154696132596,0.0055248618784530384,0.04981123388581952,0.05741935483870968,0.7479281767955801,6.084269662921348,YGL097W,ess,ess
0.026011560693641616,0.002420261042441006,0.0,1.0,0.2950551695954229,0.002053856686444546,0.006389776357827476,0.07743800395557585,0.3656565656565656,0.4810588772250114,2.403648802736602,YOR116C,ess,ess
0.09248554913294796,0.025499178840003456,0.2972972972972973,3.6666666666666665,0.15999182672660406,0.013338891204668612,0.12296790329303875,0.2955244957507805,0.7202332361516036,0.16465193830762814,1.945812807881773,YCL030C,non_ess,non_ess
0.07514450867052022,0.015472383092747859,0.2432432432432433,1.2857142857142858,0.13710666121781775,0.012603005332040715,0.08676684440135725,0.2940977625838712,0.7355263157894736,0.2394571013087736,1.5833333333333333,YBL060W,non_ess,non_ess
0.05202312138728323,0.020312905177629872,0.13513513513513514,1.25,0.1158561503882305,0.010279840091376356,0.1342090234151913,0.1967223069638326,0.8632911392405064,0.3637921187892633,1.2539370078740155,YJL162C,non_ess,non_ess
0.023121387283236997,0.003198202091797044,0.0,0.0,0.10359624029423783,0.005092297899427115,0.023551877784850413,0.12694184661084726,1.362051282051282,0.7237428389560789,1.0106666666666668,YER021W,ess,ess
0.05491329479768786,0.012706370472815282,0.054054054054054064,2.0,0.1448712709440131,0.008727606798346348,0.06752411575562701,0.22026634073888207,1.0044052863436124,0.2131373449701424,2.0,YJR106W,non_ess,non_ess
0.03757225433526011,0.012101305212205031,0.13513513513513514,1.25,0.03821005312627708,0.02127659574468085,0.22913256955810146,0.550644869793806,0.9947349947349946,0.2111292962356792,0.5308641975308642,YER128W,non_ess,non_ess
0.0838150289017341,0.014262252571527356,0.0,0.0,0.2374335921536576,0.008201357466063349,0.04666289592760181,0.20900125997866312,0.7102642276422764,0.11312217194570134,0.6015037593984962,YGR233C,non_ess,non_ess
0.049132947976878616,0.007174345232950125,0.0,1.0,0.12607274213322436,0.008942661756970016,0.0436612309310889,0.22601512988151606,0.7003023431594861,0.22987901104681746,1.3282674772036474,YBR021W,non_ess,non_ess
0.0722543352601156,0.021523035698850376,0.2972972972972973,2.75,0.13322435635472007,0.012462612163509471,0.12412761714855433,0.3233805078271679,1.1806375442739079,0.2971086739780658,1.9163987138263665,YML088W,non_ess,non_ess
0.03468208092485549,0.0044083326130175465,0.0,1.0,0.0670208418471598,0.01160541586073501,0.04932301740812379,0.22067508853290788,0.9099901088031652,0.2611218568665377,0.9963099630996308,YPR004C,non_ess,non_ess
0.19942196531791906,0.07753479125248508,0.0,0.0,0.2357989374744585,0.019646924829157177,0.2554100227790433,0.5069066337018724,1.014430894308943,0.13411161731207288,0.7733990147783251,YKL038W,non_ess,non_ess
0.07803468208092486,0.016163886247731005,0.027027027027027032,0.5,0.12791172864732325,0.014004149377593363,0.09699170124481328,0.34757435063154624,1.0064384954252796,0.26348547717842324,1.200945626477541,YGR054W,non_ess,non_ess
0.049132947976878616,0.017287578874578616,0.0,1.0,0.04086636697997549,0.02615384615384616,0.3076923076923077,0.9041758241758241,1.4706349206349203,0.2323076923076923,0.7704081632653061,YGL037C,non_ess,non_ess
0.017341040462427744,0.0018151957818307548,0.027027027027027032,0.5,0.09419697588884347,0.0041870202372644785,0.014654570830425682,0.10789202478937812,0.15452538631346582,0.4270760642009771,1.9490445859872607,YER019W,non_ess,non_ess
0.05202312138728323,0.013570749416544212,0.0,1.0,0.2505108295872497,0.004828326180257511,0.0421137339055794,0.3616378880127758,0.5994832041343671,0.26126609442060084,1.371830985915493,YDR097C,non_ess,non_ess
0.011560693641618495,0.004062581035525975,0.027027027027027032,1.0,0.06252554147936247,0.004132231404958678,0.04855371900826446,0.0697635335521373,0.5103668261562999,0.5041322314049587,0.6370757180156658,YNL002C,ess,ess
0.05491329479768786,0.021263722015731696,0.08108108108108109,1.0,0.07131181038005723,0.017319963536918868,0.22424794895168645,0.3221403943649012,0.6484083739604245,0.1741112123974476,0.9317073170731708,YMR152W,non_ess,non_ess
0.15895953757225434,0.038724176679056095,0.13513513513513514,1.6666666666666667,0.2570494483040457,0.014382845188284518,0.11715481171548114,0.4066235803945009,0.8075396825396823,0.17939330543933055,1.0702028081123245,YLR436C,non_ess,non_ess
0.0838150289017341,0.03267352407295358,0.0,1.0,0.16223947691050267,0.011924342105263159,0.15542763157894735,0.3375450816423589,1.0158411423471665,0.2208059210526316,2.0264150943396224,YPL207W,non_ess,non_ess
0.0953757225433526,0.022128100959460627,0.0,1.0,0.1979975480179812,0.011159959418329387,0.08657423063916131,0.2514197754014437,1.0258620689655171,0.16266486303686167,1.0169133192389006,YLR138W,non_ess,non_ess
0.04046242774566474,0.012965684155933962,0.054054054054054064,2.0,0.057212913771965676,0.015730337078651686,0.16853932584269662,0.9111056831134994,0.903820816864295,0.21235955056179776,0.883177570093458,YER142C,non_ess,non_ess
0.011560693641618495,0.0014694442043391822,0.027027027027027032,0.3333333333333333,0.07294646505925624,0.003568242640499554,0.015165031222123104,0.08036400563288619,0.5283018867924529,0.4611953612845674,1.2164705882352942,YPL165C,non_ess,non_ess
0.023121387283236997,0.008557351542916414,0.08108108108108109,0.42857142857142855,0.044135676338373515,0.011461318051575931,0.14183381088825214,0.33818330666468205,1.3358070500927643,0.5186246418338109,1.297491039426523,YOR111W,non_ess,non_ess
0.017341040462427744,0.005186273662373585,0.027027027027027032,1.0,0.045361667347772784,0.008379888268156423,0.08379888268156424,0.34126372567905994,1.6827586206896554,0.5195530726256983,0.6800731261425959,YDL059C,non_ess,non_ess
0.011560693641618495,0.0027660126199325783,0.0,0.0,0.11360850020433184,0.002328288707799767,0.018626309662398137,0.07153095076275008,0.13728323699421965,0.39988358556461,1.6594202898550725,YLR259C,ess,ess
0.02023121387283237,0.003198202091797044,0.054054054054054064,0.25,0.0723334695545566,0.006294964028776978,0.03327338129496403,0.4300151342340761,0.4232723577235772,0.44964028776978415,1.7985611510791366,YDR035W,non_ess,non_ess
0.023121387283236997,0.006309966289221194,0.0,0.0,0.13669799754801798,0.0038891589693728725,0.03548857559552747,0.13468496833532906,0.3956199222889438,0.7403986387943607,1.5914315569487982,YPL043W,ess,ess
0.1329479768786127,0.04589852191200623,0.027027027027027032,2.0,0.3406211687780956,0.009107107503464659,0.1051276974856464,0.2388864352831884,1.0622023379997112,0.2658879429815878,2.7520491803278686,YKR031C,non_ess,non_ess
0.12716763005780346,0.19232431497968708,0.054054054054054064,0.6666666666666666,0.2570494483040457,0.011506276150627616,0.5818514644351465,0.2462250303684708,0.6411997736276175,0.19456066945606693,1.1942215088282504,YAL002W,non_ess,non_ess
0.011560693641618495,0.002333823148068113,0.027027027027027032,0.3333333333333333,0.1953412341642828,0.0013708019191226864,0.009252912954078136,0.02857181254955718,0.16339869281045755,0.5366689513365319,4.3500000000000005,YOR160W,ess,ess
0.005780346820809247,0.0002593136831186792,0.054054054054054064,1.0,0.015529219452390684,0.007194244604316547,0.01079136690647482,0.2395931530637559,0.4791863061275118,0.7985611510791367,0.7985611510791367,YGR169C-A,non_ess,non_ess
0.017341040462427744,0.002333823148068113,0.0,0.0,0.08418471597874949,0.004665629860031105,0.020995334370139968,0.1566621558845509,0.352504638218924,0.4276827371695179,2.2357723577235773,YDR300C,non_ess,non_ess
0.011560693641618495,0.001901633676203648,0.027027027027027032,0.3333333333333333,0.1726604004903964,0.0015473887814313346,0.00851063829787234,0.06299911534943697,0.22982216142270864,0.5288201160541586,1.9556509298998568,YPR105C,ess,ess
0.011560693641618495,0.0006915031549831446,0.027027027027027032,0.5,0.035962402942378416,0.006920415224913495,0.01384083044982699,0.16452602975387565,3.4576271186440684,0.6401384083044983,0.7505070993914809,YNL090W,non_ess,non_ess
0.008670520231213872,0.0007779410493560378,0.0,1.0,0.08765835717204741,0.002243829468960359,0.006731488406881077,0.16469023163399885,0.37150127226463103,0.4397905759162304,2.185873605947956,YGR110W,non_ess,ess
0.05202312138728323,0.017114703085832832,0.13513513513513514,1.6666666666666667,0.0443400081732734,0.025677603423680456,0.28245363766048504,0.6578585998640126,0.8006230529595015,0.16547788873038516,0.9354838709677421,YHR008C,non_ess,non_ess
0.02890173410404624,0.003111764197424151,0.027027027027027032,0.3333333333333333,0.1303637106661218,0.005091649694501018,0.018329938900203662,0.09689622327367907,0.3405521573813853,0.20112016293279025,0.933806146572104,YDR389W,non_ess,non_ess
0.005780346820809247,0.0005186273662373584,0.0,0.0,0.08193706579485084,0.0015961691939345571,0.004788507581803671,0.035656912679954376,0.1605150214592275,0.6999201915403033,1.7681451612903225,YMR021C,non_ess,ess
0.06647398843930635,0.014780879937764715,0.10810810810810813,4.0,0.3275439313445035,0.004733484256019757,0.03519242642519037,0.2318364667772144,0.5319383259911895,0.16505453797077588,0.8150406504065041,YOR191W,non_ess,non_ess
0.17630057803468208,0.03310571354481805,0.054054054054054064,0.4,0.3351042092357989,0.01227364185110664,0.07706237424547284,0.5587525150905432,1.0901639344262295,0.10885311871227364,0.9890310786106032,YMR162C,non_ess,non_ess
0.13005780346820808,0.037341170369089814,0.2432432432432433,1.8,0.06661217817736004,0.04377431906614786,0.42023346303501946,0.6775186621519257,1.2354409317803658,0.14591439688715954,0.8287292817679558,YEL004W,non_ess,non_ess
0.05780346820809248,0.015040193620883397,0.0,1.0,0.12178177360032695,0.01088139281828074,0.09466811751904244,0.2603231205562183,1.151271753681392,0.19912948857453755,0.5126050420168067,YPL184C,non_ess,non_ess
0.12716763005780346,0.04425620191892125,0.16216216216216214,1.0,0.1610134859011034,0.018227009113504555,0.212096106048053,0.4323072674356849,1.3192721257237383,0.1975973487986744,0.957831325301205,YGR067C,non_ess,non_ess
0.09826589595375723,0.02757368830495289,0.0,1.0,0.08724969350224766,0.025544703230653644,0.2396694214876033,0.5277019800938287,0.7844733984799134,0.09316303531179564,0.6813186813186813,YKR044W,non_ess,non_ess
0.03468208092485549,0.00959460627539113,0.0,1.0,0.06579485083776053,0.011811023622047244,0.109251968503937,0.5139742147616163,0.7747252747252747,0.312992125984252,1.1821561338289963,YMR127C,non_ess,non_ess
0.12716763005780346,0.0249805514737661,0.16216216216216214,1.5,0.11238250919493258,0.025882352941176467,0.17,0.6359233926128591,1.1269641734758016,0.11941176470588236,1.301282051282051,YDR481C,non_ess,non_ess
0.03468208092485549,0.006309966289221194,0.13513513513513514,1.6666666666666667,0.16836943195749898,0.004758128469468675,0.02894528152260111,0.11074954196177088,0.3007662835249042,0.5182394924662966,4.822878228782288,YKL022C,ess,ess
0.06647398843930635,0.013570749416544212,0.21621621621621626,1.3333333333333333,0.06007355946056396,0.02467811158798283,0.1684549356223176,0.6791794155697476,0.6673869424293871,1.0,3.0657894736842106,YPL134C,non_ess,non_ess
0.18208092485549127,0.05341861872244792,0.054054054054054064,4.0,0.11054352268083367,0.03765690376569039,0.3693962940824865,0.909145248057382,0.9830769230769232,0.07591153616258219,0.8639455782312926,YER065C,non_ess,non_ess
0.005780346820809247,0.001210130521220503,0.08108108108108109,0.6,0.05121917994823594,0.002493765586034913,0.017456359102244388,0.08115953502487168,0.5855379188712523,0.5548628428927681,0.940803382663848,YPR132W,non_ess,non_ess
0.060693641618497114,0.008384475754170628,0.13513513513513514,0.8333333333333334,0.06906416019615856,0.01973684210526316,0.0911654135338346,0.5986842105263157,0.8831018518518517,0.18796992481203006,0.7843137254901958,YDL100C,non_ess,non_ess
0.05780346820809248,0.007347221021695911,0.0,0.0,0.07069881487535759,0.018382352941176468,0.078125,0.8060661764705882,0.9736842105263156,0.23621323529411764,1.007843137254902,YDR414C,non_ess,non_ess
0.0028901734104046237,8.643789437289306e-05,0.0,0.0,0.06579485083776053,0.000984251968503937,0.000984251968503937,0.02704642388451444,0.10416666666666666,0.9950787401574804,2.710455764075067,YPR056W,ess,ess
0.20231213872832368,0.07917711124557006,0.0,0.0,0.09297098487944422,0.04946996466431095,0.6473498233215548,1.3592645759717314,1.5312500000000002,0.1215547703180212,1.2647058823529411,YGR019W,non_ess,non_ess
0.03468208092485549,0.005186273662373585,0.0,0.0,0.2370249284838578,0.0033994334277620396,0.0169971671388102,0.15069050991501418,0.496875,0.32946175637393765,1.8372827804107423,YLR272C,ess,ess
0.0028901734104046237,8.643789437289306e-05,0.0,0.0,0.07846342460155292,0.0008319467554076539,0.0008319467554076539,0.017786575944853816,0.06490384615384615,0.5707154742096506,1.5043859649122808,YGR005C,ess,ess
0.017341040462427744,0.002074509464949433,0.0,0.0,0.07989374744585206,0.004905968928863451,0.019623875715453803,0.15843591438076146,0.7534246575342466,0.4178250204415372,1.5674846625766867,YMR235C,ess,ess
0.05780346820809248,0.016077448353358108,0.35135135135135137,1.8571428571428568,0.1871679607682877,0.0071479628305932815,0.06647605432451753,0.19949314445383065,0.9447415329768272,0.27448177269478197,0.9846153846153844,YPL195W,non_ess,non_ess
0.10982658959537572,0.012706370472815282,0.0,1.0,0.4822231303637107,0.005329593267882188,0.02061711079943899,0.1455978260869565,0.7307692307692308,0.2488078541374474,1.6395563770794823,YIL129C,ess,ess
0.017341040462427744,0.0027660126199325783,0.0,0.0,0.025950143032284437,0.013921113689095129,0.07424593967517401,0.4366523969804909,0.6244131455399062,0.6078886310904872,2.673469387755102,YOR369C,non_ess,non_ess
0.03757225433526011,0.005186273662373585,0.054054054054054064,0.6666666666666666,0.13669799754801798,0.006319883325230919,0.02916869227029655,0.1870141818390913,0.9784946236559141,0.43364122508507535,1.4768211920529801,YLR143W,non_ess,non_ess
0.011560693641618495,0.00112369262684761,0.054054054054054064,0.5,0.04597466285247242,0.0055172413793103435,0.01793103448275862,0.21480046493607127,0.3388072601555748,0.8,2.4680851063829787,YDR196C,ess,ess
0.04046242774566474,0.006915031549831446,0.0,0.0,0.18961994278708624,0.0049400141143260395,0.028228652081863093,0.14277450628781654,0.4371584699453552,0.2981651376146789,1.272590361445783,YDR395W,non_ess,non_ess
0.06358381502890173,0.020312905177629872,0.0,0.0,0.08581937065794852,0.01679389312977099,0.17938931297709926,0.3726046942997788,0.6572096128170895,0.1870229007633588,1.2373737373737377,YLR203C,non_ess,non_ess
0.04335260115606936,0.010113233641628491,0.027027027027027032,2.0,0.16530445443400082,0.0060557125555107,0.04723455793298345,0.18726126517810007,0.8522727272727274,0.20387565603552685,0.20387565603552685,YMR089C,non_ess,non_ess
0.05491329479768786,0.0049269599792549044,0.16216216216216214,0.42857142857142855,0.2723743359215366,0.004692516670782909,0.014077550012348727,0.14218325512472216,0.7416129032258065,0.4302296863423067,1.621973929236499,YLR384C,non_ess,non_ess
0.03757225433526011,0.010199671536001384,0.08108108108108109,0.75,0.044135676338373515,0.01862464183381089,0.16905444126074498,1.2210780802292265,0.446875,0.1876790830945559,0.9632352941176472,YER163C,non_ess,non_ess
0.0722543352601156,0.02195522517071484,0.08108108108108109,3.0,0.053739272578667764,0.029797377830750895,0.3027413587604291,0.5297311614355714,0.6944444444444444,0.16686531585220502,1.0606060606060608,YJR116W,non_ess,non_ess
0.008670520231213872,0.0003457515774915723,0.08108108108108109,0.42857142857142855,0.09440130772374336,0.0020891364902506965,0.0027855153203342627,0.0752391909894635,0.3888888888888889,0.6149025069637883,1.9535398230088497,YFL039C,ess,ess
0.011560693641618495,0.002506698936813899,0.1891891891891892,7.0,0.053330608908867996,0.004801920768307323,0.03481392557022809,0.09959788111048616,0.4835164835164835,0.5066026410564226,1.068354430379747,YLR290C,non_ess,non_ess
0.08092485549132948,0.021695911487596163,0.054054054054054064,0.4,0.07948508377605233,0.023007395234182416,0.20624486442070664,1.0293740356933845,0.9820143884892087,0.1914543960558751,1.026431718061674,YHL014C,non_ess,non_ess
0.017341040462427744,0.0025931368311867924,0.10810810810810813,0.8,0.059460563955864326,0.006500541711809318,0.03250270855904658,0.3502905545159066,0.8333333333333334,0.485373781148429,1.5719298245614035,YHL013C,non_ess,non_ess
0.011560693641618495,0.008643789437289308,0.16216216216216214,1.2,0.03821005312627708,0.006546644844517185,0.16366612111292966,0.2158647026732133,1.0333333333333332,0.6170212765957447,0.8568181818181818,YDL072C,non_ess,non_ess
0.02023121387283237,0.00449477050739044,0.0,0.0,0.07315079689415611,0.006227758007117439,0.046263345195729534,0.2837995144178003,0.944963655244029,0.4439501779359431,1.2632911392405062,YHR076W,non_ess,non_ess
0.08959537572254335,0.013570749416544212,0.13513513513513514,2.5,0.2355946056395587,0.00883442576232545,0.04474209176403534,0.3938718856370783,0.8173998871968415,0.2616129951553149,1.1020408163265305,YLR032W,non_ess,non_ess
0.15895953757225434,0.037427608263462704,0.0,1.0,0.3220269718022068,0.011511092507325241,0.09062369192130597,0.25380403425610626,0.9179706021811286,0.19171201339472585,1.3048433048433048,YNL242W,non_ess,non_ess
0.11560693641618495,0.019880715705765408,0.0,0.0,0.2521454842664487,0.010660980810234541,0.06130063965884861,0.38310303768725945,0.8086253369272238,0.19909381663113007,1.3988764044943822,YDR293C,non_ess,non_ess
0.023121387283236997,0.0037168294580344026,0.13513513513513514,0.7142857142857143,0.1258684102983245,0.004214963119072708,0.02265542676501581,0.1292681735392431,0.40850470547229,0.7781875658587988,3.9281914893617023,YDR049W,non_ess,non_ess
0.0,0.0,0.027027027027027032,0.25,0.04965263588067021,0.0,0.0,0.0,0.0,1.0,1.0,YLR323C,ess,ess
0.06358381502890173,0.014694442043391822,0.4324324324324325,1.3333333333333333,0.1193297915815284,0.01220865704772475,0.09433962264150944,0.2618953850560309,0.90568356374808,0.17147613762486127,0.8930635838150289,YGR194C,non_ess,non_ess
0.008670520231213872,0.0009508168381018238,0.0,1.0,0.02656313853698406,0.006818181818181818,0.025,0.16118181818181818,0.424,0.7454545454545455,1.6565656565656566,YGR243W,non_ess,non_ess
0.15317919075144507,0.02584493041749503,0.10810810810810813,1.3333333333333333,0.22517368205966493,0.015792610250297975,0.08909415971394517,0.2937134845017075,1.005019520356944,0.07479141835518474,0.4597069597069597,YJR109C,non_ess,non_ess
0.01445086705202312,0.0008643789437289308,0.0,0.0,0.06763383735185942,0.004793863854266539,0.009587727708533078,0.09236918466217547,0.1854304635761589,0.5043144774688398,3.393548387096774,YMR146C,ess,ess
0.05202312138728323,0.005359149451119371,0.08108108108108109,3.0,0.07560277891295464,0.015517241379310345,0.05344827586206897,0.26185344827586204,0.40469457013574656,0.1353448275862069,1.2170542635658914,YNL001W,non_ess,non_ess
0.09248554913294796,0.01849770939579912,0.027027027027027032,1.0,0.21209644462607274,0.010113780025284451,0.06763590391908976,0.2891522433128087,0.920863309352518,0.11662452591656132,1.3369565217391304,YMR261C,non_ess,non_ess
0.011560693641618495,0.0010372547324747168,0.0,0.0,0.07580711074785453,0.0034393809114359416,0.010318142734307824,0.09477405178179038,0.20854700854700856,0.5064488392089423,3.1,YLR244C,non_ess,ess
0.02023121387283237,0.003198202091797044,0.054054054054054064,2.0,0.10155292194523907,0.004542504866969501,0.02401038286826736,0.19599676038412592,0.9767441860465116,0.3588578844905905,0.9170812603648424,YDR169C,non_ess,non_ess
0.008670520231213872,0.0015558820987120756,0.0,0.0,0.1411932979158153,0.001413094677343382,0.008478568064060292,0.0323913515677053,0.17357512953367876,0.8714083843617523,2.427821522309712,YGR145W,ess,ess
0.008670520231213872,0.0028524505143054713,0.027027027027027032,0.2,0.042092357989374746,0.004491017964071856,0.04940119760479042,0.07396254003620666,0.106312292358804,0.6751497005988024,5.567901234567901,YNR017W,ess,ess
0.0,0.0,0.0,0.0,0.029628116060482226,0.0,0.0,0.0,1.0,1.0,1.0,YOR257W,ess,ess
0.09248554913294796,0.02852450514305472,0.027027027027027032,2.0,0.0868410298324479,0.024150943396226414,0.2490566037735849,0.5014004192872118,1.0740740740740742,0.1630188679245283,0.6728971962616822,YMR062C,non_ess,non_ess
0.06647398843930635,0.014608004149018932,0.21621621621621626,0.8888888888888888,0.11483449121373113,0.01324884792626728,0.09735023041474654,0.3675706014415692,0.6526495726495726,0.1445852534562212,1.1566820276497696,YLR361C,non_ess,non_ess
0.026011560693641616,0.004840522084882012,0.0,1.0,0.14834491213731102,0.004039497307001795,0.0251346499102334,0.1584698368313182,0.3185840707964602,0.4771095152603232,3.2808641975308643,YKR024C,non_ess,non_ess
0.02023121387283237,0.0037168294580344026,0.08108108108108109,0.75,0.10155292194523907,0.004542504866969501,0.027903958468526932,0.11475383798550574,0.3981351981351983,0.4555483452303699,1.5462555066079295,YHR137W,non_ess,non_ess
0.05202312138728323,0.015299507304002076,0.027027027027027032,0.3333333333333333,0.1264814058030241,0.009438909281594129,0.09281594126900893,0.2260776672911188,0.5422381745930008,0.15416885159937074,1.0315789473684212,YDR380W,non_ess,non_ess
0.0028901734104046237,0.0019880715705765406,0.027027027027027032,0.5,0.02819779321618308,0.0021551724137931034,0.04956896551724138,0.034680935394371774,0.15862068965517234,0.8491379310344828,1.4432234432234432,YIL062C,ess,ess
0.05780346820809248,0.01797908202956176,0.027027027027027032,1.0,0.12341642827952595,0.010741138560687431,0.11170784103114932,0.2736789279991548,1.010928961748634,0.20300751879699247,1.1419939577039273,YDL025C,non_ess,non_ess
0.03468208092485549,0.009248854697899558,0.13513513513513514,1.6666666666666667,0.060277891295463834,0.012834224598930482,0.1144385026737968,0.22948207171314744,0.6278884462151395,0.2748663101604278,1.3817204301075268,YLR209C,non_ess,non_ess
0.03468208092485549,0.011582677845967672,0.027027027027027032,0.3333333333333333,0.07764609726195341,0.01008403361344538,0.11260504201680673,0.2491028843970021,0.5223328591749645,0.3865546218487395,0.931174089068826,YPL113C,non_ess,non_ess
0.005780346820809247,0.0003457515774915723,0.0,0.0,0.05414793624846752,0.0023668639053254447,0.004733727810650889,0.056135963828271525,0.10584010584010584,0.7029585798816568,2.0412371134020617,YDL006W,non_ess,non_ess
0.011560693641618495,0.0003457515774915723,0.054054054054054064,0.6666666666666666,0.09521863506334287,0.0027624309392265192,0.0027624309392265192,0.08382870597011445,0.2459312839059674,0.5904696132596685,2.1215880893300247,YOR046C,ess,ess
0.05780346820809248,0.01754689255769729,0.08108108108108109,1.5,0.08009807928075195,0.01631321370309951,0.16557911908646006,0.43950417356306776,1.1217825585862464,0.16802610114192496,0.7773584905660377,YLR380W,non_ess,non_ess
0.04335260115606936,0.0060506526061025155,0.027027027027027032,0.14285714285714285,0.17838169186759298,0.0056200824278756075,0.026227051330086168,0.15471242455597467,0.2481592582492501,0.3079805170475834,3.7880184331797238,YLR357W,non_ess,non_ess
0.0028901734104046237,0.0002593136831186792,0.0,0.0,0.10993052717613404,0.0006009615384615385,0.001802884615384616,0.016584298853320596,0.045548654244306416,0.9381009615384616,5.084690553745928,YER082C,ess,ess
0.0028901734104046237,0.0007779410493560378,0.16216216216216214,2.0,0.02165917449938701,0.002717391304347826,0.02445652173913044,0.08365683229813664,0.8616071428571428,0.8668478260869565,1.1642335766423355,YMR123W,non_ess,non_ess
0.008670520231213872,0.00112369262684761,0.0,0.0,0.2061708214139763,0.0009749756256093598,0.004224894377640559,0.032020985189655966,0.08940092165898618,0.8836529086772831,8.444099378881987,YDR060W,ess,ess
0.04335260115606936,0.006309966289221194,0.21621621621621626,2.0,0.09521863506334287,0.010359116022099449,0.05041436464088398,0.19815781445954647,0.5501467057882101,0.162292817679558,0.8671586715867158,YDR524C,non_ess,non_ess
0.011560693641618495,0.0005186273662373584,0.0,0.0,0.08581937065794852,0.003053435114503817,0.004580152671755725,0.11114503816793893,0.4313479623824451,0.7374045801526717,1.8260869565217392,YBR236C,ess,ess
0.02023121387283237,0.0044083326130175465,0.08108108108108109,0.6,0.04352268083367389,0.010159651669085631,0.07402031930333818,0.3104215308891273,1.6263586956521738,0.4267053701015965,1.0,YMR311C,non_ess,non_ess
0.06647398843930635,0.019362088339528048,0.08108108108108109,6.0,0.13894564773191664,0.011004784688995215,0.10717703349282297,0.2394593039976992,0.7279143897996357,0.1382775119617225,0.9763513513513514,YBL061C,non_ess,non_ess
0.031791907514450865,0.007779410493560376,0.0,0.0,0.0723334695545566,0.009892086330935251,0.08093525179856115,0.2472514296255303,0.6935143288084464,0.2589928057553957,0.9696969696969696,YBR249C,non_ess,non_ess
0.0838150289017341,0.021868787276341943,0.027027027027027032,1.0,0.18083367388639152,0.010720887245841035,0.0935304990757856,0.4631678549423466,0.8822751322751321,0.12532347504621072,0.6197440585009141,YDL154W,non_ess,non_ess
0.008670520231213872,0.003111764197424151,0.0,1.0,0.02656313853698406,0.006818181818181818,0.08181818181818183,0.12421875,0.51875,0.4863636363636364,1.222857142857143,YOR224C,ess,ess
0.03757225433526011,0.005013397873627798,0.13513513513513514,5.0,0.1356763383735186,0.006366307541625857,0.02840352595494613,0.1654967896397867,0.8632478632478632,0.19980411361410386,0.8464730290456433,YKL126W,non_ess,non_ess
0.017341040462427744,0.003111764197424151,0.0,0.0,0.0986922762566408,0.0040026684456304215,0.02401601067378252,0.10135197165082532,0.22133027522935772,0.3635757171447632,2.6980198019801978,YKL035W,ess,ess
0.05202312138728323,0.009248854697899558,0.10810810810810813,1.3333333333333333,0.07519411524315489,0.015597920277296359,0.0927209705372617,0.3613748255394856,0.9785082174462706,0.15944540727902945,0.9435897435897436,YOL065C,non_ess,non_ess
0.03468208092485549,0.01521306940962918,0.08108108108108109,1.0,0.044748671843073164,0.016973125884016973,0.2489391796322489,0.5273792685390988,0.7063492063492063,0.7949080622347949,1.0126126126126127,YGL198W,non_ess,non_ess
0.023121387283236997,0.0047540841905091185,0.0,0.0,0.15079689415610953,0.00353356890459364,0.024293286219081268,0.29131942129475297,0.28176100628930817,0.44346289752650175,1.992063492063492,YBL097W,ess,ess
0.06647398843930635,0.038205549312818735,0.10810810810810813,1.3333333333333333,0.09154066203514508,0.016499282639885218,0.3170731707317073,0.5734397417503586,0.8250000000000001,0.2044476327116212,2.192307692307692,YBR199W,non_ess,non_ess
0.02890173410404624,0.0026795747255596854,0.2432432432432433,3.0,0.0406620351450756,0.015455950540958269,0.04791344667697063,0.6911937881798778,2.574404761904762,0.4945904173106646,0.8121827411167514,YGL101W,non_ess,non_ess
0.06647398843930635,0.01633676203647679,0.027027027027027032,0.2,0.17429505516959545,0.008815638175546186,0.07244154848600996,0.24652221946655245,0.7552941176470588,0.1851284016864699,1.1838235294117647,YGR157W,non_ess,non_ess
0.049132947976878616,0.00959460627539113,0.027027027027027032,0.25,0.12832039231712306,0.008790072388831437,0.05739400206825233,0.25854937060942124,0.6839080459770115,0.2264736297828335,1.46,YNL115C,non_ess,non_ess
0.017341040462427744,0.0012965684155933962,0.0,0.0,0.04454434000817328,0.008522727272727272,0.02130681818181818,0.17475895316804407,0.28030303030303033,0.40625,2.75,YLR250W,non_ess,non_ess
0.0,0.0,0.0,0.0,0.04781364936657132,0.0,0.0,0.0,0.0,1.0,1.0,YPR143W,ess,ess
0.03757225433526011,0.0060506526061025155,0.054054054054054064,2.0,0.12423375561912547,0.006937033084311633,0.03735325506937033,0.16558553450729274,0.9072916666666668,0.5608324439701174,1.6499215070643642,YOR171C,non_ess,non_ess
0.2658959537572254,0.09827988590197942,0.2972972972972973,1.8333333333333333,0.07866775643645281,0.07634854771784233,0.9435684647302904,1.73577266440337,1.2472089314194579,0.15352697095435686,1.1419753086419755,YBL013W,non_ess,non_ess
0.02890173410404624,0.0037168294580344026,0.027027027027027032,2.0,0.20760114425827544,0.003227888960619755,0.013879922530664944,0.08688117970847066,0.391578947368421,0.5497094899935442,1.5246195165622198,YIL128W,non_ess,non_ess
0.005780346820809247,0.0019880715705765406,0.0,1.0,0.08541070698814876,0.0015337423312883436,0.01763803680981595,0.05959171958526172,0.9415204678362572,0.7607361963190185,0.8544358311800173,YPL145C,non_ess,non_ess
0.05491329479768786,0.00950816838101824,0.054054054054054064,2.0,0.22456068655496528,0.005676725425754407,0.03286525246489393,0.18122439071236496,0.3747923588039867,0.2449955183746639,2.6366559485530545,YGL094C,non_ess,non_ess
0.008670520231213872,0.003198202091797044,0.0,0.0,0.08888434818144668,0.002214022140221402,0.027306273062730632,0.061877306273062725,0.1434659090909091,0.7232472324723247,4.827586206896552,YMR220W,ess,ess
0.07803468208092486,0.016163886247731005,0.13513513513513514,0.8333333333333334,0.11973845525132815,0.014933628318584071,0.10342920353982303,0.30434939083525275,1.1419520547945206,0.2616150442477876,1.8622047244094488,YKR039W,non_ess,non_ess
0.0953757225433526,0.012965684155933962,0.0,1.0,1.0,0.002240021721422753,0.010181916915557969,0.05618520432443164,0.3932795698924731,0.1944746130871572,2.5787578757875798,YLR106C,ess,ess
0.01445086705202312,0.0035439536692886157,0.13513513513513514,2.5,0.023293829178586026,0.012755102040816329,0.10459183673469387,0.3493519029233315,0.7207207207207207,0.32908163265306123,0.8600000000000001,YGL080W,non_ess,non_ess
0.05780346820809248,0.009162416803526663,0.10810810810810813,1.3333333333333333,0.07172047404985697,0.01813236627379873,0.09610154125113328,0.3929053608368957,1.016208340921508,0.21668177697189486,1.0863636363636362,YKL114C,non_ess,non_ess
0.03468208092485549,0.006655717866712767,0.0,1.0,0.12423375561912547,0.0064034151547492,0.04108858057630736,0.14079197216870645,0.6753246753246753,0.2022411953041622,0.9869791666666666,YGR225W,non_ess,non_ess
0.09248554913294796,0.033883654594174084,0.2432432432432433,1.8,0.08316305680425011,0.025177025963808025,0.3084185680566483,0.6173898025368925,1.1301463414634147,0.15814319433516916,0.7230215827338129,YOR212W,non_ess,non_ess
0.011560693641618495,0.0044083326130175465,0.08108108108108109,6.0,0.06129955046996322,0.0042105263157894745,0.05368421052631578,0.16228204098031335,0.3572519083969465,0.8010526315789473,2.6890459363957597,YGL212W,non_ess,non_ess
0.0028901734104046237,8.643789437289306e-05,0.054054054054054064,1.0,0.05094673750170277,0.0012531328320802006,0.0012531328320802006,0.03174197629997323,0.14805825242718446,0.6390977443609023,1.7708333333333337,YHR021C,non_ess,non_ess
0.011560693641618495,0.0027660126199325783,0.0,0.0,0.05006129955046997,0.005095541401273885,0.04076433121019108,0.13293368302735106,1.1666666666666667,0.4152866242038217,0.5800711743772242,YLR285W,non_ess,non_ess
0.0028901734104046237,0.0004321894718644654,0.08108108108108109,1.5,0.032216319302547335,0.0019120458891013386,0.009560229445506692,0.09087470846553064,1.021978021978022,0.7189292543021033,0.8826291079812207,YDL219W,non_ess,non_ess
0.026011560693641616,0.003198202091797044,0.0,1.0,0.060277891295463834,0.009625668449197863,0.03957219251336898,0.27195902688860435,0.6299615877080665,0.2641711229946524,1.012295081967213,YBR039W,non_ess,non_ess
0.04624277456647399,0.011582677845967672,0.0,1.0,0.04720065386187168,0.0215343203230148,0.18034993270524904,0.3960736507578587,0.8269566384749633,0.2691790040376851,1.2048192771084338,YCR004C,non_ess,non_ess
0.02023121387283237,0.0036303915636615096,0.0,0.0,0.10155292194523907,0.004542504866969501,0.027255029201817,0.10562311316762124,0.3043478260869565,0.6963011031797534,1.5528219971056438,YJL194W,ess,ess
0.08670520231213873,0.07762122914685797,0.21621621621621626,1.0,0.14834491213731102,0.013464991023339316,0.4030520646319569,0.4650230828417543,1.1059907834101383,0.14676840215439854,0.9646017699115046,YMR216C,non_ess,non_ess
0.0838150289017341,0.0337107788054283,0.054054054054054064,0.6666666666666666,0.059460563955864326,0.0314192849404117,0.4225352112676056,0.6847521313417816,1.4825842696629212,0.17009750812567714,0.6624472573839663,YNL072W,non_ess,non_ess
0.0028901734104046237,8.643789437289306e-05,0.027027027027027032,0.25,0.06947282386595832,0.0009345794392523364,0.0009345794392523364,0.030934579439252336,0.3313725490196079,1.0,1.0,YJL031C,ess,ess
0.005780346820809247,0.0004321894718644654,0.027027027027027032,0.3333333333333333,0.10952186350633428,0.0012062726176115801,0.0030156815440289505,0.02057667613525818,0.10599078341013826,0.5693606755126659,3.1571906354515047,YPR144C,ess,ess
0.07514450867052022,0.013657187310917106,0.027027027027027032,0.3333333333333333,0.0968532897425419,0.017663043478260868,0.10733695652173914,0.9520871074879226,0.9569444444444444,0.15828804347826084,0.6619318181818181,YIL088C,non_ess,non_ess
0.01445086705202312,0.0013830063099662892,0.10810810810810813,1.0,0.11667347772783,0.0028360748723766306,0.00907543959160522,0.054464620964585014,0.12721490231712854,0.6647759500850823,6.6971428571428575,YML123C,non_ess,non_ess
0.06358381502890173,0.0174604546633244,0.1891891891891892,7.0,0.06681651001225991,0.02133850630455868,0.1959262851600388,0.6422575050288352,2.0591133004926108,0.20368574199806014,0.6796116504854368,YDL078C,non_ess,non_ess
0.008670520231213872,0.0010372547324747168,0.0,0.0,0.14262362076011445,0.0013992537313432835,0.005597014925373134,0.06698507462686566,0.16799999999999998,0.5755597014925373,2.9734939759036147,YHR074W,ess,ess
