hits_count,reads_count,hits_count_pro,ratio_hits_prom,orf_len,insertion_index,reads_by_len,NI,NI_ratio,HFI,HFI_ratio,orf,label,predictions
0.02890173410404624,0.004321894718644654,0.0,1.0,0.04720065386187168,0.013458950201884251,0.06729475100942127,0.3061911170928667,0.7103174603174602,0.2288021534320323,1.0559006211180124,YGL061C,ess,ess
0.05202312138728323,0.013570749416544212,0.054054054054054064,1.0,0.02022885165508786,0.05187319884726225,0.4524495677233429,1.6066968574173184,1.9761904761904765,0.1729106628242075,0.6896551724137931,YOR050C,non_ess,non_ess
0.16473988439306358,0.047713717693836984,0.0,0.0,0.10870453616673477,0.03462940461725395,0.3353584447144593,0.7117447842610068,1.2433913604126374,0.11300121506682867,0.484375,YKR005C,non_ess,non_ess
0.0,0.0,0.0,1.0,0.037188393951777685,0.0,0.0,0.0,0.0,1.0,1.6239782016348774,YER012W,ess,ess
0.0,0.0,0.0,0.0,0.1303637106661218,0.0,0.0,0.0,0.0,1.0,4.169851380042463,YJR045C,ess,ess
0.01445086705202312,0.015645258881493648,0.1891891891891892,2.333333333333333,0.009603596240294238,0.026178010471204192,0.9476439790575916,0.8886164313959397,0.8438818565400845,0.5287958115183246,1.0412371134020617,YEL050W-A,non_ess,non_ess
0.07803468208092486,0.016682513613968362,0.1891891891891892,1.1666666666666667,0.08091540662035146,0.02180936995153473,0.15589660743134087,0.4852584814216479,0.7901470588235295,0.15589660743134087,1.496124031007752,YLR174W,non_ess,non_ess
0.017341040462427744,0.003803267352407295,0.13513513513513514,1.25,0.003269309358398039,0.061224489795918366,0.4489795918367347,1.0629456601917875,1.289156626506024,0.3877551020408163,0.9268292682926828,YJL077W-B,non_ess,non_ess
0.017341040462427744,0.0019880715705765406,0.027027027027027032,0.3333333333333333,0.020024519820187988,0.017441860465116282,0.06686046511627906,0.4561107497154009,0.4672600127145581,0.3691860465116279,1.3510638297872342,YHR138C,non_ess,non_ess
0.10693641618497107,0.03293283775607226,0.027027027027027032,0.2,0.052513281569268495,0.04506699147381242,0.464068209500609,1.2041544913988107,1.077026421854008,0.17174177831912302,1.3177570093457944,YDL086W,non_ess,non_ess
0.0,0.0,0.054054054054054064,4.0,0.032080098079280764,0.0,0.0,0.0,0.0,1.0,3.6433566433566433,YAL033W,ess,ess
0.03468208092485549,0.014089376782781571,0.0,0.0,0.0551695954229669,0.013953488372093023,0.18953488372093025,0.1947393744987971,0.25994694960212195,0.4220930232558139,3.2410714285714284,YBR002C,ess,ess
0.017341040462427744,0.0012965684155933962,0.027027027027027032,0.3333333333333333,0.05006129955046997,0.007643312101910828,0.01910828025477707,0.19302396117682746,0.4421768707482993,0.3821656050955414,1.875,YOR157C,ess,ess
0.008670520231213872,0.0010372547324747168,0.0,1.0,0.08479771148344913,0.0023166023166023165,0.009266409266409266,0.07254375477725733,0.1881798404641044,0.8571428571428571,4.493927125506072,YIL022W,ess,ess
0.16184971098265896,0.09050047540841903,0.08108108108108109,0.6,0.02472415202288517,0.13559322033898305,2.5351089588377724,4.0884067796610175,1.114536585365854,1.0,7.120689655172414,YDR215C,non_ess,non_ess
0.03757225433526011,0.002506698936813899,0.2432432432432433,3.0,0.0461789946873723,0.017857142857142856,0.03983516483516483,0.28903747597693785,0.4353979820627801,0.28296703296703296,0.7744360902255639,YIR014W,non_ess,non_ess
0.011560693641618495,0.002420261042441006,0.0,0.0,0.05578259092766653,0.004602991944764097,0.03222094361334868,0.112350578896691,0.3401360544217687,0.7330264672036824,1.5166666666666666,YAL034W-A,ess,ess
0.0,0.0,0.027027027027027032,0.2,0.036711619670344635,0.0,0.0,0.0,0.0,1.0,4.428571428571429,YOR122C,ess,ess
0.07803468208092486,0.011928429423459244,0.1891891891891892,1.1666666666666667,0.08663669799754803,0.02042360060514372,0.1043872919818457,0.43323041773441606,0.6681122448979591,0.15809379727685324,1.0245098039215683,YCL029C,non_ess,non_ess
0.10115606936416184,0.03146339355173308,0.1891891891891892,2.333333333333333,0.12791172864732325,0.01815352697095436,0.1887966804979253,0.3788966911373551,0.9132730015082956,0.25933609958506226,0.7246376811594203,YAL005C,non_ess,non_ess
0.05202312138728323,0.037946235629700065,0.027027027027027032,1.0,0.04965263588067021,0.02310654685494224,0.5635430038510911,0.8442058583265258,1.2363636363636363,0.20154043645699607,0.7810945273631841,YNL168C,non_ess,non_ess
0.023121387283236997,0.006828593655458553,0.08108108108108109,6.0,0.017572537801389457,0.025974025974025976,0.2564935064935065,0.5278793063224201,1.06187624750499,0.7727272727272727,0.9444444444444444,YDR112W,non_ess,non_ess
0.07514450867052022,0.013138559944679749,0.1891891891891892,1.4,0.054760931753167146,0.030444964871194382,0.17798594847775176,0.48636956195706105,1.0744389709906952,0.297423887587822,0.9442379182156132,YNL003C,non_ess,non_ess
0.08670520231213873,0.028870256720546286,0.0,0.0,0.04965263588067021,0.038510911424903725,0.4287548138639281,0.8021405261611273,0.6855810338126701,0.15917843388960207,1.158878504672897,YEL012W,non_ess,non_ess
0.10404624277456646,0.06586567551214452,0.0,0.0,0.1185124642419289,0.02011173184357542,0.4256983240223464,0.3831412205643165,0.7502315529484409,0.16424581005586592,1.2838427947598252,YBR132C,non_ess,non_ess
0.008670520231213872,0.0008643789437289308,0.0,1.0,0.03575807110747855,0.005217391304347826,0.017391304347826087,0.234160351017152,0.44495412844036697,0.662608695652174,1.8317307692307687,YLR229C,ess,ess
0.16473988439306358,0.0935258017114703,0.21621621621621626,0.3636363636363637,0.021863506334286884,0.15363881401617252,2.91644204851752,3.4512312120243047,1.2207331493890423,0.1105121293800539,1.2058823529411764,YDR274C,non_ess,non_ess
0.07514450867052022,0.05229492609560031,0.054054054054054064,4.0,0.021046178994687373,0.07242339832869081,1.6852367688022285,1.6212045191093272,1.0794377247466491,0.1532033426183844,0.9821428571428572,YCL042W,non_ess,non_ess
0.008670520231213872,0.0003457515774915723,0.0,1.0,0.0704944830404577,0.0027649769585253448,0.003686635944700461,0.05130131964809385,0.10836038961038964,0.2921658986175115,1.4952830188679245,YDL055C,ess,ess
0.03468208092485549,0.010804736796611637,0.13513513513513514,2.5,0.04331834899877402,0.01749271137026239,0.1822157434402332,0.4345248303402994,0.6791893227879386,0.2915451895043732,2.0,YGR232W,non_ess,non_ess
0.16473988439306358,0.06655717866712768,0.16216216216216214,12.0,0.2308949734368615,0.016569767441860464,0.2238372093023256,0.8209891238973537,0.8140761708697891,0.14011627906976745,1.3351800554016622,YLR410W,non_ess,non_ess
0.10693641618497107,0.032154896706716216,0.054054054054054064,0.6666666666666666,0.12014711892112792,0.02039691289966924,0.20507166482910694,0.4200649940240704,1.1420491273432447,1.0,6.4785714285714295,YDR046C,non_ess,non_ess
0.1184971098265896,0.02757368830495289,0.13513513513513514,5.0,0.1530445443400082,0.017849368741837183,0.1388767958206356,0.7817662915616769,1.1622678396871946,0.1719634305616021,0.9228971962616822,YKR027W,non_ess,non_ess
0.02023121387283237,0.01633676203647679,0.027027027027027032,1.0,0.008990600735594606,0.038461538461538464,1.0384615384615383,1.0874350729656197,1.0316184351554127,0.3021978021978022,0.5392156862745098,YGL041C-B,non_ess,non_ess
0.031791907514450865,0.015299507304002076,0.2702702702702703,1.25,0.04147936248467512,0.016691957511380882,0.2685887708649469,1.1084362055530492,0.5054054054054054,0.2746585735963581,1.3407407407407406,YAR002C-A,non_ess,non_ess
0.017341040462427744,0.0036303915636615096,0.027027027027027032,1.0,0.021046178994687373,0.016713091922005572,0.116991643454039,0.5497656090767036,2.373983739837398,0.3064066852367688,0.5392156862745098,YBR232C,non_ess,non_ess
0.049132947976878616,0.02091797043824012,0.0,0.0,0.043931344503473635,0.02446043165467626,0.34820143884892085,0.531597036910531,0.8183316848005276,0.660431654676259,2.4677419354838706,YLR298C,ess,non_ess
0.031791907514450865,0.015904572564612324,0.054054054054054064,2.0,0.027584797711483453,0.024175824175824177,0.4043956043956044,0.610600019449577,0.8869223205506392,0.6197802197802198,1.7407407407407407,YPR053C,non_ess,non_ess
0.03468208092485549,0.0045812084017633325,0.0,0.0,0.03064977523498161,0.024,0.106,0.3977739130434783,0.4956521739130435,0.3720000000000001,1.9787234042553192,YLR074C,non_ess,non_ess
0.1213872832369942,0.036131039847869306,0.08108108108108109,3.0,0.09807928075194117,0.02818791946308725,0.28053691275167786,0.7661693340216831,0.7807692307692307,0.2087248322147651,1.4465116279069763,YEL071W,non_ess,non_ess
0.11271676300578035,0.030339700924885468,0.1891891891891892,0.875,0.09174499387004496,0.02791696492483894,0.2512526843235505,0.4242448103078024,0.7799999999999999,0.11667859699355762,0.7874396135265699,YHL021C,non_ess,non_ess
0.11560693641618495,0.035871726164750616,0.13513513513513514,1.0,0.07846342460155292,0.033277870216306155,0.3452579034941764,0.6955281570054049,1.4046822742474914,0.2096505823627288,1.1666666666666667,YPL171C,non_ess,non_ess
0.017341040462427744,0.0028524505143054713,0.0,0.0,0.017572537801389457,0.01948051948051948,0.10714285714285714,0.8847191769269691,1.0686456400742117,0.2857142857142857,0.8073394495412844,YNL086W,non_ess,non_ess
0.04335260115606936,0.01184199152908635,0.0,1.0,0.05823457294646505,0.016574585635359115,0.15138121546961325,1.5805709023941068,3.2500000000000004,0.2497237569060773,1.0865384615384617,YLR307W,non_ess,non_ess
0.07803468208092486,0.02109084622698591,0.027027027027027032,1.0,0.08091540662035146,0.02180936995153473,0.19709208400646205,0.5657239434880587,0.7173794358507736,0.26252019386106623,2.138157894736842,YLL057C,non_ess,non_ess
0.02023121387283237,0.003111764197424151,0.0,1.0,0.11749080506742952,0.003943661971830986,0.02028169014084507,0.09637116818558407,0.4389140271493213,0.7481690140845071,3.6786703601108033,YOL066C,ess,ess
0.06936416184971098,0.031117641974241505,0.1891891891891892,3.5,0.07069881487535759,0.02205882352941177,0.3308823529411765,0.5740115718418516,1.6544766708701135,0.2711397058823529,0.6659142212189616,YBR105C,non_ess,non_ess
0.017341040462427744,0.011064050479730312,0.10810810810810813,1.0,0.01838986514098897,0.01875,0.4,0.4275528169014085,0.602112676056338,0.4625,1.383177570093458,YBL070C,non_ess,non_ess
0.05202312138728323,0.011928429423459244,0.027027027027027032,2.0,0.038618716796076834,0.029173419773095625,0.22366288492706649,1.1481361426256078,2.8380952380952382,0.19611021069692056,0.6080402010050251,YIL089W,non_ess,non_ess
0.023121387283236997,0.0027660126199325783,0.0,0.0,0.1275030649775235,0.004162330905306972,0.01664932362122789,0.12550485899222208,0.461864406779661,0.5665972944849116,1.459785522788204,YPL210C,ess,ess
0.08670520231213873,0.043996888235802584,0.1891891891891892,2.333333333333333,0.1058438904781365,0.018703241895261846,0.3173316708229427,0.4232195892179099,1.0613065326633164,0.27556109725685785,0.7027027027027027,YGR260W,non_ess,non_ess
0.049132947976878616,0.018065519923934653,0.027027027027027032,0.2,0.05190028606456886,0.020935960591133004,0.25738916256157635,0.4959073493556253,1.2633477633477634,0.8596059113300493,1.2622061482820977,YNL108C,non_ess,non_ess
0.02023121387283237,0.017633330452070186,0.027027027027027032,0.5,0.019411524315488357,0.020895522388059702,0.6089552238805971,0.3861683946678819,1.1274809160305344,0.3164179104477612,0.6838709677419355,YDR079W,non_ess,non_ess
0.0,0.0,0.0,1.0,0.027380465876583573,0.0,0.0,0.0,0.0,1.0,1.7251908396946565,YMR298W,ess,ess
0.10404624277456646,0.027746564093698675,0.054054054054054064,0.6666666666666666,0.05986922762566409,0.038751345532831,0.3455328310010764,2.076801762335094,1.1450068399452804,0.16254036598493002,1.126865671641791,YDL222C,non_ess,non_ess
0.049132947976878616,0.024548362001901632,0.16216216216216214,1.0,0.04454434000817328,0.024147727272727272,0.4034090909090909,0.5610243821712267,1.1072006472491909,0.21448863636363635,0.8388888888888889,YJL192C,non_ess,non_ess
0.03757225433526011,0.01149623995159478,0.054054054054054064,0.2857142857142857,0.019615856150388238,0.038461538461538464,0.39349112426035504,1.0004690431519698,1.333148558758315,0.5207100591715976,1.093167701863354,YLR390W,non_ess,non_ess
0.026011560693641616,0.005013397873627798,0.027027027027027032,0.1,0.16162648140580305,0.003714403631861329,0.02393726784977301,0.3532783765965772,0.3981331168831169,0.5113495666529096,2.302973977695168,YMR049C,ess,ess
0.01445086705202312,0.002160947359322327,0.0,0.0,0.11279117286473235,0.0029308323563892145,0.014654161781946071,0.08496887253911145,0.2801724137931034,0.8347010550996483,2.3382594417077183,YJL008C,ess,ess
0.02890173410404624,0.010286109430374276,0.10810810810810813,0.6666666666666666,0.037188393951777685,0.016778523489932886,0.19966442953020133,0.22033220072449525,0.6380753138075315,0.18624161073825504,0.9823008849557522,YMR003W,non_ess,non_ess
0.0,0.0,0.0,0.0,0.037188393951777685,0.0,0.0,0.0,0.0,1.0,4.257142857142857,YKL141W,ess,ess
0.01445086705202312,0.001901633676203648,0.0,0.0,0.049243972210870464,0.00646830530401035,0.028460543337645538,0.22271202859542746,0.29028436018957343,0.4075032341526521,1.96875,YOR060C,ess,ess
0.01445086705202312,0.00112369262684761,0.0,0.0,0.05087862689006948,0.006273525721455458,0.01631116687578419,0.25115735733137196,0.351213282247765,0.5959849435382685,2.4111675126903562,YDL111C,ess,ess
0.008670520231213872,0.0006050652606102515,0.054054054054054064,0.4,0.08520637515324889,0.0023059185242121447,0.005380476556495004,0.0331018264338787,0.07142857142857141,0.8109146810146042,5.2487562189054735,YBR004C,ess,ess
0.02023121387283237,0.0025931368311867924,0.027027027027027032,0.5,0.09297098487944422,0.004946996466431096,0.02120141342756184,0.09715118484358468,0.25393993458221825,0.3406360424028269,1.9435483870967745,YNR026C,ess,ess
0.026011560693641616,0.007174345232950125,0.10810810810810813,4.0,0.031262770739681235,0.01768172888015717,0.16306483300589392,0.6872962727247571,0.5501408450704225,0.25343811394891946,1.048780487804878,YOL163W,non_ess,non_ess
0.008670520231213872,0.0010372547324747168,0.0,1.0,0.023906824683285657,0.007481296758104737,0.02992518703241895,0.5458163102881095,0.4893617021276596,0.9526184538653366,0.9820051413881749,YJR023C,ess,ess
0.031791907514450865,0.00898954101478088,0.13513513513513514,0.5,0.037188393951777685,0.018456375838926176,0.17449664429530198,0.3852768456375839,0.9500000000000002,0.2365771812080537,1.3689320388349515,YMR184W,non_ess,non_ess
0.17052023121387286,0.03059901460800415,0.10810810810810813,4.0,0.19002860645688602,0.020774647887323944,0.12464788732394365,0.3909673317683881,0.5182811016144349,0.09894366197183098,1.8366013071895424,YGR204W,non_ess,non_ess
0.16473988439306358,0.04633071138387069,0.13513513513513514,5.0,0.17858602370249285,0.02133233532934132,0.2005988023952096,1.3617967553265564,0.9556517036235808,0.0812125748502994,0.6555891238670695,YMR054W,non_ess,non_ess
0.0028901734104046237,0.0003457515774915723,0.0,0.0,0.06742950551695955,0.0009615384615384617,0.003846153846153847,0.026079277864992152,0.16439909297052152,0.7432692307692308,1.927680798004988,YML015C,ess,ess
0.08670520231213873,0.01633676203647679,0.10810810810810813,2.0,0.1158561503882305,0.01713306681896059,0.10793832095945173,0.29213902516896983,0.6639710576718452,0.1513420902341519,1.3184079601990049,YLR077W,non_ess,non_ess
0.023121387283236997,0.005532025239865157,0.0,0.0,0.16959542296689825,0.0031496062992125984,0.025196850393700787,0.1138920134983127,0.34,0.4771653543307087,2.2611940298507465,YNL126W,ess,ess
0.04335260115606936,0.027746564093698675,0.1891891891891892,1.4,0.045565999182672665,0.02086230876216968,0.4464534075104312,0.3913968604026177,0.8773994929373417,0.2489568845618915,0.9675675675675676,YCR007C,non_ess,non_ess
0.0,0.0,0.0,1.0,0.033850973981746364,0.0,0.0,0.0,0.0,1.0,1.7645161290322582,YGL030W,ess,ess
0.0,0.0,0.0,0.0,0.07989374744585206,0.0,0.0,0.0,0.0,1.0,3.694864048338368,YHR107C,ess,ess
0.07514450867052022,0.01322499783905264,0.13513513513513514,1.6666666666666667,0.052104617899468735,0.03190184049079755,0.18773006134969325,0.6328387463493993,1.0521831735889244,1.0,7.212389380530973,YKR043C,non_ess,non_ess
0.01445086705202312,0.001210130521220503,0.16216216216216214,1.2,0.014303228442991419,0.019230769230769232,0.05384615384615385,0.4203893932154802,1.0364906832298135,0.5576923076923077,1.1417322834645671,YDL130W-A,non_ess,non_ess
0.008670520231213872,0.0010372547324747168,0.0,0.0,0.10461789946873724,0.0018915510718789407,0.007566204287515763,0.08823962922323578,0.17694805194805194,0.4199243379571249,1.6860759493670887,YDL143W,ess,ess
0.02023121387283237,0.0035439536692886157,0.13513513513513514,5.0,0.015120555782590932,0.025735294117647058,0.15073529411764705,0.9253008021390372,1.6545454545454543,0.2757352941176471,0.6944444444444445,YOL159C-A,non_ess,non_ess
0.005780346820809247,0.0005186273662373584,0.0,0.0,0.02554147936248468,0.004705882352941176,0.014117647058823532,0.1475743555849306,0.34670947030497584,0.8682352941176471,3.4166666666666674,YJR067C,ess,ess
0.08670520231213873,0.01797908202956176,0.054054054054054064,1.0,0.11258684102983246,0.017615971814445096,0.12213740458015268,0.6390444409435286,2.504065040650407,0.13975337639459776,0.5573770491803278,YOR118W,non_ess,non_ess
0.0,0.0,0.0,0.0,0.08724969350224766,0.0,0.0,0.0,0.0,1.0,3.676795580110497,YPR085C,ess,ess
0.03757225433526011,0.007260783127323019,0.027027027027027032,0.5,0.02370249284838578,0.032663316582914576,0.21105527638190955,4.479088993353867,0.97438330170778,0.4145728643216081,0.8375634517766498,YDR366C,non_ess,non_ess
0.026011560693641616,0.005013397873627798,0.027027027027027032,0.5,0.03105843890478137,0.017786561264822136,0.11462450592885375,0.3980162577373406,1.9245283018867927,0.30039525691699603,0.6696035242290749,YCL033C,non_ess,non_ess
0.017341040462427744,0.002074509464949433,0.0,0.0,0.08765835717204741,0.004487658937920718,0.017950635751682868,0.2234544657364661,0.9956896551724138,0.681376215407629,1.405864197530864,YDL147W,ess,ess
0.01445086705202312,0.0007779410493560378,0.0,1.0,0.09297098487944422,0.00353356890459364,0.006360424028268552,0.1003037629409212,0.5236576289207867,0.4784452296819788,1.5966981132075468,YPL235W,ess,ess
0.026011560693641616,0.0036303915636615096,0.0,0.0,0.1340416836943196,0.0044598612487611496,0.02081268582755203,0.1000075408281984,0.4839816933638444,0.4489593657086224,1.2832861189801699,YNL103W,ess,ess
0.011560693641618495,0.0005186273662373584,0.0,0.0,0.048086091813104484,0.005291005291005291,0.007936507936507936,0.1042768959435626,0.4270833333333333,0.6587301587301587,1.4393063583815031,YBL040C,ess,ess
0.23410404624277456,0.084882012274181,0.2972972972972973,1.8333333333333333,0.08316305680425011,0.06372934697088907,0.7726199842643587,1.183111482201063,0.9456701599558744,0.07946498819826907,0.7163120567375887,YHR033W,non_ess,non_ess
0.05202312138728323,0.017114703085832832,0.054054054054054064,0.3333333333333333,0.04842664487127095,0.02365308804204994,0.2601839684625493,0.6501566764378854,1.5384615384615388,0.21287779237844945,0.7641509433962266,YKL207W,non_ess,non_ess
0.017341040462427744,0.003976143141153081,0.2702702702702703,5.0,0.0022476501838986514,0.07228915662650602,0.5542168674698795,2.217746900008794,1.094890510948905,0.2891566265060241,0.7058823529411765,YHL015W-A,non_ess,non_ess
0.05491329479768786,0.017287578874578616,0.08108108108108109,0.75,0.03248876174908051,0.03605313092979128,0.3795066413662239,0.9096282746099136,1.2302158273381296,0.27893738140417457,1.2049180327868851,YBR047W,non_ess,non_ess
0.0953757225433526,0.03958855562278503,0.2972972972972973,0.8461538461538461,0.03330608908868002,0.061224489795918366,0.8497217068645642,1.8579178506845773,1.2698734177215192,0.28385899814471244,1.1167883211678833,YEL066W,non_ess,non_ess
0.060693641618497114,0.00959460627539113,0.08108108108108109,1.0,0.0704944830404577,0.01935483870967742,0.10230414746543776,0.6019484736956052,1.321308724832215,0.2783410138248848,1.9235668789808917,YFR046C,non_ess,non_ess
0.017341040462427744,0.00224738525369522,0.0,1.0,0.10993052717613404,0.003605769230769232,0.015625,0.0965164953580902,0.5195924764890283,0.40865384615384615,2.048192771084337,YOR372C,ess,ess
0.08959537572254335,0.0236839830581727,0.027027027027027032,0.5,0.11667347772783,0.017583664208735108,0.15541690300623934,0.7262242389865758,0.8725490196078431,0.14804310833806011,1.0195312499999998,YIL036W,non_ess,non_ess
0.011560693641618495,0.0014694442043391822,0.0,0.0,0.12975071516142214,0.0020460358056265983,0.008695652173913044,0.04988430154670563,0.19444444444444445,0.39130434782608703,1.344463971880492,YGR009C,ess,ess
0.011560693641618495,0.005704901028610943,0.2702702702702703,2.5,0.007355946056395587,0.02531645569620253,0.4177215189873418,0.5174144258857014,0.9033530571992112,1.0,1.0,YBR056C-B,non_ess,non_ess
0.031791907514450865,0.008557351542916414,0.7567567567567568,2.0,0.006538618716796079,0.07534246575342465,0.678082191780822,1.8830593607305937,0.8266666666666668,0.9383561643835616,1.096,YER088W-B,non_ess,non_ess
0.0722543352601156,0.009767482064136915,0.0,0.0,0.0960359624029424,0.017123287671232876,0.0773972602739726,0.5006308579668348,1.2036483253588517,0.12876712328767126,0.8355555555555555,YNL137C,ess,non_ess
0.03468208092485549,0.008298037859797734,0.0,0.0,0.018594196975888846,0.03715170278637772,0.2972136222910217,0.9940240478076174,1.5639534883720931,0.2662538699690403,0.6370370370370371,YJL120W,non_ess,non_ess
0.1676300578034682,0.04512058086265018,0.027027027027027032,0.3333333333333333,0.09113199836534533,0.041786743515850135,0.3760806916426513,0.8711742603874073,0.9344073647871114,0.11527377521613832,1.0738255033557047,YPL003W,non_ess,non_ess
0.026011560693641616,0.010718298902238741,0.054054054054054064,0.6666666666666666,0.01982018798528811,0.026392961876832845,0.3636363636363637,0.5455784560736855,0.5525460455037919,0.2521994134897361,1.1944444444444444,YEL039C,non_ess,non_ess
0.1329479768786127,0.04425620191892125,0.1891891891891892,7.0,0.14139762975071518,0.021636876763875827,0.2408278457196613,0.4331093029195073,0.983581519663994,0.1185324553151458,1.1300448430493273,YFR015C,non_ess,non_ess
0.049132947976878616,0.0047540841905091185,0.32432432432432434,1.5,0.044748671843073164,0.024045261669024046,0.07779349363507779,0.5584877351192105,0.7983425414364642,0.12871287128712872,0.6319444444444444,YDR275W,non_ess,non_ess
0.07514450867052022,0.01659607571959547,0.027027027027027032,0.3333333333333333,0.08970167552104619,0.019019751280175568,0.14045354791514264,0.5871076310806459,1.251851851851852,0.246525237746891,2.119496855345912,YBR162C,non_ess,non_ess
0.0838150289017341,0.014953755726510504,0.054054054054054064,2.0,0.10482223130363713,0.018250471994965392,0.10887350534927627,0.5493166756015508,0.5611348528015196,0.15166771554436753,1.199004975124378,YBR239C,non_ess,non_ess
0.15895953757225434,0.05514737660990578,0.054054054054054064,0.6666666666666666,0.13833265222721702,0.026429601153291685,0.3065833733781836,0.7608859271781986,1.676706827309237,0.08649687650168188,0.5099150141643058,YDR234W,non_ess,non_ess
0.02890173410404624,0.003111764197424151,0.08108108108108109,1.5,0.03575807110747855,0.017391304347826087,0.06260869565217393,0.3998603108084513,0.6318607764390898,0.271304347826087,1.3000000000000005,YDR071C,non_ess,non_ess
0.04624277456647399,0.00950816838101824,0.2432432432432433,1.2857142857142858,0.04842664487127095,0.02102496714848883,0.1445466491458607,0.8858898320133537,1.364864864864865,0.19316688567674112,0.8497109826589595,YLR312W-A,non_ess,non_ess
0.017341040462427744,0.006569279972339874,0.10810810810810813,1.0,0.017572537801389457,0.01948051948051948,0.24675324675324675,0.4622195985832349,1.1958041958041954,0.3701298701298701,0.6063829787234043,YBL071C,non_ess,non_ess
0.02890173410404624,0.007001469444204339,0.027027027027027032,0.3333333333333333,0.2061708214139763,0.0032499187520311987,0.026324341891452715,0.07487387220081403,0.36904761904761896,0.3412414689632759,1.6535433070866141,YGR047C,ess,ess
0.031791907514450865,0.006137090500475408,0.08108108108108109,1.0,0.039844707805476096,0.01732283464566929,0.11181102362204724,0.4584289915567783,0.3992469879518072,0.2787401574803149,1.4508196721311477,YER183C,non_ess,non_ess
0.06358381502890173,0.03811911141844585,0.1891891891891892,1.0,0.018798528810788726,0.06748466257668713,1.3527607361963192,1.3692225751089897,0.6796049609554432,1.0,1.0,YLR296W,non_ess,non_ess
0.03757225433526011,0.014953755726510504,0.08108108108108109,0.5,0.04740498569677156,0.01742627345844504,0.2319034852546917,0.5167220959038925,0.6942246835443038,0.4571045576407507,2.2287581699346406,YPL107W,non_ess,non_ess
0.049132947976878616,0.007433658916068805,0.08108108108108109,0.6,0.04270535349407438,0.025110782865583457,0.12703101920236334,0.6616399299233967,0.7906976744186047,0.16395864106351551,0.9327731092436976,YDR304C,non_ess,non_ess
0.02023121387283237,0.009767482064136915,0.13513513513513514,5.0,0.024928483857785046,0.016826923076923076,0.27163461538461536,0.3184534507548526,0.8691588785046728,0.3125,0.9420289855072465,YOR333C,non_ess,non_ess
0.023121387283236997,0.003111764197424151,0.08108108108108109,1.0,0.018594196975888846,0.02476780185758514,0.11145510835913312,0.5394841153939232,0.5665278118108307,1.0,1.0,YER067C-A,non_ess,non_ess
0.01445086705202312,0.0033710778805428297,0.0,1.0,0.18430731507968945,0.00181422351233672,0.014150943396226415,0.035215272690874516,0.0686106346483705,0.4169085631349782,2.316532258064516,YGL008C,ess,ess
0.0,0.0,0.0,0.0,0.14241928892521455,0.0,0.0,0.0,0.0,1.0,4.316532258064516,YJL061W,ess,ess
0.03468208092485549,0.004840522084882012,0.054054054054054064,2.0,0.13771965672251738,0.0057915057915057895,0.027027027027027032,0.15819750719079578,0.5407478427612655,0.4995173745173745,2.8991596638655466,YDL141W,ess,ess
0.06358381502890173,0.016163886247731005,0.10810810810810813,8.0,0.07253780138945648,0.01973094170403588,0.16771300448430493,0.3832799487508008,1.0084033613445378,0.3040358744394619,1.12624584717608,YNL005C,non_ess,non_ess
0.005780346820809247,0.0015558820987120756,0.0,0.0,0.08357172047404986,0.0015661707126076742,0.014095536413469069,0.0442443226311668,0.17224880382775118,0.9130775254502741,2.480851063829787,YNL207W,ess,ess
0.0722543352601156,0.10873887112109948,0.027027027027027032,0.3333333333333333,0.16489579076420108,0.010117361392148928,0.5091056252529339,0.35828106029947393,0.8409926470588236,0.5920679886685553,2.5848056537102475,YHR172W,ess,ess
0.0028901734104046237,0.0003457515774915723,0.0,0.0,0.04229668982427463,0.0014903129657228018,0.005961251862891207,0.04172083584361226,0.13753799392097266,0.9597615499254843,1.694736842105263,YBR193C,ess,ess
0.05491329479768786,0.012706370472815282,0.054054054054054064,1.0,0.06885982836125869,0.0179076343072573,0.13854853911404336,0.6840948872051605,1.0487012987012991,1.0,5.226600985221675,YOR173W,non_ess,non_ess
0.03468208092485549,0.006396404183594088,0.16216216216216214,3.0,0.033714752758479766,0.02201834862385321,0.13577981651376148,0.42012951969778745,0.8161764705882354,0.1963302752293578,0.981651376146789,YGL242C,non_ess,non_ess
0.011560693641618495,0.0014694442043391822,0.0,0.0,0.12443808745402535,0.002131060202450719,0.009057005860415556,0.04544426904045279,0.17712177121771214,0.4294086307938199,2.608414239482201,YKR008W,ess,ess
0.04046242774566474,0.005964214711729622,0.0,1.0,0.029628116060482226,0.0288659793814433,0.1422680412371134,0.7630457122020752,3.0610932475884245,0.3134020618556701,0.5823754789272031,YLR042C,non_ess,non_ess
0.1184971098265896,0.025672054628749243,0.1891891891891892,1.1666666666666667,0.1275030649775235,0.02133194588969823,0.15452653485952134,0.3529387932652121,1.0136171337916446,0.0983350676378772,0.63,YIL056W,non_ess,non_ess
0.0028901734104046237,0.00017287578874578615,0.027027027027027032,0.14285714285714285,0.07703310175725378,0.000846740050804403,0.001693480101608806,0.03767041832764083,0.34269662921348315,0.8416596104995766,2.101479915433404,YPR025C,ess,ess
0.0722543352601156,0.026882185149969744,0.054054054054054064,2.0,0.03923171230077646,0.039936102236421724,0.4968051118210863,0.5390986072769006,1.0,0.1805111821086262,1.3614457831325302,YML001W,non_ess,non_ess
0.026011560693641616,0.014608004149018932,0.10810810810810813,0.5714285714285714,0.017981201471189208,0.028662420382165606,0.5382165605095541,0.4935310509554141,1.0885416666666667,0.5923566878980892,1.148148148148148,YGR209C,non_ess,non_ess
0.023121387283236997,0.003457515774915723,0.0,0.0,0.06804250102165918,0.0076263107721639654,0.03813155386081983,0.17821913408746806,0.13471384685402207,0.4737845567206864,4.825242718446602,YGL001C,ess,ess
0.026011560693641616,0.0044083326130175465,0.16216216216216214,3.0,0.021250510829587253,0.02486187845303868,0.1408839779005525,0.5631976547525087,1.0583090379008748,0.19060773480662985,0.5655737704918032,YGL089C,non_ess,non_ess
0.10115606936416184,0.035612412481631946,0.16216216216216214,0.6666666666666666,0.02308949734368615,0.08997429305912596,1.0591259640102828,2.8838312206364685,1.4120689655172416,0.1928020565552699,0.6756756756756757,YLR279W,non_ess,non_ess
0.0,0.0,0.0,0.0,0.09930527176134042,0.0,0.0,0.0,0.0,1.0,1.228013029315961,YLR033W,ess,ess
0.023121387283236997,0.010286109430374276,0.0,0.0,0.13608500204331836,0.00390625,0.05810546875,0.14715998427672955,0.2481023639123834,0.4423828125,3.790794979079498,YJL034W,ess,ess
0.04046242774566474,0.020312905177629872,0.21621621621621626,0.8,0.05190028606456886,0.017241379310344827,0.2894088669950739,0.30301384740700515,0.6441929133858267,0.3103448275862069,1.8260869565217392,YNR020C,non_ess,non_ess
0.02890173410404624,0.01434869046590025,0.0,0.0,0.028606456885982838,0.02127659574468085,0.3531914893617021,0.6610942249240122,0.7063492063492065,0.3170212765957447,1.732558139534884,YGL199C,non_ess,non_ess
0.005780346820809247,0.0006050652606102515,0.0,0.0,0.03637106661217818,0.003424657534246575,0.011986301369863013,0.10922743129413767,0.2498274672187716,0.464041095890411,1.7947019867549672,YOL146W,ess,ess
0.03468208092485549,0.003889705246780188,0.0,0.0,0.01736820596648958,0.03934426229508197,0.14754098360655735,0.8731004989308625,0.7630434782608697,0.4819672131147541,1.1052631578947367,YGL149W,non_ess,non_ess
0.1676300578034682,0.0697553807589247,0.027027027027027032,0.25,0.08459337964854925,0.04489164086687306,0.6246130030959752,0.8666651923927465,0.7570868347338936,0.10758513931888544,0.7853107344632768,YDL001W,non_ess,non_ess
0.07514450867052022,0.02048578096637566,0.027027027027027032,0.3333333333333333,0.09889660809154067,0.017310252996005325,0.1577896138482024,0.5825122059476253,0.8282828282828283,0.2436750998668442,1.1124620060790271,YGL202W,non_ess,non_ess
0.18208092485549127,0.10943037427608264,0.08108108108108109,3.0,0.1409889660809154,0.029716981132075482,0.5971698113207548,1.2082365747460089,1.5237315875613748,0.15518867924528304,1.4059829059829059,YPL155C,non_ess,non_ess
0.10404624277456646,0.029388884086783643,0.0,1.0,0.13731099305271766,0.017424975798644726,0.16456921587608905,0.33394371289611496,0.7048192771084338,0.13746369796708616,0.7654986522911049,YJR110W,non_ess,non_ess
0.0028901734104046237,0.0002593136831186792,0.0,0.0,0.038618716796076834,0.0016207455429497568,0.004862236628849271,0.04685105968417603,0.09914129586260734,1.0,2.21146953405018,YER094C,ess,ess
0.005780346820809247,0.0006050652606102515,0.0,0.0,0.06885982836125869,0.001885014137606032,0.006597549481621111,0.055429604911226026,0.2860360360360361,0.6173421300659755,2.2354948805460757,YJR068W,ess,ess
0.05202312138728323,0.012619932578442388,0.2432432432432433,2.25,0.06007355946056396,0.019313304721030045,0.15665236051502146,0.4352047851164236,0.5192307692307693,0.21888412017167386,1.5454545454545454,YJL196C,non_ess,non_ess
0.07514450867052022,0.047108652433226726,0.027027027027027032,1.0,0.014916223947691053,0.0966542750929368,2.0260223048327144,3.44360322785384,2.853658536585366,1.0,1.0,YKR075W-A,non_ess,non_ess
0.0,0.0,0.027027027027027032,0.16666666666666666,0.02145484266448713,0.0,0.0,0.0,0.0,1.0,1.5869565217391306,YBR253W,ess,ess
0.06647398843930635,0.019534964128273838,0.054054054054054064,0.6666666666666666,0.07996185805748536,0.018790849673202614,0.18464052287581695,0.5052962312619906,0.7339166237776633,0.238562091503268,1.5869565217391306,YHR097C,non_ess,non_ess
0.13872832369942195,0.03716829458034402,0.35135135135135137,1.0,0.07396812423375562,0.04225352112676056,0.3785211267605634,0.7095533728687916,0.7659574468085105,0.19982394366197184,1.0225225225225227,YOL003C,non_ess,non_ess
0.05780346820809248,0.02489411357939321,0.027027027027027032,2.0,0.011646914589293013,0.09049773755656107,1.3031674208144797,3.2388886539518755,2.747663551401869,0.20361990950226244,0.4891304347826087,YBR298C-A,non_ess,non_ess
0.01445086705202312,0.003111764197424151,0.027027027027027032,0.5,0.1293420514916224,0.0025654181631605947,0.018471010774756286,0.04332799080126282,0.4469779225479551,0.36480246280143663,0.8345070422535211,YBR123C,ess,ess
0.05491329479768786,0.02273316622007088,0.21621621621621626,2.0,0.020024519820187988,0.055232558139534885,0.7645348837209303,3.6781139140717385,1.4637904468412946,0.25872093023255816,0.9673913043478264,YLR428C,non_ess,non_ess
0.0838150289017341,0.025412740945630563,0.0,0.0,0.10829587249693504,0.01768292682926829,0.17926829268292682,0.5412257755508069,0.7434613724643935,0.2664634146341464,1.875536480686696,YOR380W,non_ess,non_ess
0.0028901734104046237,0.0012965684155933962,0.0,0.0,0.06497752349816102,0.00099601593625498,0.014940239043824704,0.03333153871002477,0.2367567567567568,0.9810756972111554,1.8869731800766285,YHR085W,ess,ess
0.05202312138728323,0.00509983576800069,0.0,0.0,0.16223947691050267,0.007401315789473685,0.02425986842105263,0.1858207767402377,0.4536290322580646,0.2935855263157895,2.00561797752809,YBR049C,ess,ess
0.03468208092485549,0.0042354568242717605,0.08108108108108109,1.0,0.03105843890478137,0.023715415019762844,0.09683794466403164,0.663049325256683,0.7607776838546068,0.3478260869565217,1.1503267973856208,YPL108W,non_ess,non_ess
0.02023121387283237,0.0044083326130175465,0.0,1.0,0.0976706170821414,0.0047169811320754715,0.03436657681940701,0.12929582210242588,0.3970588235294118,0.6495956873315364,5.0736842105263165,YDR082W,ess,ess
0.008670520231213872,0.0006915031549831446,0.0,0.0,0.051287290559869234,0.003735990037359901,0.0099626400996264,0.19122521314302132,0.2934065934065934,0.5790784557907845,3.369565217391304,YPR183W,ess,ess
0.0953757225433526,0.024548362001901632,0.2702702702702703,1.25,0.09562729873314264,0.02269601100412655,0.1953232462173315,0.4309245917714192,0.8168316831683168,0.14305364511691884,1.3594771241830066,YPL224C,non_ess,non_ess
0.10404624277456646,0.02757368830495289,0.0,1.0,0.03003677973028198,0.07331975560081466,0.6496945010183299,2.3593249927262145,1.216589861751152,1.0,7.919354838709677,YDR491C,non_ess,non_ess
0.02023121387283237,0.0016423199930849686,0.16216216216216214,1.0,0.021250510829587253,0.01933701657458564,0.052486187845303865,0.5777842396045362,0.8721804511278195,0.6961325966850829,1.2233009708737863,YHL018W,non_ess,non_ess
0.049132947976878616,0.006569279972339874,0.0,0.0,0.1937065794850838,0.005874222529371113,0.02626123013130615,0.13223385715573452,0.5235507246376813,1.0,1.0,YBR079C,ess,ess
0.005780346820809247,0.0010372547324747168,0.027027027027027032,0.5,0.08030241111565183,0.0016273393002441008,0.009764035801464606,0.03913514025926833,0.24110032362459544,0.9161920260374288,2.9246753246753245,YNL152W,ess,ess
0.02890173410404624,0.007347221021695911,0.08108108108108109,0.6,0.02819779321618308,0.02155172413793104,0.18318965517241376,0.6093386184721145,1.2632062471290768,0.3577586206896552,0.8469387755102041,YGL041W-A,non_ess,non_ess
0.017341040462427744,0.0037168294580344026,0.2432432432432433,0.9,0.006129955046996323,0.042857142857142864,0.3071428571428572,0.8774131274131275,0.8851351351351352,0.3142857142857143,0.8461538461538461,YNL067W-B,non_ess,non_ess
0.008670520231213872,0.0009508168381018238,0.0,0.0,0.05230894973436862,0.0036674816625916866,0.013447432762836184,0.12444752680082752,0.4656593406593407,0.5427872860635696,0.997752808988764,YLR243W,ess,ess
0.017341040462427744,0.00224738525369522,0.0,0.0,0.18144666939109114,0.002210759027266028,0.009579955784819457,0.08323005292423126,0.3446969696969697,0.5051584377302873,1.847708894878706,YNL313C,ess,ess
0.04046242774566474,0.015645258881493648,0.13513513513513514,1.0,0.04903964037597058,0.01818181818181818,0.23506493506493506,0.31755651755651754,1.3796296296296295,0.2233766233766233,1.1700680272108843,YCL005W,non_ess,non_ess
0.017341040462427744,0.0016423199930849686,0.054054054054054064,0.6666666666666666,0.0036779730281977937,0.0576923076923077,0.18269230769230768,1.9494833524684272,1.1940298507462688,0.5961538461538461,1.8235294117647056,YBR221W-A,non_ess,non_ess
0.02023121387283237,0.00449477050739044,0.054054054054054064,0.6666666666666666,0.11789946873722927,0.0039303761931499155,0.0291970802919708,0.11096255440329318,0.3016574585635359,0.2953396967995508,2.046692607003891,YGR065C,ess,ess
0.0953757225433526,0.025672054628749243,0.1891891891891892,1.4,0.023498161013485903,0.08354430379746837,0.7518987341772152,1.1998335356337786,0.7760273972602741,0.1569620253164557,1.0,YBL002W,non_ess,non_ess
0.031791907514450865,0.009335292592272452,0.40540540540540543,1.1538461538461535,0.024451709576352003,0.026894865525672367,0.26405867970660146,0.9856050117339774,2.694779116465864,0.26405867970660146,0.4695652173913043,YDL012C,non_ess,non_ess
0.1329479768786127,0.030253263030512574,0.0,1.0,0.15161422149570905,0.020210896309314587,0.15377855887521968,0.4984405554592935,1.3166742389822808,0.20342706502636204,1.815686274509804,YKL034W,non_ess,non_ess
0.01445086705202312,0.009681044169764024,0.2432432432432433,3.0,0.0067429505516959564,0.03355704697986577,0.7516778523489933,1.1502609992542878,0.9259259259259259,0.6912751677852349,1.1444444444444444,YLR406C-A,non_ess,non_ess
0.023121387283236997,0.012447056789696605,0.2702702702702703,0.9090909090909092,0.027652908323116742,0.017543859649122806,0.3157894736842105,0.4140675763482781,1.7333333333333332,0.5219298245614035,0.9875518672199168,YBR255C-A,non_ess,non_ess
0.01445086705202312,0.00112369262684761,0.0,0.0,0.08888434818144668,0.003690036900369004,0.00959409594095941,0.1065664873516205,0.2576974564926372,0.5424354243542435,3.730964467005077,YOL069W,ess,ess
0.0028901734104046237,8.643789437289306e-05,0.0,0.0,0.08827135267674703,0.0007429420505200594,0.0007429420505200594,0.01946428286120564,0.12567204301075266,1.0,1.9592430858806409,YBR243C,ess,ess
0.060693641618497114,0.009853919958509809,0.08108108108108109,3.0,0.058643236616264825,0.02305159165751921,0.1251372118551043,0.6714653326375267,0.8452868852459016,0.2579582875960483,0.9710743801652892,YER185W,non_ess,non_ess
0.2052023121387283,0.1595643530123606,0.13513513513513514,1.25,0.08561503882304862,0.05432287681713849,1.4123947972456006,1.3515644924764092,1.0669398907103826,0.12318286151491968,1.0,YOR301W,non_ess,non_ess
0.005780346820809247,0.0004321894718644654,0.0,0.0,0.042092357989374746,0.0029940119760479052,0.00748502994011976,0.0878726418131479,0.15933528836754646,0.8547904191616766,2.6807511737089205,YOL135C,ess,ess
0.19942196531791906,0.07753479125248508,0.0,0.0,0.2357989374744585,0.019646924829157177,0.2554100227790433,0.5069066337018724,1.014430894308943,0.13411161731207288,0.7733990147783251,YKL038W,non_ess,non_ess
0.05491329479768786,0.00786584838793327,0.13513513513513514,0.625,0.056599918267266035,0.021566401816118047,0.10329171396140747,0.3624714522106587,1.3734939759036144,0.9920544835414302,3.3875968992248064,YPL068C,non_ess,non_ess
0.0722543352601156,0.013397873627798429,0.16216216216216214,1.2,0.052717613404168376,0.03033980582524272,0.18810679611650485,1.1223795683631193,0.8787449870252418,0.17354368932038836,0.89937106918239,YBR213W,non_ess,non_ess
0.08959537572254335,0.02195522517071484,0.10810810810810813,0.6666666666666666,0.10012259910093993,0.020394736842105264,0.16710526315789473,0.6008728244915077,0.9927980386147716,1.0,4.175824175824176,YDR030C,non_ess,non_ess
0.08670520231213873,0.011323364162848992,0.2702702702702703,1.6666666666666667,0.0815284021250511,0.02405773857257417,0.10505212510024058,1.0239701333620859,0.5363847666726265,1.0,8.971223021582734,YGL208W,non_ess,non_ess
0.09826589595375723,0.05022041663065088,0.0,1.0,0.022067838169186758,0.09090909090909093,1.553475935828877,3.7420718816067655,1.3941248470012242,0.5347593582887701,0.9478672985781992,YFL012W-A,non_ess,non_ess
0.10404624277456646,0.04589852191200623,0.027027027027027032,0.5,0.04100258820324207,0.05521472392638037,0.8144171779141104,1.119054850270303,0.6619519094766619,0.2776073619631902,2.5857142857142863,YOR318C,non_ess,non_ess
0.04046242774566474,0.029907511453021007,0.13513513513513514,1.25,0.0046996322026971816,0.1176470588235294,2.907563025210084,3.1917554423344137,0.8618468146027201,0.3277310924369748,0.9069767441860466,YBR296C-A,non_ess,non_ess
0.0,0.0,0.0,1.0,0.1058438904781365,0.0,0.0,0.0,0.0,1.0,8.060301507537691,YOL123W,ess,ess
0.05202312138728323,0.019275650445155158,0.0,0.0,0.22415202288516556,0.005387608500448967,0.06674648308889554,0.4696474182998735,0.6385702854094425,0.5471415743789285,1.379622641509434,YMR047C,ess,ess
0.0028901734104046237,8.643789437289306e-05,0.0,1.0,0.0588475684511647,0.0010940919037199122,0.0010940919037199122,0.0180819274840592,0.7258064516129031,0.9332603938730852,1.0556930693069306,YJR007W,ess,ess
0.06358381502890173,0.010113233641628491,0.13513513513513514,1.6666666666666667,0.08071107478545159,0.017813765182186234,0.09473684210526316,0.4871226012599626,0.7686846038863975,0.31659919028340083,0.9376498800959234,YOR042W,non_ess,non_ess
0.04046242774566474,0.012533494684069495,0.0,0.0,0.03739272578667757,0.02337228714524207,0.2420701168614357,0.6679553642034971,1.0202429149797572,0.25041736227045075,1.1111111111111112,YNL208W,non_ess,non_ess
0.1676300578034682,0.04079868614400553,0.054054054054054064,1.0,0.12545974662852474,0.0306553911205074,0.24947145877378435,0.5103220992413879,0.6513368983957221,0.07610993657505286,0.7741935483870968,YER005W,non_ess,non_ess
0.02890173410404624,0.006396404183594088,0.1891891891891892,3.5,0.031467102574581116,0.01953125,0.14453125,0.3481770833333333,1.0523809523809522,0.37109375,0.6397306397306397,YDL177C,non_ess,non_ess
0.20809248554913293,0.04218169245397182,0.0,1.0,0.2738046587658357,0.01769041769041769,0.1199017199017199,0.5230355569978211,1.474106784423926,0.055773955773955775,0.3139695712309821,YAL017W,non_ess,non_ess
0.031791907514450865,0.00509983576800069,0.0,0.0,0.05108295872496935,0.01375,0.07375,0.3721034482758621,0.7532019704433496,0.32,1.5058823529411764,YFR050C,ess,ess
0.08092485549132948,0.03103120407986861,0.16216216216216214,0.6666666666666666,0.09358398038414384,0.01966292134831461,0.2521067415730337,0.8238327091136078,0.7259259259259259,0.17345505617977527,0.7395209580838323,YLL063C,non_ess,non_ess
0.06647398843930635,0.03267352407295358,0.1891891891891892,1.75,0.06007355946056396,0.02467811158798283,0.4055793991416309,0.7422154802427111,1.4540229885057467,0.13197424892703866,0.5020408163265306,YHR199C,non_ess,non_ess
0.10693641618497107,0.04693577664448094,0.13513513513513514,1.0,0.09174499387004496,0.02648532569792412,0.38869005010737295,0.3603665395484101,0.6487137667729261,0.21546170365068004,1.7705882352941178,YPR152C,non_ess,non_ess
0.04046242774566474,0.005964214711729622,0.16216216216216214,3.0,0.01982018798528811,0.04105571847507331,0.20234604105571846,1.067448680351906,0.5708941264496821,0.3988269794721408,2.3859649122807016,YIL012W,non_ess,non_ess
0.04624277456647399,0.015991010458985218,0.21621621621621626,1.6,0.008173273395995098,0.09411764705882353,1.088235294117647,2.2620275344180225,1.7021276595744683,0.6823529411764706,2.5217391304347827,YPR074W-A,non_ess,non_ess
0.08959537572254335,0.08220243754862132,0.054054054054054064,0.6666666666666666,0.017572537801389457,0.10064935064935067,3.0876623376623376,2.5992939099735217,0.9697950377562028,0.2922077922077922,1.6666666666666663,YEL059W,non_ess,non_ess
0.05780346820809248,0.0112369262684761,0.027027027027027032,0.1,0.056395586432366175,0.02277904328018224,0.1480637813211845,0.6813613828219216,0.8877005347593585,0.4441913439635535,1.0743801652892562,YKL052C,ess,non_ess
0.008670520231213872,0.0015558820987120756,0.0,0.0,0.1845116469145893,0.0010873504893077204,0.006524102935846321,0.030813064528130693,0.06613055818353833,0.4711852120333454,2.9748283752860414,YKL165C,ess,ess
0.011560693641618495,0.001901633676203648,0.054054054054054064,0.6666666666666666,0.010625255414793628,0.019417475728155338,0.10679611650485436,0.6059717897050741,4.377358490566038,0.9708737864077672,0.9708737864077672,YMR174C,non_ess,non_ess
0.07803468208092486,0.022819604114443767,0.0,1.0,0.08786268900694727,0.020149253731343283,0.19701492537313434,0.5845005740528129,1.898601398601399,0.1619402985074627,0.6802507836990597,YHR011W,non_ess,non_ess
0.07514450867052022,0.010718298902238741,0.054054054054054064,0.6666666666666666,0.09889660809154067,0.017310252996005325,0.08255659121171771,0.5054166461179332,1.5903479236812568,0.12383488681757655,1.0813953488372094,YDR330W,non_ess,non_ess
0.03468208092485549,0.0035439536692886157,0.0,0.0,0.07744176542705354,0.010109519797809604,0.03454085930918281,0.19479580020302392,0.27137809187279155,0.2502106149957877,2.7757009345794392,YLR355C,ess,ess
0.011560693641618495,0.0037168294580344026,0.0,0.0,0.1058438904781365,0.002493765586034913,0.02680798004987531,0.07896924355777223,0.4476190476190475,0.7350374064837906,2.4460580912863072,YDR299W,ess,ess
0.08092485549132948,0.024375486213155845,0.0,0.0,0.07315079689415611,0.02491103202846975,0.2508896797153025,0.7701874747771214,1.3211736716891356,0.2090747330960854,1.1298076923076923,YDR459C,non_ess,non_ess
0.06358381502890173,0.02005359149451119,0.054054054054054064,1.0,0.018798528810788726,0.06748466257668713,0.7116564417177914,1.4263558282208588,0.8883809523809523,0.2699386503067485,1.0731707317073171,YGR269W,non_ess,non_ess
0.12427745664739885,0.06595211340651741,0.0,1.0,0.019411524315488357,0.12835820895522387,2.277611940298508,6.3874094872173774,2.2807637906647806,0.14328358208955225,0.294478527607362,YBL109W,non_ess,non_ess
0.07803468208092486,0.017806206240815973,0.1891891891891892,1.4,0.10237024928483858,0.017385705086928525,0.13264649066323245,1.0619472515342259,0.9183673469387754,0.15904700579523506,0.98015873015873,YIL085C,non_ess,non_ess
0.06936416184971098,0.013830063099662893,0.21621621621621626,2.6666666666666665,0.05782590927666531,0.02669632925472748,0.17797552836484984,0.5200222469410456,1.121527777777778,1.0,3.4844961240310086,YGL162W,non_ess,non_ess
0.15895953757225434,0.03950211772841213,0.13513513513513514,0.625,0.031262770739681235,0.10805500982318272,0.8978388998035364,1.8565815324165031,1.1317073170731708,0.2180746561886051,0.7928571428571428,YJR115W,non_ess,non_ess
0.03757225433526011,0.006482842077966981,0.4324324324324325,1.7777777777777777,0.045361667347772784,0.018156424581005588,0.10474860335195532,0.5337725690227513,7.677536231884058,0.19553072625698328,0.42944785276073616,YOR126C,non_ess,non_ess
0.017341040462427744,0.0028524505143054713,0.0,0.0,0.18778095627298733,0.002137513359458497,0.011756323477021732,0.09209859448414004,0.21192452830188674,0.8332739579622372,4.783231083844581,YNL287W,ess,ess
0.10982658959537572,0.03431584406603855,0.3783783783783784,2.8,0.13812832039231712,0.01828681424446583,0.19104908565928772,0.5048677610073493,0.9611879160266256,0.19778633301251208,0.9362186788154896,YKL146W,non_ess,non_ess
0.023121387283236997,0.007779410493560376,0.13513513513513514,1.0,0.022680833673886392,0.020887728459530026,0.2349869451697128,0.4689159404564105,0.5018981018981019,0.3342036553524804,1.4712643678160915,YDR529C,non_ess,non_ess
0.1184971098265896,0.019362088339528048,0.027027027027027032,1.0,0.13690232938291788,0.019902912621359226,0.1087378640776699,0.6865745201215445,1.06994496715782,0.11844660194174755,1.1244239631336406,YIL105C,non_ess,non_ess
0.049132947976878616,0.007433658916068805,0.054054054054054064,0.6666666666666666,0.04372701266857377,0.024566473988439308,0.12427745664739885,0.8933422791081751,1.1991071428571431,0.2239884393063584,1.4903846153846154,YLR168C,non_ess,non_ess
0.14161849710982655,0.11141844584665918,0.4594594594594595,1.5454545454545454,0.06947282386595832,0.04579439252336449,1.2046728971962617,0.9299384027187764,1.225,0.17102803738317754,0.9242424242424242,YPR040W,non_ess,non_ess
0.17630057803468208,0.14158527098279886,0.3783783783783784,1.0,0.12566407846342462,0.032189973614775734,0.8643799472295515,0.636631116826678,0.8249737394957983,0.07862796833773088,1.3185840707964605,YCR061W,non_ess,non_ess
0.0,0.0,0.0,1.0,0.10890886800163466,0.0,0.0,0.0,0.0,1.0,2.4648729446935724,YKL089W,ess,ess
0.03468208092485549,0.006137090500475408,0.0,0.0,0.08888434818144668,0.008856088560885609,0.05239852398523985,0.2939410157460353,0.4516978152145301,0.26346863468634685,1.7673267326732671,YPL151C,ess,ess
0.0953757225433526,0.020572218860748552,0.08108108108108109,1.0,0.056599918267266035,0.03745743473325766,0.27014755959137343,0.8441387905900157,1.0145243282498182,0.19977298524404088,0.8110599078341014,YLR091W,non_ess,non_ess
0.12427745664739885,0.02852450514305472,0.1891891891891892,1.75,0.12055578259092767,0.023626373626373626,0.1813186813186813,0.8545383188240331,1.2844155844155845,0.11923076923076925,0.554987212276215,YOL158C,non_ess,non_ess
0.08092485549132948,0.01348431152217132,0.1891891891891892,2.333333333333333,0.0670208418471598,0.02707930367504836,0.15087040618955513,0.5851943027958502,0.8093841642228738,0.2640232108317215,1.1518987341772151,YHR034C,non_ess,non_ess
0.1676300578034682,0.05350505661682081,0.16216216216216214,3.0,0.12607274213322436,0.030510257759074167,0.3256180957390847,1.307603841115615,0.7654600301659124,0.10994213571804314,0.9675925925925928,YCL025C,non_ess,non_ess
0.017341040462427744,0.001901633676203648,0.0,0.0,0.17225173682059666,0.0023264831329972853,0.008530438154323382,0.11714665068678252,0.2529644268774704,0.3947266382318728,2.0118577075098814,YDR416W,ess,ess
0.02023121387283237,0.006482842077966981,0.0,1.0,0.10155292194523907,0.004542504866969501,0.04866969500324465,0.17566384592938433,0.4416107382550337,0.2472420506164828,1.221153846153846,YMR093W,ess,ess
0.031791907514450865,0.0076929725991874845,0.10810810810810813,4.0,0.03964037597057622,0.01740506329113924,0.14082278481012658,0.3723610629443385,1.1254280821917808,0.24367088607594936,0.4063324538258575,YBR052C,non_ess,non_ess
0.031791907514450865,0.006828593655458553,0.0,0.0,0.034463969486445985,0.019784172661870502,0.1420863309352518,0.3018499486125385,0.5200680272108844,0.3237410071942446,1.782178217821782,YPR153W,non_ess,non_ess
0.011560693641618495,0.0016423199930849686,0.08108108108108109,0.2307692307692308,0.06395586432366163,0.004044489383215368,0.019211324570273004,0.1359092024099413,0.21095960895292,0.5733063700707786,4.572580645161291,YHR083W,ess,ess
0.01445086705202312,0.0036303915636615096,0.10810810810810813,0.5714285714285714,0.00878626890069473,0.027932960893854747,0.2346368715083799,0.8752327746741154,1.2003968253968254,0.4692737430167598,1.1052631578947372,YML081C-A,non_ess,non_ess
0.12716763005780346,0.022906042008816664,0.1891891891891892,14.0,0.1129955046996322,0.025746050321825628,0.155061439438268,1.032487155029377,1.2054794520547945,0.15389116442363954,0.5502092050209205,YLR120C,non_ess,non_ess
0.008670520231213872,0.0033710778805428297,0.0,0.0,0.0913363302002452,0.002156721782890007,0.02803738317757009,0.05978377833845421,0.3272292993630573,0.6391085549964055,2.2794871794871803,YDR190C,ess,ess
0.05780346820809248,0.019102774656409367,0.32432432432432434,1.5,0.06211687780956274,0.02079002079002079,0.2297297297297297,0.6520339263702096,1.1897738446411013,0.36174636174636177,0.5631067961165049,YGL136C,non_ess,non_ess
0.008670520231213872,0.003111764197424151,0.0,0.0,0.1501838986514099,0.0013303769401330375,0.015964523281596452,0.0273771290505404,0.1672005124919923,0.7339246119733924,2.72203947368421,YGR264C,ess,ess
0.02890173410404624,0.005272711556746477,0.21621621621621626,1.6,0.013894564773191663,0.03937007874015748,0.24015748031496065,1.1390115869662634,0.8462675535846268,0.2952755905511811,0.9259259259259259,YMR122W-A,non_ess,non_ess
0.017341040462427744,0.003457515774915723,0.0,0.0,0.07744176542705354,0.005054759898904802,0.03369839932603201,0.1745643814592074,0.33230198019801976,0.590564448188711,2.6156716417910446,YOR057W,ess,ess
0.05780346820809248,0.01797908202956176,0.2972972972972973,1.2222222222222223,0.02227217000408664,0.05305039787798409,0.5517241379310345,1.7811277148935054,2.6485148514851486,0.9336870026525201,0.9696969696969696,YDR426C,non_ess,non_ess
0.3526011560693641,0.4386723139424323,0.32432432432432434,1.5,0.3091540662035145,0.026585312704292874,1.1059054260187404,0.6311229583381899,0.8364513350559862,0.14251470908694705,1.630922693266833,YDR406W,non_ess,non_ess
0.04046242774566474,0.006137090500475408,0.08108108108108109,0.6,0.032693093583980384,0.026415094339622643,0.1339622641509434,0.8524625060474118,0.9716239316239316,0.4150943396226415,2.391304347826088,YLR109W,non_ess,non_ess
0.017341040462427744,0.0007779410493560378,0.0,0.0,0.09337964854924398,0.00422237860661506,0.0063335679099225895,0.1132711705371804,0.4131944444444444,0.4152005629838142,1.586021505376344,YLR212C,ess,ess
0.01445086705202312,0.003803267352407295,0.0,0.0,0.11749080506742952,0.0028169014084507052,0.0247887323943662,0.07812206572769954,0.30357142857142866,0.4653521126760564,1.787878787878788,YNL308C,ess,ess
0.008670520231213872,0.0010372547324747168,0.0,0.0,0.14262362076011445,0.0013992537313432835,0.005597014925373134,0.06698507462686566,0.16799999999999998,0.5755597014925373,2.9734939759036147,YHR074W,ess,ess
0.02890173410404624,0.00959460627539113,0.10810810810810813,1.0,0.023498161013485903,0.02531645569620253,0.2810126582278481,0.7184247538677918,1.4197530864197532,1.0,1.0,YJL064W,non_ess,non_ess
0.05491329479768786,0.012447056789696605,0.054054054054054064,0.6666666666666666,0.0488353085410707,0.024771838331160364,0.1877444589308996,0.7133780428997517,0.8628648004764741,0.14993481095176012,1.2365591397849462,YGR248W,non_ess,non_ess
0.0028901734104046237,0.0002593136831186792,0.0,0.0,0.06661217817736004,0.0009727626459143967,0.002918287937743191,0.020857433308795168,0.14264264264264262,0.9523346303501944,3.1682847896440127,YNR035C,ess,ess
0.17630057803468208,0.050739043996888236,0.0,0.0,0.11176951369023294,0.03607332939089297,0.34713187463039624,0.9876851728209008,0.9898338220918866,0.11176818450620933,0.8325991189427313,YGR087C,non_ess,non_ess
0.03757225433526011,0.01184199152908635,0.21621621621621626,2.0,0.04025337147527585,0.0202808112324493,0.21372854914196568,0.8133160942876072,1.3059360730593608,0.28081123244929795,1.1180124223602486,YLR119W,non_ess,non_ess
0.02023121387283237,0.0035439536692886157,0.054054054054054064,0.4,0.126685737637924,0.003664921465968585,0.02146596858638744,0.08536772566541488,0.35571296581459805,0.8167539267015707,4.785276073619632,YDR390C,ess,ess
0.01445086705202312,0.0008643789437289308,0.0,0.0,0.06763383735185942,0.004793863854266539,0.009587727708533078,0.09236918466217547,0.1854304635761589,0.5043144774688398,3.393548387096774,YMR146C,ess,ess
0.02023121387283237,0.013397873627798429,0.0,0.0,0.0253371475275848,0.016587677725118485,0.36729857819905215,0.9194097371822492,0.4242424242424244,0.8483412322274881,2.46896551724138,YDR437W,ess,ess
0.017341040462427744,0.0035439536692886157,0.027027027027027032,0.2,0.03637106661217818,0.010273972602739724,0.0702054794520548,0.2803326810176125,0.7738775510204081,1.0,1.0,YGL068W,ess,ess
0.06647398843930635,0.017114703085832832,0.13513513513513514,0.8333333333333334,0.058643236616264825,0.02524698133918771,0.21734357848518115,0.4448425178291233,0.9380822540331744,0.2941822173435785,0.967509025270758,YDL052C,non_ess,non_ess
0.060693641618497114,0.01236061889532371,0.0,1.0,0.07274213322435638,0.018783542039356,0.12790697674418605,0.3853055024366172,1.2793103448275864,0.1520572450805009,0.4657534246575343,YNR041C,non_ess,non_ess
0.16184971098265896,0.03595816405912352,0.3783783783783784,3.5,0.1060482223130364,0.03484754200373367,0.2588674548848787,1.1754193381484097,1.2584269662921348,0.0970752955818295,0.7684729064039408,YFR006W,non_ess,non_ess
0.02890173410404624,0.03310571354481805,0.0,1.0,0.011033919084593379,0.04716981132075472,1.8066037735849056,1.2204941975211179,0.7740585774058577,0.5518867924528302,1.828125,YOL085W-A,non_ess,non_ess
0.026011560693641616,0.005186273662373585,0.0,0.0,0.02022885165508786,0.025936599423631124,0.1729106628242075,1.4859258762817504,0.691860465116279,0.34870317002881845,1.5125000000000002,YCL023C,non_ess,non_ess
0.03468208092485549,0.005877776817356729,0.972972972972973,2.117647058823529,0.0046996322026971816,0.10084033613445376,0.5714285714285714,1.8652032241468013,1.1519274376417237,0.9159663865546218,1.0380952380952382,YHR032C-A,non_ess,non_ess
0.1791907514450867,0.18169245397182124,1.0,3.083333333333333,0.04965263588067021,0.07958921694480102,2.6983311938382544,1.4329255404158356,1.8483163422922464,0.10397946084724004,0.5586206896551724,YCL010C,non_ess,non_ess
0.10982658959537572,0.024202610424410062,0.0,1.0,0.08071107478545159,0.030769230769230767,0.2267206477732793,0.5441062534587714,0.5690794303332843,0.10445344129554657,0.9280575539568344,YGR210C,non_ess,non_ess
0.017341040462427744,0.003111764197424151,0.08108108108108109,6.0,0.020024519820187988,0.017441860465116282,0.10465116279069768,0.3789867109634552,0.5089285714285714,0.6162790697674418,1.1099476439790577,YBL065W,non_ess,non_ess
0.031791907514450865,0.007433658916068805,0.13513513513513514,10.0,0.0361667347772783,0.0189328743545611,0.14802065404475045,0.8550614417804108,0.8023255813953489,0.2358003442340792,0.9194630872483222,YPR098C,non_ess,non_ess
0.04624277456647399,0.010286109430374276,0.5135135135135136,2.1111111111111107,0.03677973028197794,0.02711864406779661,0.2016949152542373,0.7027266028002948,1.6397515527950308,0.5101694915254237,1.1401515151515151,YDR022C,non_ess,non_ess
0.02023121387283237,0.0045812084017633325,0.0,0.0,0.09174499387004496,0.005010737294201861,0.03793843951324266,0.13824015413536347,0.5179127725856697,0.5275590551181102,2.448504983388704,YNL317W,ess,ess
0.060693641618497114,0.017201140980205722,0.027027027027027032,0.3333333333333333,0.031262770739681235,0.0412573673870334,0.3909626719056975,1.0059027196560564,3.2645739910313893,0.2298624754420432,1.0173913043478262,YFR026C,non_ess,non_ess
0.0028901734104046237,8.643789437289306e-05,0.0,0.0,0.06579485083776053,0.000984251968503937,0.000984251968503937,0.02704642388451444,0.10416666666666666,0.9950787401574804,2.710455764075067,YPR056W,ess,ess
0.01445086705202312,0.00224738525369522,0.0,0.0,0.09991826726604006,0.0032959789057350032,0.017139090309822018,0.09074313952362732,0.7459207459207458,0.4258404746209624,1.2211720226843101,YMR290C,ess,ess
0.10693641618497107,0.02160947359322327,0.0,1.0,0.11013485901103393,0.02219556088782244,0.14997000599880025,0.4860341800253088,1.5991164041490589,0.09838032393521297,0.5466666666666666,YLR343W,non_ess,non_ess
0.0838150289017341,0.018929898867663584,0.027027027027027032,2.0,0.11626481405803026,0.016505406943653957,0.12464428002276608,1.4807707943735269,0.6665842807711321,0.12293682413204325,0.7372013651877133,YHL010C,non_ess,non_ess
0.01445086705202312,0.04028005877776817,0.08108108108108109,0.6,0.012055578259092769,0.022026431718061675,2.052863436123348,1.095846088752831,0.9957627118644068,0.8458149779735683,1.5238095238095242,YAL067W-A,non_ess,non_ess
0.2803468208092485,0.0961189385426571,0.13513513513513514,1.0,0.1385369840621169,0.04654510556621881,0.5335892514395394,1.8053859128715173,1.157386363636364,0.09692898272552784,1.1160220994475138,YMR246W,non_ess,non_ess
0.011560693641618495,0.002160947359322327,0.0,0.0,0.12525541479362487,0.002117522498676549,0.013234515616728428,0.2859278173948245,0.19281045751633988,0.8729486500794071,4.864306784660768,YML046W,ess,ess
0.049132947976878616,0.014953755726510504,0.027027027027027032,0.2,0.035349407437678795,0.029876977152899824,0.3040421792618629,0.8334752595437828,0.7777061855670103,0.7346221441124781,0.9952380952380953,YAL019W-A,non_ess,non_ess
0.017341040462427744,0.008038724176679056,0.10810810810810813,2.0,0.017572537801389457,0.01948051948051948,0.301948051948052,1.2145244461420932,0.4053308823529412,0.4253246753246753,1.8194444444444444,YIL086C,non_ess,non_ess
0.0838150289017341,0.032587086178580686,0.027027027027027032,1.0,0.07192480588475685,0.02622061482820976,0.34086799276672697,0.6039245393675774,0.9231231231231232,0.15009041591320071,1.0573248407643312,YNR032W,non_ess,non_ess
0.0838150289017341,0.025412740945630563,0.0,1.0,0.10196158561503883,0.01874595992243051,0.19004524886877827,0.5256261551207698,0.8760563380281692,0.18616677440206847,1.0434782608695652,YOR378W,non_ess,non_ess
0.017341040462427744,0.0017287578874578616,0.0,0.0,0.07948508377605233,0.0049301561216105174,0.016433853738701727,0.09952077922856853,0.4434306569343066,0.552999178307313,2.021021021021021,YPR041W,ess,ess
0.0953757225433526,0.021004408332613016,0.027027027027027032,0.3333333333333333,0.07478545157335513,0.02874564459930314,0.21167247386759586,0.5562830167472181,0.8959417273673257,0.12369337979094075,1.0364963503649631,YAL060W,non_ess,non_ess
0.0028901734104046237,0.00112369262684761,0.0,0.0,0.07376379239885575,0.0008826125330979699,0.011473962930273607,0.02301096961291136,0.07348901098901099,0.6910856134157105,2.372727272727273,YLR105C,ess,ess
0.017341040462427744,0.0037168294580344026,0.0,0.0,0.063342868818962,0.0061224489795918356,0.04387755102040816,0.11313816261328813,0.4140575079872204,0.4551020408163266,1.2598870056497176,YOR340C,ess,ess
0.13583815028901733,0.03950211772841213,0.4594594594594595,1.5454545454545454,0.0696771557008582,0.04380242311276794,0.4259086672879777,0.7825436978146337,0.8710424710424709,1.0,1.0,YPL015C,non_ess,non_ess
0.04046242774566474,0.015904572564612324,0.32432432432432434,2.4,0.02145484266448713,0.03835616438356165,0.5041095890410959,0.886027397260274,1.6592592592592597,0.2493150684931507,0.4945652173913043,YPL013C,non_ess,non_ess
0.02890173410404624,0.011582677845967672,0.0,0.0,0.028606456885982838,0.02127659574468085,0.2851063829787234,0.7753279682504685,0.4566062176165802,0.5702127659574469,1.1703056768558953,YOR013W,non_ess,non_ess
0.03468208092485549,0.006828593655458553,0.0,0.0,0.11483449121373113,0.0069124423963133645,0.04550691244239631,0.2508407024536057,0.7405405405405404,0.2344470046082949,1.15625,YOR260W,ess,ess
0.08959537572254335,0.03656322931973377,0.027027027027027032,0.3333333333333333,0.07928075194115244,0.025535420098846788,0.3484349258649094,0.523747765431666,0.7732942039618488,0.1540362438220758,1.1687500000000002,YKR053C,non_ess,non_ess
0.08092485549132948,0.04425620191892125,0.0,0.0,0.0778504290968533,0.02347024308466052,0.4291701592623638,0.7757349973611499,0.628322440087146,0.2095557418273261,1.8248175182481752,YLR019W,non_ess,non_ess
0.005780346820809247,0.0006915031549831446,0.08108108108108109,0.75,0.09521863506334287,0.0013812154696132596,0.0055248618784530384,0.04981123388581952,0.05741935483870968,0.7479281767955801,6.084269662921348,YGL097W,ess,ess
0.026011560693641616,0.002420261042441006,0.0,0.0,0.3571720474049857,0.0017000377786173025,0.0052890064223649405,0.06522673683936271,0.2799188640973631,0.5517567057045712,4.696141479099679,YKL014C,ess,ess
0.0,0.0,0.0,0.0,0.03105843890478137,0.0,0.0,0.0,0.0,1.0,1.3493333333333333,YLR008C,ess,ess
0.15317919075144507,0.04330538508081943,0.10810810810810813,0.6666666666666666,0.08663669799754803,0.040090771558245086,0.3789712556732224,1.019861863817129,1.2237458977965308,0.10665658093797276,1.342857142857143,YOL059W,non_ess,non_ess
0.04624277456647399,0.006396404183594088,0.0,0.0,0.0406620351450756,0.02472952086553323,0.1143740340030912,0.8449599314223369,1.8403361344537816,0.1391035548686244,0.5142857142857143,YCR020C,non_ess,non_ess
0.01445086705202312,0.002074509464949433,0.0,0.0,0.10727421332243564,0.003076923076923077,0.014769230769230769,0.08438625204582652,0.4914893617021277,0.3803076923076923,1.0147783251231528,YGR119C,ess,ess
0.14739884393063582,0.03457515774915723,0.21621621621621626,1.6,0.08908868001634655,0.03755522827687776,0.29455081001472755,0.5360525402013959,0.9872241579558652,0.4256259204712813,0.9059561128526644,YHL002W,non_ess,non_ess
0.04624277456647399,0.013397873627798429,0.027027027027027032,1.0,0.03330608908868002,0.029684601113172542,0.287569573283859,1.0199777830767531,0.7711598746081504,0.274582560296846,1.0802919708029195,YAR023C,non_ess,non_ess
0.005780346820809247,0.00017287578874578615,0.027027027027027032,0.5,0.09419697588884347,0.001395673412421493,0.001395673412421493,0.030926854025249,0.12303030303030305,0.6217725052337753,1.6561338289962826,YPR034W,ess,ess
0.005780346820809247,0.0010372547324747168,0.0,0.0,0.026767470371883945,0.004514672686230248,0.02708803611738149,0.11783071100479545,0.5671641791044776,0.5282167042889391,0.9473684210526316,YBR252W,ess,ess
0.049132947976878616,0.02048578096637566,0.054054054054054064,2.0,0.010829587249693505,0.08133971291866028,1.1339712918660287,2.2386680988184744,1.2436420722135006,1.0,1.0,YOR186C-A,non_ess,non_ess
0.04624277456647399,0.01944852623390094,0.027027027027027032,0.3333333333333333,0.05006129955046997,0.02038216560509554,0.28662420382165604,0.926738040384876,1.127659574468085,0.2611464968152866,1.3666666666666665,YAL027W,non_ess,non_ess
0.01445086705202312,0.0010372547324747168,0.0,0.0,0.12259910093992644,0.0027027027027027037,0.006486486486486486,0.07183738360208948,0.34138655462184875,0.7297297297297297,1.5219842164599775,YGL142C,ess,ess
0.01445086705202312,0.001210130521220503,0.0,0.0,0.041070698814875364,0.007656967840735069,0.0214395099540582,0.13326297915559118,0.6495188749074761,0.5436447166921899,1.5570175438596492,YMR197C,ess,ess
0.04624277456647399,0.006915031549831446,0.0,1.0,0.026767470371883945,0.03611738148984198,0.18058690744920994,0.7906406480961601,1.04906937394247,0.24379232505643345,0.4864864864864865,YKL066W,non_ess,non_ess
0.05202312138728323,0.008211599965424842,0.2432432432432433,3.0,0.038618716796076834,0.029173419773095625,0.1539708265802269,1.2032312816651567,0.9249896394529632,0.3014586709886548,1.5121951219512195,YHR057C,non_ess,non_ess
0.12716763005780346,0.050825481891261126,0.4324324324324325,1.0666666666666669,0.05762157744176542,0.049107142857142856,0.65625,0.8338747848537005,0.7151429246397354,0.1328125,1.5454545454545454,YLR348C,non_ess,non_ess
0.031791907514450865,0.017719768346443083,0.16216216216216214,2.0,0.026358806702084188,0.02517162471395881,0.4691075514874142,0.6089992060897585,0.948469387755102,0.39130434782608703,0.39130434782608703,YMR074C,non_ess,non_ess
0.05491329479768786,0.01581813467023943,0.054054054054054064,1.0,0.02308949734368615,0.048843187660668384,0.4704370179948586,1.4969877744853706,1.5747001090512542,0.2519280205655527,1.0,YLR374C,non_ess,non_ess
0.005780346820809247,0.0007779410493560378,0.0,1.0,0.0551695954229669,0.002325581395348837,0.010465116279069769,0.08417216244359597,0.5771144278606966,0.4511627906976744,0.9948717948717948,YKL180W,ess,ess
0.0838150289017341,0.0199671536001383,0.027027027027027032,1.0,0.09562729873314264,0.01994497936726272,0.15887207702888584,0.4935573813152905,1.2683046683046684,0.22145804676753786,0.9252873563218392,YDL089W,non_ess,non_ess
0.008670520231213872,0.0029388884086783643,0.0,0.0,0.1510012259910094,0.0013233348037053375,0.014997794441993825,0.04654520759219709,0.08633093525179858,0.8817820908689898,5.491758241758242,YDL164C,ess,ess
0.04335260115606936,0.003976143141153081,0.0,0.0,0.18859828361258685,0.005321035828307911,0.016317843206810925,0.3303793138397609,0.3844246031746033,0.2543455125931181,1.593333333333333,YLR409C,ess,ess
0.026011560693641616,0.00509983576800069,0.027027027027027032,0.25,0.009194932570494484,0.04864864864864865,0.3189189189189189,1.5561249561249564,3.389610389610389,0.3567567567567568,0.6470588235294118,YAL016C-B,non_ess,non_ess
0.05780346820809248,0.015472383092747859,0.2432432432432433,1.2857142857142858,0.05455659991826727,0.023501762632197408,0.21034077555816685,0.4429931603844647,1.14010989010989,0.16568742655699178,0.5551181102362205,YKR046C,non_ess,non_ess
0.011560693641618495,0.0015558820987120756,0.0,0.0,0.17797302819779326,0.0015020653398422831,0.006759294029290274,0.05668615241479422,0.3144278606965174,0.4532482162974089,0.4532482162974089,YPR112C,ess,ess
0.005780346820809247,0.0005186273662373584,0.027027027027027032,0.5,0.05108295872496935,0.0025,0.0075,0.050908430232558144,0.2209302325581395,0.79125,2.089108910891089,YDL043C,ess,ess
0.005780346820809247,0.0003457515774915723,0.0,1.0,0.06007355946056396,0.002145922746781116,0.004291845493562232,0.07324869359096378,0.30460251046025105,0.7639484978540773,1.6036036036036034,YDL015C,ess,ess
0.0722543352601156,0.028783818826173393,0.027027027027027032,1.0,0.014507560277891298,0.09505703422053233,1.2661596958174903,1.6168880072004554,1.4602547211242862,0.5057034220532319,1.0310077519379846,YFR032C-B,non_ess,non_ess
0.04046242774566474,0.01849770939579912,0.08108108108108109,1.5,0.02308949734368615,0.03598971722365039,0.5501285347043702,0.7574041775845395,0.4657432599554786,0.2313624678663239,1.4062500000000002,YLR297W,non_ess,non_ess
0.005780346820809247,0.0004321894718644654,0.08108108108108109,0.6,0.08173273395995098,0.0016,0.004,0.04942574257425742,0.1936193619361936,0.9264,2.172607879924953,YCR012W,ess,ess
0.13872832369942195,0.03509378511539458,0.08108108108108109,1.5,0.0615038823048631,0.050367261280167885,0.4260230849947534,0.9292852634717323,0.946089460894609,0.12067156348373555,0.8914728682170543,YOL002C,non_ess,non_ess
0.0028901734104046237,0.00017287578874578615,0.0,0.0,0.035349407437678795,0.0017574692442882249,0.0035149384885764497,0.06991798476859988,0.13333333333333336,0.9718804920913884,1.1841541755888652,YDR339C,ess,ess
0.031791907514450865,0.004062581035525975,0.10810810810810813,0.6666666666666666,0.03821005312627708,0.01800327332242226,0.07692307692307693,0.5751227495908346,2.333333333333333,0.32405891980360063,0.6246056782334384,YMR264W,non_ess,non_ess
0.0953757225433526,0.024029734635664275,0.4324324324324325,2.6666666666666665,0.04720065386187168,0.04441453566621804,0.37415881561238223,0.7869749931747317,1.1539532724740835,0.10497981157469716,0.39,YJR113C,non_ess,non_ess
0.0028901734104046237,8.643789437289306e-05,0.0,1.0,0.04270535349407438,0.0014771048744460858,0.0014771048744460858,0.04346581475501815,0.9689922480620156,0.7311669128508124,0.8361486486486486,YJR123W,ess,ess
0.05780346820809248,0.009075978909153772,0.13513513513513514,1.6666666666666667,0.04869908731780412,0.026143790849673203,0.13725490196078433,0.3837402007336648,2.3524623524623527,0.5346405228758171,0.9423963133640552,YMR194W,non_ess,non_ess
0.023121387283236997,0.0025931368311867924,0.0,0.0,0.1620351450756028,0.003293536434746809,0.012350761630300536,0.12909371241291906,0.3050108932461873,0.3046521202140799,2.578397212543554,YER125W,ess,ess
0.011560693641618495,0.002506698936813899,0.0,0.0,0.09542296689824276,0.002756719503790489,0.019986216402481046,0.07022943667908975,0.6019417475728156,0.7615437629221227,1.23463687150838,YBR247C,ess,ess
0.04624277456647399,0.015991010458985218,0.21621621621621626,1.6,0.05986922762566409,0.017222820236813777,0.1991388589881593,0.4923094528822118,0.7884828349944629,0.21420882669537136,0.8432203389830507,YGL043W,non_ess,non_ess
0.031791907514450865,0.012792808367188177,0.2432432432432433,0.9,0.012872905598692277,0.04602510460251046,0.6192468619246861,1.4034743922461737,2.9588607594936716,1.0,3.0253164556962027,YMR175W,non_ess,non_ess
0.023121387283236997,0.0037168294580344026,0.4864864864864865,1.6363636363636365,0.004086636697997548,0.07272727272727272,0.3909090909090909,1.5975429975429976,1.1936936936936935,1.0,1.0,YOR314W-A,non_ess,non_ess
0.01445086705202312,0.0009508168381018238,0.0,0.0,0.03630295600054489,0.008576329331046312,0.018867924528301886,0.3212692967409949,0.6444444444444445,0.5060034305317325,2.0774647887323945,YDL064W,ess,ess
0.02023121387283237,0.007001469444204339,0.13513513513513514,0.8333333333333334,0.0253371475275848,0.016587677725118485,0.19194312796208526,0.7524410437960373,0.8674698795180723,0.919431279620853,0.9822784810126582,YPR100W,non_ess,non_ess
0.04046242774566474,0.02705506093871553,0.08108108108108109,1.5,0.01920719248058848,0.04216867469879519,0.9427710843373494,2.1750779341140785,0.679195804195804,0.3975903614457832,1.1891891891891893,YDR102C,non_ess,non_ess
0.11271676300578035,0.04200881666522603,0.054054054054054064,2.0,0.1248467511238251,0.020711630377057887,0.2580987785448752,0.9150924310244544,0.9069767441860466,0.14391927774827404,0.9678571428571427,YHR124W,non_ess,non_ess
0.03757225433526011,0.003803267352407295,0.0,1.0,0.3539027380465877,0.002478078536027449,0.008387342737323675,0.07263333640080455,0.2694991789819376,0.2689668318719024,1.8043478260869563,YNL172W,ess,ess
0.05491329479768786,0.020658656755121445,0.027027027027027032,0.2,0.047609317531671434,0.025367156208277702,0.3190921228304406,0.6483947276458096,1.1476510067114094,0.4072096128170895,1.4734299516908214,YMR038C,non_ess,non_ess
0.02023121387283237,0.002333823148068113,0.08108108108108109,6.0,0.004495300367797304,0.0603448275862069,0.2327586206896552,1.3307210031347962,2.02020202020202,0.5,1.1836734693877549,YJL127W-A,non_ess,non_ess
0.0,0.0,0.0,0.0,0.04229668982427463,0.0,0.0,0.0,0.0,1.0,5.325396825396825,YGR095C,ess,ess
0.011560693641618495,0.0019880715705765406,0.0,0.0,0.10175725378013896,0.0025906735751295338,0.01489637305699482,0.07385894854955283,0.14573248407643313,0.3963730569948187,2.8073394495412844,YJL025W,ess,ess
0.1329479768786127,0.0237704209525456,0.21621621621621626,1.3333333333333333,0.14895790764201064,0.02056325435851587,0.12293249888243182,0.3915338720054987,0.6097269284432929,0.124273580688422,1.6646706586826348,YCL039W,non_ess,non_ess
0.04046242774566474,0.005013397873627798,0.0,0.0,0.1440539436044136,0.006466512702078522,0.02678983833718245,0.20528088730674746,0.3872611464968152,0.27528868360277137,1.5851063829787235,YIL091C,ess,ess
0.03757225433526011,0.03042613881925836,0.0,0.0,0.09297098487944422,0.009187279151943464,0.24876325088339224,0.17988978194401214,0.5869726128793487,0.4204946996466431,2.4688796680497926,YHR036W,ess,ess
0.0,0.0,0.0,1.0,0.031671434409481,0.0,0.0,0.0,0.0,1.0,1.900369003690037,YDR404C,ess,ess
0.08670520231213873,0.010199671536001384,0.13513513513513514,1.25,0.08561503882304862,0.022953328232593728,0.090283091048202,0.7692773868052453,0.7534411977783145,0.17980107115531752,0.17980107115531752,YLR113W,non_ess,non_ess
0.008670520231213872,0.0006915031549831446,0.027027027027027032,0.5,0.1258684102983245,0.0015806111696522653,0.004214963119072708,0.0547945205479452,0.2958333333333333,0.8208640674394099,1.25140562248996,YLL035W,ess,ess
0.13583815028901733,0.05566600397614314,0.10810810810810813,1.0,0.03780138945647732,0.07768595041322314,1.0644628099173554,1.803583916083916,1.1229603729603728,0.17520661157024794,1.2470588235294118,YKL030W,non_ess,non_ess
0.11271676300578035,0.025153427262511883,0.13513513513513514,0.4545454545454545,0.11238250919493258,0.02294117647058824,0.1711764705882353,0.3835093256814921,0.8616929698708751,0.11411764705882352,1.1213872832369942,YCL036W,non_ess,non_ess
0.06936416184971098,0.016163886247731005,0.0,0.0,0.08398038414384963,0.018706157443491817,0.14575214341387374,0.7607170693686672,0.9382716049382716,0.2088854247856586,1.0938775510204082,YDL155W,non_ess,non_ess
0.011560693641618495,0.0016423199930849686,0.027027027027027032,0.25,0.05264950279253508,0.004860267314702308,0.02308626974483597,0.08699088205948888,0.21571815718157186,0.6452004860267315,3.0872093023255816,YLR078C,ess,ess
0.06936416184971098,0.010545423113492956,0.054054054054054064,2.0,0.37821822639967306,0.004283419596644655,0.021774049616277,0.10803465675855467,0.4636363636363636,0.3462430840621096,1.7017543859649122,YPL082C,ess,ess
0.03468208092485549,0.0030253263030512573,0.0,0.0,0.0704944830404577,0.011059907834101379,0.03225806451612903,0.26660198884307545,0.9265471370734528,0.3004608294930876,1.2734375,YGR048W,ess,ess
0.08670520231213873,0.026363557783732387,0.027027027027027032,0.25,0.1113608500204332,0.017804154302670624,0.1810089020771513,0.5050823915651241,0.851063829787234,0.16439169139465876,0.8147058823529412,YGL064C,non_ess,non_ess
0.09826589595375723,0.02411617253003717,0.10810810810810813,1.0,0.08724969350224766,0.025544703230653644,0.2096168294515402,0.4642648444301337,0.7032227032227032,1.0,1.0,YER152C,non_ess,non_ess
0.031791907514450865,0.005877776817356729,0.2972972972972973,0.8461538461538461,0.020433183489987745,0.03142857142857143,0.19428571428571428,0.5569791240278347,0.6934097421203438,0.98,1.0820189274447949,YAL056C-A,non_ess,non_ess
0.0722543352601156,0.027227936727461318,0.027027027027027032,1.0,0.08193706579485084,0.019952114924181964,0.25139664804469275,0.8501026108767529,1.3392857142857144,0.18994413407821228,0.18994413407821228,YDL033C,non_ess,non_ess
0.13005780346820808,0.05013397873627799,0.10810810810810813,2.0,0.09215365753984472,0.03207412687099073,0.413399857448325,0.6771073056418376,0.9321536397182152,0.12687099073414113,0.7265306122448979,YOR229W,non_ess,non_ess
0.0028901734104046237,0.0014694442043391822,0.0,0.0,0.0588475684511647,0.0010940919037199122,0.018599562363238512,0.04651483928533492,0.11650485436893206,0.9923413566739606,2.0707762557077625,YMR281W,ess,ess
0.02023121387283237,0.012792808367188177,0.054054054054054064,2.0,0.02022885165508786,0.02017291066282421,0.4265129682997118,0.6179634966378482,0.7388888888888888,0.5677233429394812,1.858490566037736,YLR184W,non_ess,non_ess
0.0028901734104046237,8.643789437289306e-05,0.0,0.0,0.07131181038005723,0.0009115770282588881,0.0009115770282588881,0.06084607853067287,0.191358024691358,0.9225159525979946,1.4838709677419355,YIL083C,ess,ess
0.060693641618497114,0.0087302273316622,0.054054054054054064,0.6666666666666666,0.08009807928075195,0.017128874388254486,0.08238172920065252,0.4754825496243197,0.843065693430657,0.17781402936378465,1.3212121212121208,YJL059W,non_ess,non_ess
0.049132947976878616,0.005704901028610943,0.08108108108108109,1.5,0.04147936248467512,0.025796661608497726,0.10015174506828528,0.6559040071938402,0.7870370370370371,0.1805766312594841,0.8947368421052632,YLR178C,non_ess,non_ess
0.011560693641618495,0.001901633676203648,0.027027027027027032,0.3333333333333333,0.1726604004903964,0.0015473887814313346,0.00851063829787234,0.06299911534943697,0.22982216142270864,0.5288201160541586,1.9556509298998568,YPR105C,ess,ess
0.03757225433526011,0.0067421557610856594,0.08108108108108109,1.5,0.018798528810788726,0.03987730061349693,0.2392638036809816,1.4823776136221358,1.4002267573696143,0.6257668711656442,1.0680628272251311,YMR031W-A,non_ess,non_ess
0.02023121387283237,0.001901633676203648,0.0,0.0,0.0958997411796758,0.004801097393689987,0.015089163237311385,0.09914604223420084,0.2382629107981221,0.38065843621399176,0.38065843621399176,YPL175W,ess,ess
0.13005780346820808,0.029043132509292077,0.08108108108108109,3.0,0.1646914589293012,0.018233387358184763,0.13614262560777954,0.3586472890737286,0.9008283479061208,0.10372771474878444,0.9142857142857144,YJL051W,non_ess,non_ess
0.04624277456647399,0.04555277033451465,0.027027027027027032,2.0,0.017981201471189208,0.050955414012738856,1.6783439490445855,1.2712210149452563,1.1503267973856208,0.6337579617834395,1.2060606060606058,YKR032W,non_ess,non_ess
0.06936416184971098,0.01521306940962918,0.13513513513513514,1.0,0.09337964854924398,0.01688951442646024,0.12385643912737508,1.0062088563055078,0.8824593128390598,0.21182266009852216,1.270042194092827,YKL221W,non_ess,non_ess
0.10115606936416184,0.021004408332613016,0.13513513513513514,1.0,0.13976297507151614,0.01665080875356803,0.11560418648905806,0.26649260899849314,1.1067193675889329,0.14652711703139867,0.9655172413793104,YJR005W,non_ess,non_ess
0.07803468208092486,0.02411617253003717,0.21621621621621626,4.0,0.08214139762975071,0.021496815286624203,0.22213375796178345,0.4834961675483105,0.9953389830508474,0.2754777070063694,1.226950354609929,YKL008C,non_ess,non_ess
0.005780346820809247,0.0008643789437289308,0.0,0.0,0.038823048630976714,0.0032258064516129032,0.016129032258064516,0.13815668202764975,0.4114285714285714,0.9064516129032258,2.3032786885245904,YDR167W,ess,ess
0.060693641618497114,0.039242804045293456,0.16216216216216214,0.8571428571428571,0.018798528810788726,0.06441717791411042,1.392638036809816,1.4950153374233128,1.1666666666666667,0.3067484662576687,0.7407407407407408,YPL080C,non_ess,non_ess
0.023121387283236997,0.011064050479730312,0.0,0.0,0.01736820596648958,0.026229508196721308,0.4196721311475409,0.7833666533386645,0.9322493224932248,0.7639344262295082,1.8943089430894309,YDR377W,non_ess,non_ess
0.05780346820809248,0.013830063099662893,0.0,0.0,0.063342868818962,0.020408163265306117,0.16326530612244894,0.4303071744161582,0.8001963672066763,0.2173469387755102,0.7977528089887641,YGR144W,non_ess,non_ess
0.026011560693641616,0.01322499783905264,0.2972972972972973,2.2,0.024928483857785046,0.021634615384615384,0.3677884615384616,0.6240234375,1.0331632653061225,0.3629807692307692,1.1889763779527558,YGL054C,non_ess,non_ess
0.05780346820809248,0.00898954101478088,0.13513513513513514,1.25,0.06742950551695955,0.019230769230769232,0.1,0.4847319347319348,1.3636363636363638,0.17115384615384616,0.6592592592592592,YOR007C,non_ess,non_ess
0.05202312138728323,0.011323364162848992,0.054054054054054064,0.5,0.06477319166326115,0.017982017982017984,0.13086913086913088,0.9813686313686314,1.1368421052631579,0.2937062937062937,0.2937062937062937,YCR036W,non_ess,non_ess
0.023121387283236997,0.005532025239865157,0.1891891891891892,0.7,0.027993461381283204,0.01735357917570499,0.13882863340563992,0.7825526176936156,0.3942766295707473,0.2559652928416486,1.4567901234567902,YNL052W,non_ess,non_ess
0.06647398843930635,0.013570749416544212,0.21621621621621626,1.3333333333333333,0.06007355946056396,0.02467811158798283,0.1684549356223176,0.6791794155697476,0.6673869424293871,1.0,3.0657894736842106,YPL134C,non_ess,non_ess
0.02023121387283237,0.00509983576800069,0.027027027027027032,0.2,0.09726195341234163,0.004736129905277402,0.039918809201623814,0.1630376840119736,0.6481481481481483,0.5,1.9396325459317585,YNL124W,ess,ess
0.0,0.0,0.0,0.0,0.03453208009807928,0.0,0.0,0.0,0.0,1.0,3.06043956043956,YOR148C,ess,ess
0.24277456647398846,0.2679574725559685,0.1891891891891892,3.5,0.022476501838986515,0.22105263157894736,8.157894736842103,4.444513406156903,1.5747460087082727,1.0,8.444444444444445,YEL008W,non_ess,non_ess
0.07514450867052022,0.0461578355951249,0.16216216216216214,1.2,0.017572537801389457,0.08441558441558443,1.7337662337662338,1.909302080033788,1.1681643132220796,0.18831168831168832,0.18831168831168832,YOL118C,non_ess,non_ess
0.023121387283236997,0.0025931368311867924,0.0,0.0,0.052717613404168376,0.009708737864077669,0.03640776699029126,0.4106063381571716,0.42105263157894735,0.2402912621359224,1.3943661971830985,YPL094C,ess,ess
0.026011560693641616,0.007087907338577231,0.0,1.0,0.18798528810788726,0.003202846975088968,0.029181494661921707,0.13888451484899064,0.5575221238938052,0.6914590747330961,1.5720064724919094,YPR104C,ess,ess
0.005780346820809247,0.0008643789437289308,0.027027027027027032,0.3333333333333333,0.13227080779185402,0.001004016064257028,0.0050200803212851405,0.0455607476635514,0.08755533694048204,0.4779116465863454,2.6741573033707864,YNR053C,ess,ess
0.03468208092485549,0.005272711556746477,0.2702702702702703,1.4285714285714286,0.03044544340008173,0.02414486921529175,0.1227364185110664,0.6001224739742804,0.7111111111111109,0.2334004024144869,0.7160493827160493,YPL135W,non_ess,non_ess
0.09248554913294796,0.02809231567119025,0.027027027027027032,0.25,0.09930527176134042,0.02122015915119364,0.2155172413793104,0.4019040005813742,0.7378995433789954,0.19694960212201595,1.2857142857142858,YAL058W,non_ess,non_ess
0.14739884393063582,0.0787449217737056,0.1891891891891892,1.75,0.031467102574581116,0.099609375,1.779296875,4.730328615470851,0.9930375265518055,0.16015625,1.7446808510638299,YDR260C,non_ess,non_ess
0.09248554913294796,0.020572218860748552,0.027027027027027032,1.0,0.11238250919493258,0.018823529411764704,0.14,0.3301938311141075,0.4390566453603703,0.14411764705882352,1.441176470588235,YGL003C,non_ess,non_ess
0.1676300578034682,0.3180050133978736,0.2432432432432433,4.5,0.051287290559869234,0.0722291407222914,4.581569115815691,2.079043586550436,3.1485714285714286,0.09962640099626402,0.6201550387596899,YER177W,non_ess,non_ess
0.03757225433526011,0.009162416803526663,0.027027027027027032,2.0,0.017572537801389457,0.04220779220779222,0.34415584415584416,2.8120941558441555,2.0505952380952377,0.2694805194805195,0.6384615384615385,YBL096C,non_ess,non_ess
0.05780346820809248,0.021263722015731696,0.0,0.0,0.0190028606456886,0.06079027355623101,0.7477203647416414,2.367244770248525,1.615686274509804,0.243161094224924,1.0256410256410255,YOR199W,non_ess,non_ess
0.0028901734104046237,0.0002593136831186792,0.0,0.0,0.037188393951777685,0.0016778523489932886,0.0050335570469798654,0.05163390859699584,0.07837301587301587,0.9395973154362416,4.5528455284552845,YDR478W,ess,ess
0.1676300578034682,0.033019275650445164,0.08108108108108109,1.5,0.21209644462607274,0.018331226295828063,0.12073324905183312,0.5125731418347116,0.9209196824414888,0.1172566371681416,0.6672661870503597,YML075C,non_ess,non_ess
0.08670520231213873,0.035439536692886166,0.5135135135135136,1.1875,0.02411115651818553,0.07425742574257425,1.0148514851485149,3.095709570957096,0.5942857142857144,0.35396039603960394,1.075187969924812,YPL062W,non_ess,non_ess
0.01445086705202312,0.0017287578874578616,0.054054054054054064,1.0,0.12341642827952595,0.002685284640171859,0.010741138560687431,0.06480211517805504,0.1876923076923077,0.5037593984962406,2.398976982097187,YBR060C,ess,ess
0.011560693641618495,0.00224738525369522,0.0,1.0,0.06252554147936247,0.004132231404958678,0.02685950413223141,0.14452479338842975,0.2727272727272728,0.4245867768595041,0.8544698544698545,YKR022C,ess,ess
0.08670520231213873,0.01849770939579912,0.027027027027027032,1.0,0.10890886800163466,0.018192844147968467,0.12977562158884173,0.4123892905517044,0.9078272027373824,0.1722255912674348,1.4489795918367347,YPL179W,non_ess,non_ess
0.12427745664739885,0.029648197769902324,0.10810810810810813,1.0,0.12321209644462608,0.023130715438407747,0.18450779989241528,0.3188053663420993,0.9638520031778459,0.10866057019903172,1.3557046979865772,YBR069C,non_ess,non_ess
0.03757225433526011,0.011150488374103209,0.08108108108108109,1.0,0.04515733551287291,0.0182328190743338,0.18092566619915848,0.5822244746425919,1.1122994652406415,0.2468443197755961,0.8461538461538461,YFR043C,non_ess,non_ess
0.017341040462427744,0.006655717866712767,0.027027027027027032,0.5,0.01409889660809154,0.023346303501945533,0.29961089494163423,0.4494363993742228,0.8824742268041237,0.3774319066147861,0.7886178861788617,YDL181W,non_ess,non_ess
0.02890173410404624,0.010026795747255596,0.2972972972972973,1.8333333333333333,0.0046996322026971816,0.08403361344537816,0.9747899159663864,3.648789988098244,1.048436541998774,0.3781512605042017,1.1538461538461535,YBL100W-C,non_ess,non_ess
0.13872832369942195,0.18860748552165268,0.4324324324324325,1.4545454545454546,0.011238250919493258,0.2232558139534884,10.148837209302323,5.4592910363513205,1.9883495145631072,1.0,3.8392857142857135,YHR007C-A,non_ess,non_ess
0.02023121387283237,0.003198202091797044,0.0,1.0,0.02022885165508786,0.02017291066282421,0.10662824207492796,0.5288184438040345,0.6048951048951049,0.5475504322766571,1.1801242236024845,YDR230W,non_ess,non_ess
0.03757225433526011,0.011669115740340566,0.2432432432432433,0.9,0.010420923579893748,0.06403940886699508,0.6650246305418719,1.6912879836165384,1.0955056179775282,0.2807881773399015,1.0,YIL134C-A,non_ess,non_ess
0.0838150289017341,0.03811911141844585,0.027027027027027032,0.3333333333333333,0.017981201471189208,0.09235668789808917,1.404458598726115,3.2425113739763423,3.3511111111111105,0.213375796178344,0.7282608695652174,YOR072W,non_ess,non_ess
0.1936416184971098,0.036908980897225344,0.10810810810810813,1.3333333333333333,0.1275030649775235,0.03485952133194588,0.22216441207075965,0.9801773899043844,0.9949336128581412,0.07023933402705515,1.125,YKL148C,non_ess,non_ess
0.02023121387283237,0.0027660126199325783,0.0,0.0,0.07069881487535759,0.006433823529411764,0.029411764705882363,0.16637047824670034,0.35333948907356105,0.703125,3.0,YDR047W,ess,ess
0.023121387283236997,0.0047540841905091185,0.2702702702702703,1.0,0.02697180220678382,0.017937219730941704,0.1233183856502242,0.3416532701582198,0.5698113207547171,0.2556053811659193,0.8260869565217391,YIR005W,non_ess,non_ess
0.07514450867052022,0.03267352407295358,0.027027027027027032,0.3333333333333333,0.0670208418471598,0.025145067698259187,0.3655705996131528,0.5019000017117132,0.7920353982300885,0.2369439071566731,1.3461538461538465,YJR079W,non_ess,non_ess
0.011560693641618495,0.0005186273662373584,0.0,0.0,0.08581937065794852,0.003053435114503817,0.004580152671755725,0.11114503816793893,0.4313479623824451,0.7374045801526717,1.8260869565217392,YBR236C,ess,ess
0.031791907514450865,0.00786584838793327,0.08108108108108109,1.5,0.030854107069881488,0.02186878727634195,0.1809145129224652,0.6685938423512977,1.3147147147147151,0.27634194831013914,0.7637362637362637,YKL056C,non_ess,non_ess
0.3728323699421965,0.12438413000259313,0.32432432432432434,3.0,0.15610952186350635,0.05508112724167378,0.6144321093082835,0.6981314301980399,0.7522614780679296,0.03800170794192997,0.4863387978142077,YBR001C,non_ess,non_ess
0.08092485549132948,0.011755553634713456,0.027027027027027032,0.3333333333333333,0.3624846751123825,0.005212211466865228,0.02531645569620253,0.15181152857995747,0.9944559944559944,0.4314966492926284,1.7844495765973825,YDL058W,ess,ess
0.18208092485549127,0.04589852191200623,0.32432432432432434,1.5,0.08336738863914997,0.04945054945054945,0.4167974882260597,1.2441308691308692,0.982620320855615,0.1695447409733124,0.7552447552447552,YLR438W,non_ess,non_ess
0.06936416184971098,0.012101305212205031,0.10810810810810813,4.0,0.04720065386187168,0.032301480484522214,0.18842530282637954,0.8913130740714504,1.037037037037037,0.09825033647375504,0.3476190476190476,YPR015C,non_ess,non_ess
0.026011560693641616,0.0027660126199325783,0.0,1.0,0.02063751532488762,0.025495750708215296,0.0906515580736544,0.7087390196871949,6.428571428571428,0.5439093484419264,0.5614035087719299,YCR085W,non_ess,non_ess
0.026011560693641616,0.006223528394848302,0.0,0.0,0.10032693093583983,0.005909389363099146,0.04727511490479317,0.19110451340318024,0.3443478260869565,0.7170059093893631,3.0760563380281694,YDL017W,ess,ess
0.049132947976878616,0.010113233641628491,0.054054054054054064,2.0,0.03575807110747855,0.02956521739130435,0.2034782608695652,1.2848015122873344,1.379710144927536,0.2591304347826087,0.6008064516129032,YLR011W,non_ess,non_ess
0.011560693641618495,0.0009508168381018238,0.054054054054054064,0.6666666666666666,0.03248876174908051,0.007590132827324478,0.02087286527514232,0.1985356209702256,2.2931937172774868,0.6451612903225806,1.3492063492063493,YBR254C,ess,ess
0.40462427745664736,0.17045552770334513,0.027027027027027032,0.3333333333333333,0.07437678790355537,0.12259194395796848,1.7267950963222416,2.64281125416927,1.3272548308553074,0.11120840630472854,0.9548872180451128,YGL126W,non_ess,non_ess
0.1184971098265896,0.05315930503932924,0.027027027027027032,1.0,0.11176951369023294,0.024246008279124785,0.3636901241868717,0.7012793542153412,1.578047042052744,0.17504435245416913,1.3703703703703705,YGL077C,non_ess,non_ess
0.01445086705202312,0.001210130521220503,0.0,0.0,0.034123416428279534,0.009074410163339385,0.02540834845735028,0.4093768905021174,0.4733333333333333,0.411978221415608,1.5234899328859062,YHR148W,ess,ess
0.06647398843930635,0.01486731783213761,0.08108108108108109,1.0,0.06633973573082687,0.0224609375,0.16796875,1.5456792091836735,0.7078069322967283,0.1796875,0.4279069767441861,YJR021C,non_ess,non_ess
0.03468208092485549,0.008384475754170628,0.0,0.0,0.052104617899468735,0.014723926380368096,0.11901840490797548,0.3213780084945729,0.5008741258741259,0.3766871165644172,2.2246376811594204,YGR280C,ess,ess
0.04335260115606936,0.017633330452070186,0.8918918918918919,3.0,0.002860645688598284,0.16304347826086954,2.217391304347826,3.2147251845775227,0.8436139332365749,1.0,1.0,YEL008C-A,non_ess,non_ess
0.026011560693641616,0.0049269599792549044,0.054054054054054064,0.5,0.02370249284838578,0.02261306532663317,0.14321608040201006,1.2164991624790622,0.5476190476190477,0.228643216080402,1.0340909090909092,YML034C-A,non_ess,non_ess
0.07803468208092486,0.019275650445155158,0.0,0.0,0.0986922762566408,0.01801200800533689,0.14876584389593062,0.581175627758407,0.6483990147783251,0.25350233488992663,2.0,YFR010W,non_ess,non_ess
0.03757225433526011,0.010199671536001384,0.0,0.0,0.4525950143032285,0.001941747572815534,0.017625093353248692,0.09320388349514563,0.28560606060606064,0.6327109783420463,4.14481409001957,YLR430W,ess,ess
0.08092485549132948,0.05385080819431239,0.0,0.0,0.08704536166734778,0.021084337349397592,0.4691265060240964,0.6722953992134341,0.8192624199939044,0.12274096385542167,1.1241379310344828,YMR243C,non_ess,non_ess
0.026011560693641616,0.01659607571959547,0.0,1.0,0.0190028606456886,0.02735562310030395,0.5835866261398176,0.4983852583586626,0.97265625,0.3738601823708207,0.8145695364238411,YOR225W,non_ess,non_ess
0.10982658959537572,0.04036649667214107,0.10810810810810813,0.8,0.08071107478545159,0.030769230769230767,0.3781376518218624,0.7624413145539907,0.8109261630388392,0.16356275303643725,1.5303030303030305,YOR303W,non_ess,non_ess
0.02023121387283237,0.0033710778805428297,0.0,0.0,0.2885165508786269,0.0016332244517032195,0.00909939337377508,0.046334353965443394,0.2251971772519717,0.34227718152123193,1.5186335403726707,YNL088W,ess,ess
0.06358381502890173,0.013570749416544212,0.0,0.0,0.08193706579485084,0.017557861133280128,0.12529928172386273,0.4040406609793865,1.4988047808764942,0.16919393455706305,0.3291925465838509,YIL160C,non_ess,non_ess
0.0838150289017341,0.033019275650445164,0.027027027027027032,1.0,0.06538618716796077,0.028712871287128718,0.3782178217821782,0.5397543898036212,1.2461632903621855,0.1297029702970297,0.4962121212121212,YMR316W,non_ess,non_ess
0.0,0.0,0.054054054054054064,1.0,0.03923171230077646,0.0,0.0,0.0,0.0,1.0,1.019543973941368,YDR013W,ess,ess
0.03468208092485549,0.007779410493560376,0.054054054054054064,4.0,0.015937883122190438,0.04225352112676056,0.31690140845070425,1.5694435672329945,0.5304292120435617,1.0,1.0,YPR160C-A,non_ess,non_ess
0.0722543352601156,0.016768951508341255,0.2432432432432433,1.5,0.06947282386595832,0.02336448598130841,0.18130841121495328,0.669936152493754,0.8811881188118813,0.17383177570093458,0.8732394366197184,YLR070C,non_ess,non_ess
0.005780346820809247,0.0009508168381018238,0.027027027027027032,0.5,0.0715161422149571,0.0018181818181818184,0.01,0.06006493506493505,0.2700892857142857,0.66,3.6482412060301512,YMR028W,ess,ess
0.04624277456647399,0.01045898521912006,0.16216216216216214,1.5,0.06129955046996322,0.016842105263157894,0.12736842105263158,0.6004043220634367,1.0242825607064017,0.2957894736842105,1.6337209302325582,YPL039W,non_ess,non_ess
0.08092485549132948,0.032587086178580686,0.16216216216216214,2.0,0.01818553330608909,0.08832807570977919,1.1892744479495267,3.10149316508938,1.551666666666667,0.20504731861198736,0.9848484848484848,YBR209W,non_ess,non_ess
0.026011560693641616,0.003284639986169937,0.027027027027027032,1.0,0.21454842664487128,0.0028125,0.011875,0.0759375,0.2198515769944341,0.2915625,2.861963190184049,YNL267W,ess,ess
0.0953757225433526,0.022819604114443767,0.054054054054054064,0.6666666666666666,0.05046996322026972,0.04171934260429835,0.33375474083438683,2.236434892541088,0.8864705882352941,0.1276864728192162,0.7769230769230769,YLR414C,non_ess,non_ess
0.13005780346820808,0.042354568242717605,0.027027027027027032,0.5,0.14058030241111566,0.02128666035950804,0.2317880794701987,0.4000424102045476,1.0307881773399012,0.11684011352885525,0.9014598540145984,YGL249W,non_ess,non_ess
0.04046242774566474,0.005445587345492263,0.0,0.0,0.11442582754393135,0.008092485549132947,0.03641618497109827,0.12640865931180245,0.33669100982120365,0.292485549132948,2.2,YIR010W,ess,ess
0.060693641618497114,0.01901633676203648,0.16216216216216214,2.0,0.061912545974662864,0.021897810218978103,0.2294056308654849,0.8933085785498106,1.1097560975609757,0.1605839416058394,0.9447852760736196,YOR342C,non_ess,non_ess
0.026011560693641616,0.0067421557610856594,0.10810810810810813,4.0,0.02656313853698406,0.020454545454545454,0.17727272727272728,0.4632594792142531,1.326633165829146,0.4545454545454545,1.2658227848101269,YGR259C,non_ess,non_ess
0.04624277456647399,0.013052122050306855,0.0,1.0,0.01920719248058848,0.04819277108433735,0.4548192771084337,1.5233536887275128,1.3349937733499375,0.1536144578313253,0.5099999999999999,YBR027C,non_ess,non_ess
0.05491329479768786,0.016509637825222582,0.10810810810810813,1.0,0.0190028606456886,0.05775075987841945,0.5805471124620061,1.1191060712337308,0.6910535117056856,0.30395136778115506,1.075268817204301,YDR525W,non_ess,non_ess
0.02023121387283237,0.003284639986169937,0.0,0.0,0.09562729873314264,0.004814305364511692,0.026134800550206328,0.1602971114167813,0.35890909090909096,0.2916093535075653,2.12,YOR119C,ess,ess
0.13872832369942195,0.036303915636615086,0.0,0.0,0.10993052717613404,0.02884615384615385,0.2524038461538461,0.6384316073032027,1.2399481193255513,0.16165865384615385,1.0426356589147288,YKL109W,non_ess,non_ess
0.09826589595375723,0.01521306940962918,0.13513513513513514,1.0,0.051287290559869234,0.04234122042341221,0.2191780821917808,1.0267340385432024,0.4782703886152162,0.1145703611457036,2.1904761904761902,YEL021W,non_ess,non_ess
0.10693641618497107,0.031722707234851766,0.054054054054054064,0.4,0.12627707396812424,0.019432773109243698,0.1927521008403361,0.5663107572574484,1.0277777777777777,0.17857142857142858,1.0303030303030305,YJL045W,non_ess,non_ess
0.008670520231213872,0.0033710778805428297,0.027027027027027032,0.3333333333333333,0.04515733551287291,0.004207573632538568,0.0546984572230014,0.060706905566113675,0.10650887573964496,0.7349228611500701,3.8814814814814813,YBR070C,ess,ess
0.03468208092485549,0.006396404183594088,0.08108108108108109,3.0,0.09174499387004496,0.008589835361488905,0.05297065139584824,0.30286839145106864,0.4801587301587302,0.28060128847530424,0.503209242618742,YPR178W,ess,ess
0.0028901734104046237,0.00017287578874578615,0.0,0.0,0.015937883122190438,0.0035211267605633804,0.007042253521126761,0.11364339885466647,0.8076923076923077,0.6795774647887324,0.6795774647887324,YDR016C,ess,ess
0.04624277456647399,0.008643789437289308,0.027027027027027032,0.2,0.05680425010216592,0.01809954751131222,0.11312217194570134,0.9281447963800904,2.055757575757576,0.1493212669683258,0.6666666666666666,YOR114W,non_ess,non_ess
0.04046242774566474,0.005445587345492263,0.2702702702702703,1.1111111111111112,0.04781364936657132,0.018617021276595744,0.08377659574468085,0.3773245099681689,1.9291338582677169,0.18085106382978725,0.5112781954887218,YCR076C,non_ess,non_ess
0.017341040462427744,0.001901633676203648,0.0,0.0,0.06272987331426237,0.006179196704428424,0.022657054582904217,0.29138108597606444,0.5775862068965516,0.5365602471678682,2.960227272727273,YOL094C,ess,ess
0.0028901734104046237,0.0009508168381018238,0.027027027027027032,0.3333333333333333,0.025745811197384557,0.002336448598130841,0.02570093457943925,0.0624582777036048,0.3829365079365079,1.0,1.0,YNL113W,ess,ess
0.02890173410404624,0.0087302273316622,0.08108108108108109,1.5,0.01736820596648958,0.032786885245901634,0.3311475409836065,0.7162394710624038,0.8908839779005525,0.2754098360655738,0.7304347826086958,YMR320W,non_ess,non_ess
0.011560693641618495,0.004667646296136226,0.027027027027027032,0.2,0.10155292194523907,0.0025957170668397143,0.035042180402336136,0.14712524334847502,0.5546666666666666,0.4127190136275146,1.5703703703703704,YPL122C,ess,ess
0.02023121387283237,0.002506698936813899,0.027027027027027032,0.25,0.21924805884756848,0.002141327623126339,0.008871214438666258,0.0603938915812014,0.3119019138755981,0.6301621290914653,4.587973273942094,YMR308C,ess,ess
0.05202312138728323,0.018670585184544904,0.10810810810810813,2.0,0.06620351450756028,0.017612524461839533,0.21135029354207435,0.5529814665592263,0.7198142414860679,0.29158512720156554,0.9770491803278688,YFR055W,non_ess,non_ess
0.11560693641618495,0.03397009248854698,0.08108108108108109,1.5,0.09807928075194117,0.026845637583892617,0.2637583892617449,0.505965697240865,1.0344827586206895,0.11946308724832215,0.89,YOL061W,non_ess,non_ess
0.08670520231213873,0.024807675685020316,0.2432432432432433,1.5,0.08704536166734778,0.022590361445783132,0.2161144578313253,0.5596516500785752,0.96,0.12951807228915665,0.7445887445887446,YCR079W,non_ess,non_ess
0.05202312138728323,0.011323364162848992,0.0,1.0,0.24765018389865145,0.004883342376559957,0.03553988062940857,0.11425428766897072,0.5825098814229249,0.4264785675529029,2.3117647058823527,YPL012W,ess,ess
0.07803468208092486,0.0261906819949866,0.21621621621621626,2.0,0.07723743359215368,0.022804054054054054,0.25591216216216217,0.4551729550346807,0.8910398230088494,0.8885135135135135,1.1954545454545455,YJR080C,non_ess,non_ess
0.04624277456647399,0.0075200968104416985,0.10810810810810813,0.8,0.05619125459746629,0.018285714285714287,0.09942857142857142,0.3413164956590371,0.7537074731026462,0.21142857142857144,1.3503649635036497,YLR351C,non_ess,non_ess
0.060693641618497114,0.01754689255769729,0.10810810810810813,1.0,0.06211687780956274,0.02182952182952183,0.21101871101871106,0.4744710774122539,0.4815126050420168,0.3295218295218295,1.7228260869565215,YMR180C,non_ess,non_ess
0.12427745664739885,0.0375140461578356,0.0,0.0,0.08745402533714754,0.03223388305847077,0.32533733133433285,0.5785133748915017,0.9116769656935862,1.0,1.0,YLR080W,non_ess,non_ess
0.0722543352601156,0.011928429423459244,0.16216216216216214,1.0,0.0976706170821414,0.016846361185983826,0.09299191374663072,0.2726614754916641,0.984200984200984,0.1738544474393531,0.9450549450549453,YOR269W,non_ess,non_ess
0.01445086705202312,0.00112369262684761,0.0,1.0,0.14323661626481407,0.0023223409196470052,0.006038086391082211,0.08323758769892682,0.17690058479532164,0.5178820250812819,4.93362831858407,YKL104C,ess,ess
0.0953757225433526,0.03319215143919094,0.0,1.0,0.05006129955046997,0.04203821656050955,0.489171974522293,1.593027153871941,1.4654605263157894,0.22038216560509555,0.8009259259259259,YNL195C,non_ess,non_ess
0.0028901734104046237,8.643789437289306e-05,0.0,0.0,0.13281569268492033,0.0005,0.0005,0.015169683257918553,0.13273001508295626,0.957,1.842155919153032,YJL010C,ess,ess
0.026011560693641616,0.003976143141153081,0.0,0.0,0.021863506334286884,0.024258760107816708,0.12398921832884095,0.816543126684636,0.9732142857142856,0.24258760107816715,0.6521739130434783,YBR292C,non_ess,non_ess
0.026011560693641616,0.01097761258535742,0.027027027027027032,0.5,0.007560277891295466,0.05590062111801242,0.7888198757763976,0.8684699744923693,0.4844547563805104,0.5838509316770186,1.7735849056603772,YBR072C-A,non_ess,non_ess
0.0028901734104046237,8.643789437289306e-05,0.0,0.0,0.19554556599918269,0.00034234851078397807,0.00034234851078397807,0.011984660816365737,0.04172661870503597,0.9852790140362888,6.046218487394958,YDR238C,ess,ess
0.023121387283236997,0.0047540841905091185,0.0,0.0,0.15079689415610953,0.00353356890459364,0.024293286219081268,0.29131942129475297,0.28176100628930817,0.44346289752650175,1.992063492063492,YBL097W,ess,ess
0.03468208092485549,0.020831532543867232,0.054054054054054064,0.3333333333333333,0.030854107069881488,0.02385685884691849,0.4791252485089463,0.4595821298623354,1.0440251572327044,0.2902584493041749,0.8588235294117647,YKL026C,non_ess,non_ess
0.08670520231213873,0.04503414296827729,0.10810810810810813,1.3333333333333333,0.02370249284838578,0.07537688442211055,1.309045226130653,3.544764639524151,0.8953258722843975,0.3065326633165829,0.9606299212598424,YLR416C,non_ess,non_ess
0.060693641618497114,0.01581813467023943,0.40540540540540543,0.8823529411764706,0.02370249284838578,0.05276381909547738,0.4597989949748744,1.0895142378559464,0.6799999999999999,0.7110552763819096,1.132,YLR235C,non_ess,non_ess
0.06358381502890173,0.025066989368138996,0.10810810810810813,2.0,0.0760114425827544,0.018867924528301886,0.24871355060034306,0.4168216848259367,0.7112676056338029,0.1680960548885077,1.031578947368421,YPR054W,non_ess,non_ess
0.1184971098265896,0.02532630305125767,0.0,0.0,0.08622803432774828,0.031155015197568383,0.22264437689969604,0.6725186039199246,0.6988636363636365,0.25835866261398177,1.7525773195876289,YLR085C,non_ess,non_ess
0.02890173410404624,0.02411617253003717,0.027027027027027032,0.3333333333333333,0.009194932570494484,0.054054054054054064,1.508108108108108,1.713813813813814,1.6269841269841268,1.0,1.0,YPR170W-A,non_ess,non_ess
0.0722543352601156,0.03310571354481805,0.40540540540540543,2.142857142857143,0.07029015120555783,0.023105360443622918,0.3539741219963031,1.1556437190989286,1.0055626872058194,0.2412199630314233,1.345360824742268,YCL064C,non_ess,non_ess
0.011560693641618495,0.00224738525369522,0.027027027027027032,1.0,0.007560277891295466,0.024844720496894408,0.16149068322981364,0.8718497893910188,2.172413793103449,0.3975155279503105,0.42953020134228187,YOR072W-B,non_ess,non_ess
0.09248554913294796,0.020312905177629872,0.0,0.0,0.10747854515733553,0.019656019656019656,0.14434889434889436,0.3899526874733486,1.015777610818933,0.18611793611793606,0.5674157303370786,YML116W,non_ess,non_ess
0.05780346820809248,0.009681044169764024,0.08108108108108109,1.5,0.0406620351450756,0.030911901081916538,0.1731066460587326,0.7482040963129295,0.9748427672955974,0.13601236476043274,0.3963963963963964,YIL010W,non_ess,non_ess
0.026011560693641616,0.0036303915636615096,0.0,0.0,0.2864732325296281,0.0021146616541353387,0.009868421052631578,0.05788323868181091,0.3699226305609284,0.5425281954887218,1.3440046565774155,YLR086W,ess,ess
0.017341040462427744,0.0012965684155933962,0.0,0.0,0.09011033919084592,0.0043699927166788045,0.010924981791697014,0.11246878576630943,0.22127329192546585,0.4100509832483613,1.4661458333333337,YBR029C,ess,ess
0.03757225433526011,0.00561846313423805,0.0,0.0,0.25561912545974663,0.003418353931107021,0.0170917696555351,0.17730853216568154,0.6553245116572148,0.22219300552195634,1.8055555555555558,YMR128W,ess,ess
0.03468208092485549,0.005013397873627798,0.054054054054054064,1.0,0.20596648957907646,0.003903708523096942,0.018867924528301886,0.10650393736118276,0.2896551724137931,0.3880936890045543,2.444672131147541,YKL210W,ess,ess
0.023121387283236997,0.007779410493560376,0.0,1.0,0.02227217000408664,0.02122015915119364,0.2387267904509284,0.7734382145797127,3.117241379310345,1.0,2.25748502994012,YLR122C,non_ess,non_ess
0.03468208092485549,0.00449477050739044,0.10810810810810813,4.0,0.029628116060482226,0.024742268041237112,0.10721649484536082,0.5381276572095478,0.7190545303752851,0.3319587628865979,0.8655913978494623,YER067W,non_ess,non_ess
0.01445086705202312,0.00224738525369522,0.0,1.0,0.08847568451164692,0.0037064492216456633,0.01927353595255745,0.15313220345867562,0.2842465753424657,0.32097850259451444,2.1868686868686864,YJR065C,ess,ess
0.08959537572254335,0.047108652433226726,0.08108108108108109,3.0,0.023498161013485903,0.07848101265822785,1.379746835443038,2.304699837072316,0.9737111642198704,1.0,9.186046511627907,YNL269W,non_ess,non_ess
0.10982658959537572,0.0324142103898349,0.0,1.0,0.05782590927666531,0.042269187986651836,0.4171301446051168,1.402099894191378,0.911880409126672,0.09899888765294773,0.5855263157894737,YBR291C,non_ess,non_ess
0.08670520231213873,0.022646728325697984,0.10810810810810813,2.0,0.07866775643645281,0.024896265560165973,0.2174273858921162,0.7875967253560614,1.25,1.0,4.350180505415163,YOR368W,non_ess,non_ess
0.01445086705202312,0.0008643789437289308,0.0,1.0,0.11279117286473235,0.0029308323563892145,0.005861664712778429,0.05570712991580518,0.20606060606060608,0.9525205158264948,4.765395894428153,YKR002W,ess,ess
0.0722543352601156,0.07113838706889099,0.054054054054054064,2.0,0.051491622394769114,0.03101736972704715,1.021091811414392,1.0602032376225925,1.203703703703704,0.25682382133995035,0.7695167286245352,YOR062C,non_ess,non_ess
0.049132947976878616,0.006569279972339874,0.027027027027027032,1.0,0.041683694319574985,0.0256797583081571,0.1148036253776435,1.047876804296744,1.3055555555555556,0.1540785498489426,1.1086956521739129,YOR202W,non_ess,non_ess
0.0,0.0,0.0,0.0,0.07539844707805476,0.0,0.0,0.0,0.0,1.0,1.6939970717423134,YBR155W,ess,ess
0.01445086705202312,0.005013397873627798,0.0,0.0,0.05537392725786678,0.005793742757821553,0.06720741599073002,0.24087924435549,0.2632384450566269,0.5005793742757821,1.1966759002770082,YBR011C,ess,ess
0.011560693641618495,0.001901633676203648,0.0,0.0,0.049856967715570084,0.005115089514066497,0.028132992327365727,0.10084398976982098,0.4475,0.7301790281329923,2.60730593607306,YGR253C,ess,ess
0.031791907514450865,0.004840522084882012,0.0,0.0,0.15284021250510832,0.004795117698343504,0.024411508282476024,0.13180668353082148,0.4741379310344828,0.3321708805579773,2.015873015873016,YDL028C,ess,ess
0.07803468208092486,0.035007347221021695,0.2972972972972973,1.8333333333333333,0.09971393543114017,0.0178335535006605,0.2675033025099075,0.5373844121532364,1.1869565217391302,0.2272126816380449,1.6380952380952385,YMR221C,non_ess,non_ess
0.02023121387283237,0.008211599965424842,0.0,0.0,0.06129955046996322,0.00736842105263158,0.1,0.3233802816901408,0.34917840375586856,1.0,5.0,YNR054C,ess,ess
0.005780346820809247,0.0006915031549831446,0.0,0.0,0.046383326522272166,0.002735978112175102,0.010943912448700409,0.057827633378932965,0.13046153846153846,0.4705882352941176,2.293333333333333,YGR267C,ess,ess
0.017341040462427744,0.00112369262684761,0.0,0.0,0.07703310175725378,0.005080440304826418,0.01100762066045724,0.11740488773394844,0.19517241379310346,0.7349703640982218,4.903954802259887,YOR176W,ess,ess
0.026011560693641616,0.006396404183594088,0.054054054054054064,0.3333333333333333,0.02840212505108296,0.019271948608137045,0.15845824411134904,0.6971494803842603,1.2075688073394495,0.35974304068522484,0.9882352941176472,YMR158W,non_ess,non_ess
0.1676300578034682,0.07623822283689169,0.0,1.0,0.1992235390273805,0.019495798319327733,0.2964705882352941,0.5044435849653669,1.0774895397489541,0.1361344537815126,1.3822525597269624,YOL084W,non_ess,non_ess
0.011560693641618495,0.002074509464949433,0.0,0.0,0.28994687372292605,0.0009287206872533086,0.005572324123519852,0.030839331321105175,0.25375,0.3972602739726027,2.269230769230769,YDR464W,ess,ess
0.008670520231213872,0.0004321894718644654,0.054054054054054064,0.6666666666666666,0.029219452390682476,0.006263048016701462,0.010438413361169102,0.14634546229601372,0.4994764397905759,0.8204592901878914,1.6582278481012658,YML077W,ess,ess
0.05780346820809248,0.017892644135188866,0.08108108108108109,0.75,0.05782590927666531,0.02224694104560623,0.2302558398220245,0.3573797593656561,1.339449541284404,0.27808676307007785,0.8561643835616438,YJL079C,non_ess,non_ess
0.02023121387283237,0.0049269599792549044,0.0,1.0,0.021250510829587253,0.01933701657458564,0.1574585635359116,0.7809179770505736,1.7120315581854042,0.6215469613259669,1.0,YBR301W,non_ess,non_ess
0.005780346820809247,0.00224738525369522,0.0,1.0,0.046791990192071926,0.0027137042062415195,0.035278154681139755,0.1502289687924016,0.2743055555555555,0.38670284938941657,1.0674157303370786,YML064C,ess,ess
0.03757225433526011,0.004667646296136226,0.1891891891891892,0.875,0.016550878626890073,0.04436860068259386,0.18430034129692832,1.9195257768995868,0.6578947368421053,0.25597269624573377,0.986842105263158,YCL057C-A,non_ess,non_ess
0.031791907514450865,0.006569279972339874,0.08108108108108109,0.75,0.027176134041683696,0.024498886414253896,0.16926503340757235,0.6318433728699435,1.3046511627906978,0.2694877505567929,0.8013245033112582,YOR286W,non_ess,non_ess
0.04335260115606936,0.015472383092747859,0.21621621621621626,2.0,0.05203650728783545,0.018427518427518427,0.2199017199017199,0.2709694173108807,1.4808362369337975,0.2297297297297297,0.656140350877193,YHL001W,non_ess,non_ess
0.0,0.0,0.0,1.0,0.05394360441356764,0.0,0.0,0.0,1.0,1.0,1.0,YOL127W,ess,ess
0.13872832369942195,0.07546028178753565,0.5135135135135136,2.375,0.11156518185533308,0.02843601895734597,0.5171800947867299,0.7310808744840238,1.3362007168458778,0.18424170616113744,0.8337801608579088,YDL042C,non_ess,non_ess
0.03468208092485549,0.006655717866712767,0.16216216216216214,0.8571428571428571,0.038823048630976714,0.01935483870967742,0.12419354838709674,0.4244801047977729,1.199238578680203,0.2306451612903226,0.5674603174603176,YKL065C,non_ess,non_ess
0.0028901734104046237,0.0005186273662373584,0.0,0.0,0.013077237433592155,0.004132231404958678,0.02479338842975207,0.11270568088749908,1.0,0.8925619834710744,1.0285714285714287,YDR086C,ess,ess
0.07514450867052022,0.04330538508081943,0.6216216216216217,2.875,0.02451982018798529,0.06341463414634146,1.221951219512195,1.9976797296062847,0.8510014655593552,1.0,5.394736842105262,YCR025C,non_ess,non_ess
0.05780346820809248,0.020831532543867232,0.08108108108108109,3.0,0.06804250102165918,0.019065776930409915,0.2297426120114395,0.5636597423903164,1.5863787375415281,0.2202097235462345,0.77,YDR297W,non_ess,non_ess
0.011560693641618495,0.003111764197424151,0.2972972972972973,1.375,0.012464241928892523,0.017167381974248927,0.15450643776824036,0.4597785608122776,0.5654993514915694,0.3991416309012876,0.9117647058823528,YKL165C-A,non_ess,non_ess
0.0028901734104046237,8.643789437289306e-05,0.027027027027027032,0.14285714285714285,0.07887208827135267,0.0008278145695364237,0.0008278145695364237,0.029307980466920864,0.1019283746556474,0.7947019867549668,2.750716332378224,YDL105W,ess,ess
0.0,0.0,0.0,1.0,0.026767470371883945,0.0,0.0,0.0,0.0,1.0,1.276657060518732,YBR109C,ess,ess
0.049132947976878616,0.0187570230789178,0.10810810810810813,0.6666666666666666,0.05006129955046997,0.021656050955414008,0.2764331210191083,0.4767424931756142,0.7285714285714285,0.14904458598726114,0.9212598425196852,YBL064C,non_ess,non_ess
0.05491329479768786,0.021263722015731696,0.08108108108108109,1.0,0.07131181038005723,0.017319963536918868,0.22424794895168645,0.3221403943649012,0.6484083739604245,0.1741112123974476,0.9317073170731708,YMR152W,non_ess,non_ess
0.05202312138728323,0.00760653470481459,0.08108108108108109,1.5,0.033101757253780145,0.033582089552238806,0.16417910447761194,0.7190517998244074,0.9075630252100841,1.0,1.0,YGL235W,non_ess,non_ess
0.0838150289017341,0.02299247990318956,0.10810810810810813,1.3333333333333333,0.07805476093175318,0.024247491638795988,0.22240802675585286,0.9973224239528587,1.7889610389610389,0.25418060200668896,1.027027027027027,YLR312C,non_ess,non_ess
0.0,0.0,0.027027027027027032,1.0,0.0905190028606457,0.0,0.0,0.0,0.0,1.0,2.0369276218611523,YGL130W,ess,ess
0.017341040462427744,0.0027660126199325783,0.0,0.0,0.1103391908459338,0.003592814371257485,0.019161676646706587,0.08712574850299401,0.2173913043478261,0.5778443113772455,2.275943396226415,YML023C,ess,ess
0.04335260115606936,0.007433658916068805,0.027027027027027032,2.0,0.046791990192071926,0.0203527815468114,0.11668928086838536,0.6374962153918611,0.8608815426997244,0.3880597014925373,2.1185185185185187,YIL139C,non_ess,non_ess
0.026011560693641616,0.005791338922983836,0.13513513513513514,1.0,0.025950143032284437,0.02088167053364269,0.1554524361948956,0.5710153673280409,0.9433856502242152,0.6102088167053364,2.120967741935484,YOR041C,non_ess,non_ess
0.0028901734104046237,8.643789437289306e-05,0.0,0.0,0.06129955046996322,0.0010526315789473684,0.0010526315789473684,0.04776942355889724,0.09426627793974733,1.0,1.0,YCL059C,ess,ess
0.1213872832369942,0.062321721842855914,0.2972972972972973,2.2,0.07172047404985697,0.038077969174977334,0.6536718041704442,0.8714236880043993,0.8560035445281345,0.12964641885766093,1.0592592592592591,YLR137W,non_ess,non_ess
0.06358381502890173,0.01823839571268044,0.027027027027027032,0.25,0.020433183489987745,0.06285714285714286,0.6028571428571429,2.1297733990147782,1.0896551724137928,0.3028571428571429,1.452054794520548,YLR269C,non_ess,non_ess
0.0,0.0,0.027027027027027032,1.0,0.030854107069881488,0.0,0.0,0.0,0.0,1.0,1.405027932960894,YML098W,ess,ess
0.02023121387283237,0.004062581035525975,0.054054054054054064,0.4,0.04658765835717205,0.009536784741144414,0.06403269754768393,0.27869085954917017,0.6443181818181818,0.36239782016348776,1.7852348993288591,YKL154W,ess,ess
0.04335260115606936,0.009162416803526663,0.0,0.0,0.04086636697997549,0.02307692307692308,0.16307692307692306,0.5581730769230769,2.520833333333333,0.3538461538461539,0.5837563451776651,YBL059W,non_ess,non_ess
