hits_count,reads_count,hits_count_pro,ratio_hits_prom,orf_len,insertion_index,NI,NI_ratio,HFI,HFI_ratio,orf,label,predictions
0.008670520231213872,0.0013830063099662892,0.0,1.1428571428571428,0.13547200653861874,0.0014713094654242274,0.03606014086264586,0.15300084530853764,0.4889651790093183,0.00037040990553809534,YDR129C,non_ess,ess
0.0722543352601156,0.01236061889532371,0.08108108108108109,2.333333333333333,0.15713118103800575,0.010606703436571913,0.15761767262152396,1.2135922330097084,0.31056427662282565,0.00032689512230746223,YMR016C,non_ess,non_ess
0.0722543352601156,0.027227936727461318,0.027027027027027032,0.4,0.08193706579485084,0.019952114924181964,0.8501026108767529,1.3392857142857144,0.10853950518754987,0.007352941176470587,YDL033C,non_ess,non_ess
0.03757225433526011,0.021868787276341943,0.08108108108108109,0.6666666666666666,0.01838986514098897,0.040625,1.0217509920634922,1.5255102040816328,0.346875,0.003547297297297297,YDL023C,non_ess,non_ess
0.04046242774566474,0.007779410493560376,0.027027027027027032,2.4,0.10645688598283612,0.008679479231246125,0.4259720624940942,0.9509969584319026,0.3887166769993801,0.0003688135968620192,YIR039C,non_ess,non_ess
0.03468208092485549,0.002506698936813899,0.0,0.625,0.17082141397629752,0.004691164972634871,0.14833259679776994,0.4262422360248447,0.18686473807662235,0.00025843935344362263,YKL121W,non_ess,non_ess
0.0028901734104046237,8.643789437289306e-05,0.054054054054054064,1.0,0.029968669118648688,0.0020408163265306124,0.06654761904761905,0.3416666666666666,0.5081632653061224,0.002008032128514056,YCR028C-A,non_ess,non_ess
0.07803468208092486,0.018151957818307547,0.054054054054054064,0.4736842105263158,0.190028606456886,0.009507042253521126,0.21422155688622754,0.7895209580838324,0.09507042253521128,0.0003364632237871674,YBR086C,non_ess,non_ess
0.0028901734104046237,8.643789437289306e-05,0.0,0.25,0.013281569268492034,0.004081632653061225,0.09525448733710352,0.6365590008613264,1.0,0.004081632653061225,YDR406W-A,non_ess,non_ess
0.02890173410404624,0.007779410493560376,0.0,1.3636363636363635,0.08418471597874949,0.0077760497667185065,0.20095151269066644,1.3423645320197044,0.2410575427682737,0.0011287814177494606,YDR394W,ess,non_ess
0.0,0.0,0.0,1.6,0.12791172864732325,0.0,0.0,0.0,0.4844398340248962,0.000219352803717558,YDR311W,ess,ess
0.046242774566473986,0.007952286282306162,0.0,0.75,0.1420106252554148,0.007494145199063231,0.2512264267225441,0.7313019390581718,0.16440281030444964,0.0008220073793844286,YOR381W,non_ess,non_ess
0.05202312138728323,0.013138559944679749,0.0,0.5454545454545454,0.15284021250510832,0.007846556233653008,0.238234803094103,0.9407955596669748,0.5632083696599826,0.00010358156018797184,YJL090C,ess,non_ess
0.0,0.0,0.0,3.722222222222221,0.24969350224765025,0.0,0.0,0.8498207885304659,1.0,0.00026910656620021526,YLL066C,non_ess,non_ess
0.10404624277456646,0.03431584406603855,0.21621621621621626,0.6470588235294118,0.07315079689415611,0.03202846975088968,0.6316864991103204,0.7444852941176472,0.0596085409252669,0.00196526265469804,YPL001W,non_ess,non_ess
0.0028901734104046237,8.643789437289306e-05,0.0,0.5,0.038618716796076834,0.0016207455429497568,0.0412758721470893,0.1540983606557377,0.813614262560778,0.0008588014231566441,YLR435W,non_ess,ess
0.008670520231213872,0.0019880715705765406,0.027027027027027032,0.625,0.022067838169186758,0.008021390374331552,0.13469251336898394,2.3750000000000004,0.3663101604278075,0.007299270072992701,YGR137W,non_ess,non_ess
0.011560693641618495,0.0026795747255596854,0.0,1.875,0.07498978340825503,0.0034752389226759338,0.08606326979097459,0.6274509803921567,0.5873153779322329,0.0007582806820927518,YDR498C,ess,non_ess
0.03757225433526011,0.004062581035525975,0.054054054054054064,2.0,0.13342868818961995,0.006470881035340966,0.1862175764614789,1.0648148148148149,0.4579392732702837,0.0004485251152422793,YLL043W,non_ess,non_ess
0.0057803468208092465,0.0006050652606102515,0.0,1.1111111111111112,0.06763383735185942,0.001917545541706616,0.07810310494874254,0.4871794871794871,0.785234899328859,0.0005256275630197009,YPR180W,ess,ess
0.02023121387283237,0.003111764197424151,0.0,0.6,0.06865549652635881,0.006616257088846882,0.501109558642229,0.6695652173913043,0.3988657844990548,0.0013416174665603524,YML047C,non_ess,non_ess
0.05780346820809248,0.01832483360705333,0.16216216216216214,1.2352941176470589,0.07764609726195341,0.01680672268907563,0.3949234014593491,0.7448559670781891,0.3235294117647059,0.0005565862708719852,YJL048C,non_ess,non_ess
0.017341040462427744,0.002420261042441006,0.0,1.7142857142857142,0.049856967715570084,0.007672634271099744,0.26218487394957984,0.4171428571428572,0.6048593350383632,0.0007272510989872555,YPL163C,non_ess,non_ess
0.07514450867052022,0.012619932578442388,0.21621621621621626,0.8571428571428571,0.18022067838169187,0.009643916913946587,0.1837855023314964,1.0165413533834589,0.2985905044510386,0.0002018172770333782,YMR066W,non_ess,non_ess
0.08092485549132948,0.025672054628749243,0.027027027027027032,1.125,0.11422149570903148,0.016213086276780544,0.348331153002066,0.6704077815188927,0.1957151129125652,0.00033234771108362485,YOL122C,non_ess,non_ess
0.06358381502890173,0.02748725041058,0.027027027027027032,1.631578947368421,0.0696771557008582,0.020503261882572232,0.8033291912602258,0.8696581196581198,0.14259086672879775,0.0008527797574450717,YNL187W,non_ess,non_ess
0.06358381502890173,0.015299507304002076,0.027027027027027032,1.8,0.11667347772783,0.012478729438457176,0.238578480650107,1.5470931708555469,0.3034600113442995,0.0007230665655928457,YNL094W,non_ess,non_ess
0.04046242774566474,0.016423199930849685,0.054054054054054064,1.5,0.06885982836125869,0.013195098963242223,0.33818934744372786,0.7519685039370079,0.16870876531573986,0.001442720317609086,YKR011C,non_ess,non_ess
0.02023121387283237,0.0025931368311867924,0.0,9.0,0.027993461381283204,0.015184381778741863,0.32095466323345645,0.9106400665004156,0.3145336225596529,0.002707756750691899,YKL067W,non_ess,non_ess
0.008670520231213872,0.001210130521220503,0.054054054054054064,1.0,0.04658765835717205,0.004087193460490463,0.10282920369757316,0.41495327102803736,0.3583106267029973,0.0008961780337957543,YER182W,non_ess,non_ess
0.02890173410404624,0.0112369262684761,0.0,0.4782608695652174,0.11606048222313035,0.005701254275940707,0.15224460492419445,0.4828042328042329,0.19555302166476626,0.00048369241816289963,YNL076W,non_ess,non_ess
0.017341040462427744,0.0026795747255596854,0.0,0.9615384615384616,0.0931753167143441,0.0042313117066290545,0.08184537206534026,0.3655210038188762,0.6939351198871649,0.00044506174963019024,YHR005C,non_ess,ess
0.017341040462427744,0.0037168294580344026,0.0,1.0,0.15978749489170413,0.0025041736227045075,0.0794224942805911,0.17883597883597882,0.6214524207011686,0.00010511138443185476,YPL045W,non_ess,ess
0.01445086705202312,0.0017287578874578616,0.16216216216216214,1.2,0.06620351450756028,0.004892367906066536,0.2074034169616746,0.432152117545376,0.20156555772994128,0.001049721657515247,YLR151C,non_ess,non_ess
0.023121387283237,0.007174345232950125,0.16216216216216214,0.625,0.046383326522272166,0.010943912448700409,0.4316279069767442,2.4177777777777782,0.29411764705882354,0.0028059682499284194,YHR127W,non_ess,non_ess
0.017341040462427744,0.0025931368311867924,0.0,0.5882352941176471,0.3214139762975071,0.0012581253931641856,0.06882459421176733,0.33990147783251234,0.5124764101488781,5.997201649084598e-05,YLR310C,ess,ess
0.0028901734104046237,0.0003457515774915723,0.0,1.3977272727272727,0.2842255823457295,0.00023679848448969926,0.012611492619780566,2.634189895470384,1.0,0.00023679848448969926,YML133C,non_ess,non_ess
0.06647398843930635,0.03267352407295358,0.1891891891891892,0.8181818181818182,0.06007355946056396,0.02467811158798283,0.7422154802427111,1.4540229885057467,0.2296137339055794,0.0012283903573863865,YHR199C,non_ess,non_ess
0.017341040462427744,0.004149018929898867,0.054054054054054064,1.2307692307692308,0.024928483857785046,0.014423076923076926,0.3300711275026344,1.0438356164383562,0.4975961538461538,0.0018812709030100333,YER050C,non_ess,non_ess
0.06936416184971098,0.025153427262511883,0.13513513513513514,1.28125,0.020841847159787496,0.06741573033707865,1.7386460202058351,1.184873949579832,0.11235955056179776,0.025,YGR050C,non_ess,non_ess
0.05491329479768786,0.013570749416544212,0.0,0.6666666666666666,0.10502656313853698,0.01193467336683417,0.5369011725293132,1.413333333333333,0.21231155778894475,0.0004590258987243912,YLR313C,non_ess,non_ess
0.023121387283237,0.002160947359322327,0.0,0.7142857142857143,0.0805067429505517,0.006493506493506494,0.2939017504234896,0.5110913930789708,0.3076298701298701,0.0008973546242675531,YPR133C,ess,ess
0.04335260115606936,0.005272711556746477,0.0,1.1666666666666667,0.19574989783408256,0.005129958960328317,0.0988905075772381,0.6185919343814081,0.3337893296853625,0.0003742347110403445,YNL236W,non_ess,non_ess
0.01445086705202312,0.0013830063099662892,0.13513513513513514,1.0909090909090908,0.04563410979430595,0.006944444444444444,0.17846936442615455,1.0751028806584362,0.6069444444444444,0.0010869565217391304,YER131W,non_ess,non_ess
0.011560693641618495,0.0018151957818307548,0.0,1.1034482758620692,0.08663669799754803,0.003025718608169441,0.088097312000489,0.263973063973064,0.4175491679273828,0.0003138086781117761,YDR449C,ess,ess
0.0953757225433526,0.030685452502377038,0.13513513513513514,1.4545454545454546,0.17674703718839396,0.012476370510396977,0.2790803772269804,0.6703910614525139,0.12589792060491492,0.003003003003003003,YJL198W,non_ess,non_ess
0.0028901734104046237,0.00112369262684761,0.0,0.6774193548387096,0.21005312627707395,0.0003190810465858328,0.006913919687002368,0.024182242990654204,0.9642629227823868,4.4346141484463846e-05,YLR249W,ess,ess
0.06069364161849713,0.013311435733425534,0.0,1.3076923076923077,0.09542296689824276,0.014472777394900068,0.5281598897312199,1.0627272727272727,0.19021364576154376,0.0005917957630419801,YPL091W,non_ess,non_ess
0.01445086705202312,0.0025931368311867924,0.0,1.181818181818182,0.02574581119738456,0.011682242990654205,0.2396370447953593,2.28448275862069,0.7546728971962616,0.0030959752321981426,YNR042W,non_ess,non_ess
0.023121387283237,0.009248854697899558,0.10810810810810813,2.363636363636364,0.057212913771965676,0.008988764044943821,0.2805152096464785,0.8563685636856371,0.3101123595505618,0.001803452206481029,YBR147W,non_ess,non_ess
0.09826589595375723,0.02160947359322327,0.08108108108108109,1.2272727272727273,0.04577033101757255,0.047091412742382266,1.0176184746821866,1.363782755087103,0.12188365650969528,0.002833039536640645,YLR326W,non_ess,non_ess
0.0028901734104046237,0.001210130521220503,0.027027027027027032,0.75,0.0036779730281977937,0.009615384615384616,0.5663283475783476,0.5231481481481483,0.6538461538461539,0.014705882352941175,YDR371C-A,non_ess,non_ess
0.008670520231213872,0.0009508168381018238,0.0,0.5,0.03228442991418063,0.005725190839694657,0.1782476826608506,0.29166666666666663,0.2538167938931298,0.001736210755897377,YNL310C,ess,non_ess
0.06358381502890173,0.01348431152217132,0.16216216216216214,1.1875,0.09337964854924398,0.015482054890921885,0.5580779570572957,0.8741007194244604,0.13230119634060522,0.0009021216703849553,YGR288W,non_ess,non_ess
0.01445086705202312,0.003025326303051257,0.0,2.0,0.08663669799754803,0.0037821482602118,0.11963030295325393,0.5555555555555556,0.4266263237518911,0.00045332131629488966,YHR111W,non_ess,non_ess
0.0,0.0,0.027027027027027032,1.1333333333333333,0.05598692276256642,0.0,0.0,0.0,1.0,0.00022225612322195103,YLR132C,ess,ess
0.03757225433526011,0.008816665226035093,0.027027027027027032,0.0,0.08275439313445035,0.010276679841897231,0.24084321475625825,1.125,0.2545454545454545,0.0008076989173397491,YGL090W,non_ess,non_ess
0.10693641618497107,0.019362088339528048,0.08108108108108109,1.0,0.1303637106661218,0.01883910386965377,0.4818269020948501,0.9635416666666666,0.12321792260692466,0.0004860211072023699,YJL209W,non_ess,non_ess
0.0,0.0,0.0,0.15384615384615385,0.017981201471189208,0.0,0.0,0.0,1.0,0.0017850622743316156,YBL100C,non_ess,non_ess
0.03757225433526011,0.007952286282306162,0.054054054054054064,1.6363636363636365,0.11830813240702905,0.007274762171236709,0.2239193841040512,0.3910427807486631,0.34918858421936205,0.00026903706254573635,YLR060W,ess,non_ess
0.1445086705202312,0.06923675339268735,0.0,1.6451612903225807,0.08193706579485084,0.039904229848363934,0.8941397788165546,0.8142857142857144,0.0893854748603352,0.001026108767529358,YAL061W,non_ess,non_ess
0.01445086705202312,0.00112369262684761,0.0,0.3157894736842105,0.08888434818144668,0.003690036900369004,0.1065664873516205,0.2576974564926372,0.3335793357933579,0.00032165365901446624,YOL069W,ess,ess
0.08959537572254335,0.021868787276341943,0.13513513513513514,2.125,0.15181855333060892,0.013602457218078104,0.3111283349757947,0.7027407786885247,0.1390960947784116,0.0009066459222388481,YBL011W,non_ess,non_ess
0.008670520231213872,0.0003457515774915723,0.0,2.1666666666666665,0.07968941561095219,0.002459016393442623,0.05288378575695228,0.2274567537725433,0.22131147540983606,0.0009927140255009106,YKR092C,non_ess,non_ess
0.02890173410404624,0.006396404183594088,0.0,1.2105263157894737,0.18308132407029007,0.003652300949598247,0.07355432891793995,0.26306434411660146,0.2892622352081812,0.0002153566342755532,YER151C,non_ess,ess
0.0838150289017341,0.03811911141844585,0.027027027027027032,2.0,0.017981201471189208,0.09235668789808917,3.2425113739763423,3.3511111111111105,0.2515923566878981,0.0037087801338385865,YOR072W,non_ess,non_ess
0.04046242774566474,0.007433658916068805,0.0,1.1111111111111112,0.0923579893747446,0.009957325746799427,0.2726670433952337,0.7808219178082192,0.18705547652916074,0.0007139418786406979,YBL056W,non_ess,non_ess
0.06647398843930635,0.01849770939579912,0.027027027027027032,0.8,0.1113608500204332,0.013649851632047478,0.5389377860483829,0.4602165725047082,0.18160237388724035,0.0004363763309478094,YNR056C,non_ess,non_ess
0.008670520231213872,0.0014694442043391822,0.0,0.7777777777777778,0.11728647323252965,0.0016930022573363429,0.0594107573752627,0.23275862068965514,0.3735891647855529,0.00038446325179188864,YOR073W,non_ess,ess
0.026011560693641616,0.0019880715705765406,0.054054054054054064,0.6875,0.08541070698814876,0.006901840490797546,0.2467287313913081,0.791958041958042,0.3075153374233129,0.0007668711656441718,YOR237W,non_ess,non_ess
0.0057803468208092465,0.0002593136831186792,0.0,0.6666666666666666,0.024315488353085408,0.004914004914004914,0.14558656349701124,1.208955223880597,0.4643734643734644,0.004316004316004316,YOR263C,non_ess,non_ess
0.046242774566473986,0.005186273662373585,0.0,1.6666666666666667,0.18001634654679194,0.005941329372447085,0.18597525902302994,0.41492726122707146,0.1396212402525065,0.0005165085209092131,YER047C,non_ess,non_ess
0.07514450867052022,0.021868787276341943,0.054054054054054064,0.9285714285714286,0.16632611360850022,0.01043338683788122,0.2820714228794554,0.9890393294648614,0.3884430176565008,0.0002143221946592733,YJL062W,non_ess,non_ess
0.03468208092485549,0.012014867317832138,0.027027027027027032,2.5,0.02145484266448713,0.03287671232876712,0.5402443539429841,0.8076923076923075,0.4164383561643836,0.0016041816870944485,YIR013C,non_ess,non_ess
0.05491329479768786,0.01521306940962918,0.16216216216216214,1.3636363636363635,0.015120555782590932,0.06985294117647059,1.9566334598355481,1.7263440860215056,0.1801470588235294,0.0034513805522208892,YOL086W-A,non_ess,non_ess
0.05202312138728323,0.007779410493560376,0.5945945945945946,1.263157894736842,0.038618716796076834,0.029173419773095625,0.7778485968714147,1.0744382022471908,0.16531604538087522,0.005672609400324149,YDR231C,non_ess,non_ess
0.05202312138728323,0.011150488374103209,0.2432432432432433,1.173913043478261,0.043931344503473635,0.025899280575539568,0.4086038783186649,0.4486947063089195,0.1223021582733813,0.0016589081675835802,YER004W,non_ess,non_ess
0.031791907514450865,0.004840522084882012,0.0,1.6923076923076923,0.1029832447895382,0.007042253521126761,0.15627630323775324,0.4185258964143427,0.2880921895006402,0.00048797837530231887,YER006W,ess,ess
0.16473988439306358,0.06655717866712768,0.16216216216216214,0.3333333333333333,0.2308949734368615,0.016569767441860464,0.8209891238973537,0.8140761708697891,0.1258720930232558,0.00024235995488479503,YLR410W,non_ess,non_ess
0.011560693641618495,0.0015558820987120756,0.0,1.8333333333333333,0.05803024111156519,0.004434589800443459,0.1793467305855236,0.8274044795783927,0.8248337028824834,0.0009611258136041774,YPR139C,non_ess,non_ess
0.02890173410404624,0.00786584838793327,0.08108108108108109,1.0714285714285714,0.05843890478136495,0.011013215859030838,0.30446953010279004,0.5759803921568629,0.22136563876651985,0.0010191334078506148,YDR446W,non_ess,non_ess
0.04046242774566474,0.00561846313423805,0.027027027027027032,0.25,0.1409889660809154,0.006603773584905661,0.3125406636304489,0.8984674329501916,0.41650943396226414,0.0002601551315199043,YOL095C,non_ess,non_ess
0.011560693641618495,0.0012965684155933962,0.027027027027027032,1.3,0.03330608908868002,0.007421150278293135,0.2654139880053501,0.5251937984496124,0.35435992578849723,0.002748933938163557,YDR540C,non_ess,non_ess
0.06647398843930635,0.013397873627798429,0.0,0.9,0.15059256232120966,0.01017249004865104,0.2639618562624263,0.7125302872966426,0.15922158337019018,0.0005909381296378201,YLR054C,non_ess,non_ess
0.01445086705202312,0.0018151957818307548,0.054054054054054064,1.3,0.038618716796076834,0.008103727714748784,0.2522544986078211,1.16025641025641,0.24635332252836306,0.0025377463106713303,YDR056C,non_ess,non_ess
0.017341040462427744,0.003889705246780188,0.054054054054054064,0.6,0.06538618716796077,0.005940594059405941,0.2517376569871752,0.1894108873974646,0.2811881188118812,0.0005473434667410403,YLR007W,ess,non_ess
0.0,0.0,0.0,0.0,0.0860237024928484,0.0,0.0,1.412103923525243,1.0,0.0007616146230007616,YPL281C,non_ess,non_ess
0.15028901734104044,0.04071224824963264,0.1891891891891892,1.0526315789473684,0.24499387004495304,0.014258294488620784,0.4640236132840853,1.1122994652406422,0.12777625445571705,0.0002759631939238671,YEL031W,non_ess,non_ess
0.049132947976878616,0.011582677845967672,0.2972972972972973,0.8571428571428571,0.04713254325023839,0.02291105121293801,0.603679558703692,0.8283499446290142,0.14016172506738545,0.0016068836823553805,YDR305C,non_ess,non_ess
0.0028901734104046237,0.00017287578874578615,0.027027027027027032,2.0,0.022680833673886392,0.0026109660574412533,0.06229019022752705,0.4126984126984127,0.5953002610966057,0.0043859649122807015,YJR037W,non_ess,non_ess
0.0,0.0,0.0,0.4761904761904762,0.04168369431957498,0.0,0.0,0.0,0.7416918429003021,0.0005107032321976854,YNL110C,ess,ess
0.05202312138728323,0.007347221021695911,0.10810810810810813,0.18181818181818185,0.05149162239476912,0.022332506203473945,0.6726373391615861,1.379375591296121,0.2990074441687345,0.0011016957878154504,YHR200W,non_ess,non_ess
0.08670520231213873,0.008298037859797734,0.1891891891891892,2.1111111111111107,0.13281569268492033,0.015,0.3815254237288136,0.9193631227529532,0.1285,0.0006303501945525293,YBR260C,non_ess,non_ess
0.05780346820809248,0.01045898521912006,0.08108108108108109,0.9375,0.04290968532897426,0.029411764705882363,0.9401197604790419,2.2395209580838324,0.6970588235294117,0.0005119136262099779,YDR296W,non_ess,non_ess
0.0057803468208092465,0.0010372547324747168,0.0,1.0,0.018185533306089092,0.006309148264984227,0.2130023316417501,2.2173913043478257,0.6182965299684543,0.005102040816326529,YDR203W,non_ess,non_ess
0.03468208092485549,0.00561846313423805,0.08108108108108109,0.4545454545454545,0.08316305680425011,0.00944138473642801,0.3492568936357385,0.7307086614173227,0.2084972462627852,0.0007838130724581742,YDR218C,non_ess,non_ess
0.0,0.0,0.0,0.2,0.2366162648140581,0.0,0.0,0.0,0.8510215664018161,0.00010370464010137316,YJR041C,ess,ess
0.023121387283237,0.0025931368311867924,0.0,1.5,0.0406620351450756,0.012364760432766615,0.4154227565532193,0.6071244192049561,0.34775888717156106,0.0009617035892151813,YKL119C,non_ess,non_ess
0.011560693641618495,0.00112369262684761,0.0,1.15,0.0959678517913091,0.002741603838245373,0.0623989033584647,0.4828571428571428,0.7080191912268677,0.00037687100196596616,YML085C,ess,ess
0.031791907514450865,0.004062581035525975,0.027027027027027032,0.9,0.11789946873722927,0.006176305446378439,0.40657736424159785,1.0410714285714286,0.3054463784390792,0.0004954255705651153,YDR101C,non_ess,non_ess
0.04046242774566474,0.00760653470481459,0.1891891891891892,1.0,0.10237024928483858,0.00901481004507405,0.2928946455990886,0.4895104895104895,0.1390856406954282,0.0005038038682597598,YAL022C,non_ess,non_ess
0.026011560693641616,0.003284639986169937,0.10810810810810813,0.75,0.08581937065794852,0.006870229007633589,0.21197779319916726,1.0636363636363635,0.23587786259541985,0.0008177079473307147,YBR273C,non_ess,non_ess
0.04335260115606936,0.009681044169764024,0.10810810810810813,0.68,0.07825909276665305,0.012510425354462052,0.31237988178554593,1.1130434782608696,0.13761467889908258,0.0009199585513180176,YMR201C,non_ess,non_ess
0.15895953757225434,0.0324142103898349,0.2972972972972973,1.2352941176470589,0.2374335921536576,0.015554298642533937,0.3813538848086587,0.7713942848571216,0.061085972850678724,0.0005525180157533099,YGL062W,non_ess,non_ess
0.04335260115606936,0.012965684155933962,0.0,0.4642857142857143,0.15590519002860648,0.006412997007268063,0.9817951769640526,0.732848232848233,0.22958529286019666,0.0004386792490384485,YDR208W,ess,non_ess
0.03468208092485549,0.004321894718644654,0.2972972972972973,0.8666666666666667,0.0813240702901512,0.00964630225080386,0.945859042322065,0.8455598455598456,0.31189710610932475,0.0007893559187191301,YOR196C,non_ess,non_ess
0.15028901734104044,0.043391822975192326,0.16216216216216214,1.84,0.18083367388639152,0.019223659889094268,0.2485466114864313,1.2754905732974222,0.18114602587800369,0.0004224980195405334,YDR006C,non_ess,non_ess
0.05491329479768786,0.008038724176679056,0.2702702702702703,1.4545454545454546,0.08111973845525132,0.015310233682514104,0.5425832348046119,1.0808614384396589,0.08783239323126511,0.001308503796139544,YAL034C,non_ess,non_ess
0.06069364161849713,0.03768692194658138,0.0,1.0740740740740742,0.07560277891295464,0.01810344827586207,0.4189251077586207,0.8854166666666665,0.3491379310344828,0.0010217113665389526,YGR279C,non_ess,non_ess
0.04335260115606936,0.0087302273316622,0.0,0.8,0.2370249284838578,0.00424929178470255,0.1727743957567356,0.4559270516717326,0.30991501416430595,0.00014319673107498538,YOL078W,ess,ess
0.02023121387283237,0.005704901028610943,0.027027027027027032,0.38461538461538464,0.05557825909276666,0.008083140877598153,0.3877020785219401,0.96875,0.30369515011547343,0.0015542812985712903,YPL117C,ess,non_ess
0.0057803468208092465,0.0002593136831186792,0.027027027027027032,1.5,0.03841438496117695,0.0032573289902280127,0.09436673692278214,0.4852941176470588,0.4641693811074918,0.0011429224527115835,YLR029C,ess,non_ess
0.05491329479768786,0.022819604114443767,0.027027027027027032,2.25,0.014711892112791171,0.07142857142857142,2.139717425431712,1.30969030969031,0.2744360902255639,0.004634874858378824,YCR024C-B,non_ess,non_ess
0.0028901734104046237,0.0015558820987120756,0.0,0.6363636363636364,0.041070698814875364,0.0015313935681470134,0.04802883898684086,0.1338495575221239,0.990811638591118,0.0007645133269111058,YGL135W,non_ess,ess
0.05202312138728323,0.01097761258535742,0.16216216216216214,0.9,0.026358806702084188,0.041189931350114416,1.11404395721356,0.9455540355677156,0.2219679633867277,0.002878105168793791,YGL118C,non_ess,non_ess
0.023121387283237,0.0026795747255596854,0.10810810810810813,0.6666666666666666,0.06722517368205967,0.007714561234329799,0.18577286851153774,0.8131313131313131,0.19575699132111865,0.0029547149555130127,YGL175C,non_ess,non_ess
0.008670520231213872,0.004667646296136226,0.32432432432432434,0.7692307692307693,0.0020433183489987745,0.0375,1.32002508361204,0.6269460850932225,0.45,0.027777777777777776,YAR035C-A,non_ess,non_ess
0.1184971098265896,0.02532630305125767,0.0,0.375,0.08622803432774828,0.031155015197568383,0.6725186039199246,0.6988636363636365,0.4703647416413374,0.00023815252564436207,YLR085C,non_ess,non_ess
0.011560693641618495,0.0007779410493560378,0.08108108108108109,1.1111111111111112,0.02145484266448713,0.010958904109589041,0.3470319634703196,1.2190476190476192,0.8191780821917808,0.0013011407889311404,YDR199W,non_ess,non_ess
0.049132947976878616,0.010804736796611637,0.0,0.7272727272727273,0.10012259910093993,0.011184210526315793,0.2911778143274854,1.076121794871795,0.1631578947368421,0.0011168293718166382,YPL181W,non_ess,non_ess
0.06358381502890173,0.01823839571268044,0.027027027027027032,1.0,0.020433183489987745,0.06285714285714286,2.1297733990147782,1.0896551724137928,0.22285714285714286,0.002673992673992673,YLR269C,non_ess,non_ess
0.06936416184971098,0.009421730486645344,0.1891891891891892,0.8181818181818182,0.19493257049448307,0.008241758241758242,0.4451312576312577,1.3066666666666666,0.1888736263736264,0.0002584915084915085,YIR023W,non_ess,non_ess
0.023121387283237,0.003976143141153081,0.0,1.0,0.06579485083776053,0.007874015748031496,0.1804362823227157,0.6745399615490251,0.5,0.0005638136276272553,YOR313C,non_ess,non_ess
0.01445086705202312,0.002160947359322327,0.0,1.1538461538461535,0.15610952186350635,0.002134927412467976,0.05906182101200965,0.2093476144109056,0.3300597779675491,0.0001629504752077757,YLR397C,ess,ess
0.0057803468208092465,0.00112369262684761,0.0,1.1111111111111112,0.05905190028606457,0.0021810250817884407,0.05773343341500376,0.2491883116883117,0.5659760087241004,0.0007522225233913889,YDR280W,ess,ess
0.04046242774566474,0.010113233641628493,0.08108108108108109,1.125,0.06232120964446261,0.014507772020725387,0.4429369000281159,0.8473464519976149,0.4683937823834197,0.0005983768169104497,YDR347W,non_ess,non_ess
0.0028901734104046237,0.00017287578874578615,0.13513513513513514,1.44,0.010625255414793628,0.0048543689320388345,0.144596126361441,0.8071065989847714,0.6310679611650486,0.0039581777445855115,YPL189C-A,non_ess,non_ess
0.0,0.0,0.0,4.486111111111111,0.029423784225582342,0.0,0.0,0.6872759856630825,1.0,0.002074688796680498,YLL066W-A,non_ess,non_ess
0.04335260115606936,0.008643789437289308,0.054054054054054064,0.9090909090909092,0.10502656313853698,0.009422110552763818,0.20371446786169653,0.4853731343283582,0.5131909547738693,0.00011609454863054563,YJR049C,non_ess,non_ess
0.0028901734104046237,0.0006915031549831446,0.10810810810810813,0.7894736842105263,0.005516959542296689,0.0076335877862595426,0.1873242265970269,0.3508771929824561,0.450381679389313,0.0076335877862595426,YEL017C-A,non_ess,non_ess
0.04335260115606936,0.010286109430374276,0.08108108108108109,1.1428571428571428,0.06824683285655905,0.014258555133079847,0.3680572829679116,0.5180820804550995,0.1720532319391635,0.0010976198979055943,YNL264C,non_ess,non_ess
0.0,0.0,0.0,0.4375,0.048630976706170816,0.0,0.0,0.0,0.9908376963350786,0.001321003963011889,YGL123W,ess,ess
0.0028901734104046237,0.00017287578874578615,0.0,0.7272727272727273,0.021250510829587253,0.0027624309392265192,0.13304928676218122,0.19915254237288127,0.43922651933701656,0.002831926057194482,YAL068C,non_ess,non_ess
0.06069364161849713,0.01754689255769729,0.10810810810810813,0.7692307692307693,0.06211687780956274,0.02182952182952183,0.4744710774122539,0.4815126050420168,0.16112266112266113,0.0012339883307625245,YMR180C,non_ess,non_ess
0.0057803468208092465,0.006137090500475408,0.10810810810810813,1.625,0.05809835172319847,0.0022148394241417496,0.06591304597949116,0.13286713286713284,0.3023255813953488,0.000945160413598952,YNL050C,non_ess,non_ess
0.0,0.0,0.0,13.0,0.029423784225582342,0.0,0.0,0.0,0.9875518672199172,0.0021008403361344537,YBL113W-A,non_ess,non_ess
0.05780346820809248,0.010113233641628493,0.0,0.9411764705882352,0.12321209644462608,0.010758472296933837,0.24676495937576864,1.1283621255193526,0.13824636901559978,0.001138639869558756,YOR030W,non_ess,non_ess
0.023121387283237,0.0015558820987120756,0.0,1.4285714285714286,0.1961585615038823,0.0027303754266211604,0.0939105442787857,0.3501144164759725,0.6409556313993174,0.00014793168245937332,YMR275C,non_ess,ess
0.017341040462427744,0.003803267352407295,0.054054054054054064,1.125,0.08193706579485084,0.004788507581803671,0.12498908280504148,0.2981132075471698,0.4142059058260176,0.0008226883610356339,YGL223C,non_ess,non_ess
0.16184971098265896,0.052640677673091885,0.0,0.6666666666666666,0.08030241111565183,0.045565500406834825,1.2870063215872816,1.5441176470588232,0.12530512611879574,0.002018323417835216,YOR134W,non_ess,non_ess
0.06647398843930635,0.01322499783905264,0.0,1.5,0.07090314671025746,0.021081576535288724,0.5489423500422583,0.7654220779220778,0.1145737855178735,0.0015765352887259394,YOR338W,non_ess,non_ess
0.011560693641618495,0.002333823148068113,0.027027027027027032,1.5,0.07355946056395588,0.003539823008849557,0.19221505090159025,0.26423200859291085,0.13274336283185842,0.002766961651917404,YNL331C,non_ess,non_ess
0.03757225433526011,0.01037254732474717,0.0,0.5,0.20392317123007767,0.0042706964520367935,0.11430393445157301,0.42018995098039214,0.1961235216819973,0.0003131073677630377,YDR028C,non_ess,non_ess
0.1445086705202312,0.05506093871553289,0.40540540540540543,1.5,0.048630976706170816,0.06544502617801047,1.2431266279039177,1.3865624418388238,0.4044502617801048,0.0007921177925752724,YER153C,non_ess,non_ess
0.15606936416184972,0.0498746650531593,0.2972972972972973,1.1538461538461535,0.1791990192071925,0.02014173815740396,0.4791890646598064,0.8457269700332961,0.12831033196568445,0.0004282938507845909,YLR092W,non_ess,non_ess
0.008670520231213872,0.0003457515774915723,0.08108108108108109,0.7777777777777778,0.07498978340825503,0.002606429192006951,0.07714027935574418,0.30769230769230765,0.2971329278887924,0.0006325544530309268,YJL108C,non_ess,non_ess
0.07514450867052022,0.020572218860748552,0.08108108108108109,0.6363636363636364,0.05557825909276666,0.030023094688221712,1.1521804102703437,0.8539215686274509,0.1628175519630485,0.0011711136225902089,YPR093C,non_ess,non_ess
0.18208092485549127,0.05047973031376955,0.21621621621621626,0.9583333333333334,0.1765427053534941,0.02384557153671461,0.4070678928013115,0.9642125625853436,0.04920514761544285,0.0007307983462411926,YAL056W,non_ess,non_ess
0.03468208092485549,0.003803267352407295,0.0,1.0,0.04944830404577034,0.015463917525773196,0.3848063867236611,0.7429643527204505,0.2345360824742268,0.0008921490880253768,YCL047C,non_ess,non_ess
0.0,0.0,0.0,1.0,0.0126685737637924,0.0,0.0,0.7739940937615357,0.6228813559322034,0.006802721088435374,YOR192C-C,non_ess,non_ess
0.03468208092485549,0.010286109430374276,0.2972972972972973,1.0909090909090908,0.020228851655087858,0.0345821325648415,1.1510389807371455,2.6021052631578963,0.4005763688760807,0.0023842597391827173,YPR166C,non_ess,non_ess
0.049132947976878616,0.018065519923934653,0.027027027027027032,1.1176470588235294,0.05190028606456886,0.020935960591133004,0.4959073493556253,1.2633477633477634,0.2844827586206897,0.0029482012240632928,YNL108C,non_ess,non_ess
0.008670520231213872,0.003284639986169937,0.054054054054054064,0.8333333333333334,0.01961585615038824,0.008875739644970414,0.3483902529935237,0.3175853018372703,0.3757396449704142,0.006452965568653032,YIL030W-A,non_ess,non_ess
0.05202312138728323,0.010286109430374276,0.5675675675675675,0.9166666666666666,0.04944830404577034,0.0231958762886598,0.5278269974226804,0.6796874999999999,0.125,0.001939632266978425,YCR059C,non_ess,non_ess
0.02890173410404624,0.007260783127323019,0.054054054054054064,0.4545454545454545,0.02227217000408664,0.026525198938992044,0.4447074884006256,0.6747324336900885,0.1724137931034483,0.003346255866149765,YAL042C-A,non_ess,non_ess
0.12716763005780346,0.19024980551473766,0.4594594594594595,0.88,0.01941152431548836,0.13134328358208955,5.2007867638551435,1.1062225015713387,0.19402985074626866,0.014328358208955226,YDR094W,non_ess,non_ess
0.008670520231213872,0.0003457515774915723,0.0,0.6666666666666666,0.15590519002860648,0.0012825994014536127,0.07565791168092638,0.17921686746987955,0.645575032064985,0.00010815738882015012,YLR277C,ess,ess
0.0,0.0,0.0,3.56,0.016550878626890073,0.0,0.0,0.11752136752136752,0.4061433447098976,0.008403361344537815,YAR069C,non_ess,non_ess
0.031791907514450865,0.0044083326130175465,0.0,0.14285714285714285,0.4452390682468329,0.001669955973887961,0.07963359824319219,0.2638081395348837,0.3352057082131471,4.42103792494219e-05,YPL085W,ess,ess
0.02023121387283237,0.001901633676203648,0.0,0.5714285714285714,0.0958997411796758,0.004801097393689987,0.09914604223420084,0.2382629107981221,0.4657064471879287,0.0014727540500736375,YPL175W,ess,ess
0.01445086705202312,0.0018151957818307548,0.0,0.6333333333333333,0.1585615038823049,0.0021026072329688814,0.07500448096623419,0.157103825136612,0.5954583683767872,0.00011641554171240137,YNL186W,non_ess,ess
0.01445086705202312,0.00112369262684761,0.08108108108108109,0.875,0.07008581937065796,0.0046339202965709,0.1885932006413934,0.3117913832199546,0.5495829471733086,0.0004969938125833207,YGL211W,non_ess,non_ess
0.0028901734104046237,0.0012965684155933962,0.0,3.583333333333333,0.03248876174908051,0.00189753320683112,0.12858159392789373,0.7925075923576674,1.0,0.00189753320683112,YFL067W,non_ess,non_ess
0.02890173410404624,0.02074509464949434,0.027027027027027032,2.142857142857143,0.022885165508786283,0.02590673575129533,1.1812005083585884,0.9669811320754716,0.2616580310880829,0.003975786179654234,YBR016W,non_ess,non_ess
0.06358381502890173,0.014435128360273143,0.054054054054054064,0.7826086956521741,0.10890886800163466,0.013341419041843541,0.4141176470588235,0.655925925925926,0.11279563371740448,0.0013204483655783565,YDR242W,non_ess,non_ess
0.02023121387283237,0.005704901028610943,0.1891891891891892,0.9285714285714286,0.05190028606456886,0.008620689655172414,0.5651041666666666,0.6440972222222222,0.14532019704433494,0.003339734491107957,YBL095W,non_ess,non_ess
0.08959537572254335,0.016423199930849685,0.0,1.5,0.16489579076420108,0.01254552812626467,0.3967319608760321,1.092764378478664,0.12909753136382032,0.0004947675163558724,YIL140W,non_ess,non_ess
0.049132947976878616,0.010286109430374276,0.054054054054054064,0.4,0.11708214139762975,0.009609949123798756,0.30337870156977004,0.5745920745920746,0.1565856416054268,0.0005693726492970593,YOL157C,non_ess,non_ess
0.10982658959537572,0.024548362001901632,0.0,1.2857142857142858,0.2472415202288517,0.010326086956521737,0.4243624581939799,0.838235294117647,0.16141304347826088,0.00025618503879373453,YPR095C,non_ess,non_ess
0.026011560693641616,0.00449477050739044,0.054054054054054064,0.7727272727272727,0.0860237024928484,0.006854531607006854,0.21103648826421104,0.33542319749216304,0.19268849961919268,0.0006050772301310399,YHR174W,non_ess,non_ess
0.05491329479768786,0.012706370472815282,0.054054054054054064,0.875,0.06885982836125869,0.0179076343072573,0.6840948872051605,1.0487012987012991,0.177191328934967,0.001017707100888363,YOR173W,non_ess,non_ess
0.0,0.0,0.0,0.9,0.037188393951777685,0.0,0.0,0.0,0.3724832214765101,0.0010581050849507226,YKL141W,ess,ess
0.026011560693641616,0.010804736796611637,0.0,0.375,0.14609726195341236,0.004100227790432802,0.1910223770601635,0.31807400379506645,0.40227790432801824,0.00020276702172393246,YHR072W,ess,ess
0.05491329479768786,0.015040193620883397,0.0,0.5,0.22149570903146712,0.005754088431253785,0.1832145736804948,0.8980891719745223,0.2780133252574197,0.0002682074242982071,YPL022W,non_ess,non_ess
0.01445086705202312,0.004926959979254904,0.10810810810810813,2.625,0.021250510829587253,0.013812154696132596,0.3503219523828451,0.7589928057553956,0.6298342541436464,0.0017083454492585054,YEL049W,non_ess,non_ess
0.07803468208092486,0.016163886247731005,0.027027027027027032,1.6,0.12791172864732325,0.014004149377593363,0.34757435063154624,1.0064384954252796,0.16649377593360995,0.0006834839260092295,YGR054W,non_ess,non_ess
0.031791907514450865,0.013657187310917106,0.054054054054054064,1.2083333333333333,0.08255006129955048,0.008716323296354992,0.24101259487863874,0.9043062200956936,0.1648177496038035,0.0009181092283310985,YDL027C,non_ess,non_ess
0.008670520231213872,0.00112369262684761,0.027027027027027032,0.42857142857142855,0.02513281569268493,0.0071599045346062064,0.132513737026142,0.4558139534883722,0.3221957040572792,0.004897021126138071,YNR022C,non_ess,non_ess
0.023121387283237,0.002420261042441006,0.0,0.6428571428571429,0.0715161422149571,0.007272727272727274,0.2443434343434344,0.4888888888888889,0.13545454545454547,0.0010555216595485052,YBR221C,non_ess,non_ess
0.02890173410404624,0.02411617253003717,0.0,0.7272727272727273,0.02881078872088272,0.0211416490486258,0.720548989706443,0.9289617486338796,0.6723044397463002,0.001156807212094619,YPR168W,ess,non_ess
0.023121387283237,0.0020745094649494327,0.027027027027027032,1.0,0.06885982836125869,0.007540056550424128,0.14915330408024416,0.209271523178808,0.10367577756833177,0.00232199468768743,YBL016W,non_ess,non_ess
0.04335260115606936,0.01184199152908635,0.054054054054054064,1.1875,0.0551695954229669,0.017441860465116282,0.4561276009791922,0.6100478468899521,0.23837209302325585,0.0010777084515031198,YDL201W,non_ess,non_ess
0.0057803468208092465,0.0003457515774915723,0.0,0.85,0.03555373927257867,0.0034965034965034965,0.11755186961798532,0.3022432113341205,0.7884615384615384,0.0012016808025677205,YDR373W,ess,ess
0.0,0.0,0.0,3.4095238095238103,0.38666394224220135,0.0,0.0,1.4183073229291718,1.0,0.00017461148943600488,YGR296W,non_ess,non_ess
0.008670520231213872,0.004062581035525975,0.1891891891891892,1.2857142857142858,0.06375153248876175,0.003042596348884381,0.05986942190669371,0.8385416666666666,0.5172413793103449,0.0014676052976971721,YBR129C,non_ess,non_ess
0.017341040462427744,0.006569279972339874,0.10810810810810813,0.8333333333333334,0.017572537801389457,0.01948051948051948,0.4622195985832349,1.1958041958041954,0.2857142857142857,0.00693624557260921,YBL071C,non_ess,non_ess
0.017341040462427744,0.0019880715705765406,0.0,0.3333333333333333,0.20004086636698,0.0020087043856712424,0.09236285586450944,0.5467289719626168,0.8024774020756612,8.729246565460479e-05,YDL031W,ess,ess
0.09248554913294796,0.015126631515256287,0.0,1.0588235294117647,0.2180220678381692,0.009843125192248541,0.3182029763476453,1.1061946902654871,0.1854813903414334,0.0003448358535427038,YPR115W,non_ess,non_ess
0.03468208092485549,0.005359149451119371,0.027027027027027032,0.7333333333333333,0.052104617899468735,0.014723926380368096,0.40987887368255466,0.8547008547008548,0.29938650306748466,0.0010308759931610175,YKL208W,non_ess,non_ess
0.0028901734104046237,0.0003457515774915723,0.054054054054054064,1.7142857142857142,0.015733551287290558,0.0035587188612099642,0.08978679179920007,0.3628318584070797,0.4234875444839858,0.004784832082299112,YPR052C,non_ess,non_ess
0.011560693641618495,0.0028524505143054713,0.10810810810810813,0.8,0.011646914589293013,0.01809954751131222,0.3970445042671402,3.1392405063291138,0.34841628959276016,0.00999000999000999,YKL065W-A,non_ess,non_ess
0.049132947976878616,0.0067421557610856594,0.2702702702702703,1.3333333333333333,0.08316305680425011,0.013375295043273014,0.3059186940192936,1.2257053291536049,0.1841070023603462,0.0013819120821481168,YJR084W,non_ess,non_ess
0.02890173410404624,0.0018151957818307548,0.0,0.7272727272727273,0.14671025745811198,0.004537205081669693,0.2390647614234189,0.3164556962025317,0.3126134301270417,0.00037008842611006767,YIL078W,ess,ess
0.0,0.0,0.0,0.75,0.02778912954638333,0.0,0.0,0.0,0.6615720524017468,0.002291495525098361,YFL057C,non_ess,non_ess
0.049132947976878616,0.007433658916068805,0.08108108108108109,0.7857142857142857,0.04270535349407438,0.025110782865583457,0.6616399299233967,0.7906976744186047,0.155096011816839,0.001674052191038897,YDR304C,non_ess,non_ess
0.03468208092485549,0.010545423113492956,0.0,0.9285714285714286,0.07968941561095219,0.009836065573770493,0.3135298670231479,0.3819742489270386,0.12540983606557374,0.0026090217507768127,YPR124W,non_ess,non_ess
0.04046242774566474,0.00898954101478088,0.0,0.8333333333333334,0.11442582754393135,0.008092485549132947,0.2543352601156069,0.4895104895104895,0.4462427745664741,0.00026954985174758154,YER086W,non_ess,non_ess
0.046242774566473986,0.00786584838793327,0.027027027027027032,0.9166666666666666,0.10809154066203516,0.009773976786805132,0.39586109675297215,0.3989389920424404,0.2425167990226023,0.00045392367004211485,YPL256C,non_ess,non_ess
0.06647398843930635,0.017719768346443083,0.027027027027027032,1.0,0.1068655496526359,0.014206300185299569,0.3950415024789185,1.0292710385589643,0.11117974058060533,0.001794660627273351,YDR061W,non_ess,non_ess
0.046242774566473986,0.010286109430374276,0.5135135135135136,1.5555555555555556,0.03677973028197794,0.02711864406779661,0.7027266028002948,1.6397515527950308,0.3186440677966101,0.002380093761269384,YDR022C,non_ess,non_ess
0.0,0.0,0.0,0.4545454545454545,0.011033919084593379,0.0,0.0,0.0,0.5283018867924528,0.004211590296495957,YOR210W,ess,non_ess
0.026011560693641616,0.0020745094649494327,0.0,1.625,0.08541070698814876,0.006901840490797546,0.21280674846625766,1.0317460317460316,0.4838957055214724,0.0010172284717023324,YKL082C,ess,non_ess
0.023121387283237,0.005791338922983836,0.027027027027027032,1.0909090909090908,0.03889115924261,0.012882447665056359,0.225535291896848,0.9077238550922764,0.5780998389694042,0.0013366885112071015,YDL130W,non_ess,non_ess
0.011560693641618495,0.0008643789437289308,0.0,0.6666666666666666,0.02574581119738456,0.009345794392523364,0.16368180830254292,1.4511627906976745,0.485981308411215,0.004807692307692308,YBR064W,non_ess,non_ess
0.08092485549132948,0.03224133460108912,0.2702702702702703,1.0,0.07764609726195341,0.023529411764705882,0.7476974789915967,1.0666666666666669,0.14873949579831933,0.0007216445900394058,YDR018C,non_ess,non_ess
0.05491329479768786,0.008470913648543521,0.1891891891891892,1.5,0.08111973845525132,0.015310233682514104,0.3753646947678458,1.4133004926108381,0.2425463336019339,0.0005059685549912861,YGL143C,non_ess,non_ess
0.046242774566473986,0.013657187310917106,0.0,0.8421052631578947,0.16040049039640378,0.006652806652806653,0.30923610000533075,0.8849816849816848,0.33097713097713105,0.0003384907907520973,YER157W,ess,non_ess
0.046242774566473986,0.006309966289221194,0.08108108108108109,1.2666666666666666,0.0968532897425419,0.010869565217391304,0.5092155009451795,1.1980676328502409,0.11073369565217392,0.001750466791144305,YNL022C,non_ess,non_ess
0.0057803468208092465,0.0006050652606102515,0.0,0.7,0.09072333469554557,0.0014471780028943561,0.022591599789501367,0.2859848484848484,0.5289435600578871,0.0006265825416088423,YOR272W,ess,ess
0.02023121387283237,0.0045812084017633325,0.027027027027027032,0.25,0.05809835172319847,0.007751937984496123,0.28047011752938233,0.6638709677419353,0.32447397563676633,0.0007899341973474841,YLR128W,non_ess,non_ess
0.046242774566473986,0.01832483360705333,0.0,1.0,0.09215365753984472,0.011404133998574484,0.4518126370427601,0.8142493638676845,0.4155381325730577,0.0006565201497892901,YDR223W,non_ess,non_ess
0.0838150289017341,0.025412740945630563,0.0,0.2857142857142857,0.10196158561503883,0.01874595992243051,0.5256261551207698,0.8760563380281692,0.20232708468002586,0.0005699994423918499,YOR378W,non_ess,non_ess
0.12427745664739885,0.02489411357939321,0.0,1.5,0.20862280343277484,0.013813042081593318,0.8085052512979892,0.6637110016420361,0.09669129457115323,0.00037566181045513774,YCL024W,non_ess,non_ess
0.026011560693641616,0.007260783127323019,0.027027027027027032,1.3333333333333333,0.06824683285655905,0.008555133079847909,0.22123465161899689,0.8129704690214244,0.1758555133079848,0.0011509608467783373,YDR279W,non_ess,non_ess
0.1936416184971098,0.05860489238482153,0.054054054054054064,0.9230769230769232,0.2374335921536576,0.018947963800904976,0.6984817813765182,1.4235867446393762,0.09785067873303167,0.000292613710668794,YNL087W,non_ess,non_ess
0.03757225433526011,0.007952286282306162,0.21621621621621626,1.7857142857142858,0.05394360441356764,0.01543942992874109,1.8963412093178318,1.0719298245614035,0.18883610451306407,0.0027637102436546697,YML041C,non_ess,non_ess
0.04335260115606936,0.027746564093698675,0.1891891891891892,1.2222222222222223,0.045565999182672665,0.02086230876216968,0.3913968604026177,0.8773994929373417,0.12934631432545202,0.002766686108244725,YCR007C,non_ess,non_ess
0.049132947976878616,0.011582677845967672,0.054054054054054064,1.24,0.07212913771965672,0.015329125338142471,0.3446798917944094,0.7875000000000001,0.20559062218214608,0.0006486007625013842,YGL248W,non_ess,non_ess
0.1329479768786127,0.37133719422594863,0.3783783783783784,2.0769230769230766,0.020024519820187988,0.13372093023255813,2.424891509958829,1.0169938953967994,0.10755813953488373,0.01712759270898806,YFR035C,non_ess,non_ess
0.18497109826589594,0.03405653038291987,0.08108108108108109,1.0,0.2357989374744585,0.018223234624145785,0.4830813833091738,1.0747474747474748,0.06862186788154898,0.00039107174926039,YPL006W,non_ess,non_ess
0.049132947976878616,0.010631861007865848,0.027027027027027032,1.25,0.07825909276665305,0.014178482068390326,0.3163320624329799,0.9638392857142858,0.19432860717264386,0.0014497059423625553,YGR234W,non_ess,non_ess
0.05780346820809248,0.009767482064136915,0.0,0.7777777777777778,0.4897834082550062,0.002762049440684989,0.07512368294921892,0.3059772296015181,0.21143488468443586,4.302735412170932e-05,YHR165C,non_ess,ess
0.01445086705202312,0.0018151957818307548,0.0,0.3333333333333333,0.09705762157744176,0.003389830508474576,0.09278784336645236,0.2540834845735027,0.2277966101694915,0.00047013720742534304,YDR182W,ess,ess
0.10982658959537572,0.02670930936122396,0.08108108108108109,1.3043478260869563,0.2080098079280752,0.012242268041237113,0.2635526468203405,0.9013732833957552,0.15947164948453607,0.0002583827970425908,YMR189W,non_ess,non_ess
0.008670520231213872,0.0025931368311867924,0.054054054054054064,0.8125,0.03330608908868002,0.005565862708719851,0.1905534941249227,0.6319444444444444,0.614100185528757,0.0013620389105930756,YNL245C,ess,non_ess
0.017341040462427744,0.005013397873627798,0.0,1.5,0.002860645688598284,0.06521739130434782,1.37162471395881,0.9578947368421052,0.6086956521739131,0.00562888198757764,YAL037C-A,non_ess,non_ess
0.049132947976878616,0.012187743106577923,0.10810810810810813,1.0833333333333333,0.06722517368205967,0.016393442622950817,0.4480874316939891,1.409009009009009,0.1523625843780135,0.0016112691185625528,YKR087C,non_ess,non_ess
0.06647398843930635,0.011669115740340566,0.10810810810810813,1.2857142857142858,0.27073968124233755,0.005714285714285714,0.21681397738951694,0.7080475154759913,0.19826086956521727,0.0001488192531016983,YOL138C,non_ess,non_ess
0.05202312138728323,0.01918921255078226,0.054054054054054064,1.3333333333333333,0.08377605230894974,0.0140625,0.3021217105263158,0.5611336032388664,0.13203125,0.0012111686390532544,YNL234W,non_ess,non_ess
0.04046242774566474,0.008470913648543521,0.027027027027027032,0.875,0.022067838169186758,0.0374331550802139,1.108235294117647,2.3333333333333326,0.3716577540106952,0.002846920324702805,YKL053W,non_ess,non_ess
0.14739884393063582,0.0787449217737056,0.1891891891891892,0.7777777777777778,0.031467102574581116,0.099609375,4.730328615470851,0.9930375265518055,0.068359375,0.002622767857142857,YDR260C,non_ess,non_ess
0.0,0.0,0.0,0.7428571428571429,0.07069881487535759,0.0,0.0,10.933411764705882,1.0,0.0009191176470588236,YLR155C,non_ess,non_ess
0.02890173410404624,0.006137090500475408,0.08108108108108109,2.0,0.04454434000817328,0.014204545454545452,0.6917468692022263,1.2840136054421771,0.2642045454545455,0.0015120967741935483,YIR038C,non_ess,non_ess
0.03468208092485549,0.011582677845967672,0.027027027027027032,1.0,0.07764609726195341,0.01008403361344538,0.2491028843970021,0.5223328591749645,0.13109243697478992,0.0026610644257703078,YPL113C,non_ess,non_ess
0.02890173410404624,0.009335292592272452,0.0,0.8333333333333333,0.06620351450756028,0.009784735812133072,0.5272721922222385,1.1560150375939848,0.2925636007827789,0.0014104418511803858,YNL332W,non_ess,non_ess
0.09826589595375723,0.016768951508341255,0.08108108108108109,0.2727272727272727,0.14957090314671026,0.015138023152270703,0.6204087339843837,0.8429752066115703,0.1589492430988424,0.00043650585790861314,YGL205W,non_ess,non_ess
0.02023121387283237,0.0027660126199325783,0.0,3.2,0.09910093992644056,0.004651162790697674,0.16435071500794454,0.3844393592677346,0.28837209302325584,0.0004822634229986068,YHR065C,ess,ess
0.05202312138728323,0.013657187310917106,0.10810810810810813,0.5263157894736842,0.0815284021250511,0.01443464314354451,0.3932771986099973,0.926470588235294,0.2253408179631115,0.0010473535060658034,YPL048W,non_ess,non_ess
0.017341040462427744,0.003889705246780188,0.0,2.571428571428572,0.05087862689006948,0.007528230865746549,0.2720917727191253,0.8865546218487395,0.2220828105395232,0.001736738759046991,YGR106C,non_ess,non_ess
0.18497109826589594,0.05497450082116,0.21621621621621626,1.2666666666666666,0.09991826726604006,0.04218852999340804,0.9295941237404652,0.9917675544794188,0.1094264996704021,0.0006194851919212777,YNL241C,non_ess,non_ess
0.02023121387283237,0.0020745094649494327,0.054054054054054064,0.9333333333333332,0.1058438904781365,0.004364089775561097,0.14430429451233792,0.4992466097438473,0.6415211970074813,0.00028657704620857965,YJL014W,ess,non_ess
0.15028901734104044,0.03881061457342898,0.0,1.6,0.0860237024928484,0.0396039603960396,0.6696312311131858,0.7969639468690702,0.05255140898705255,0.0018764418247844848,YHR001W,non_ess,non_ess
0.10404624277456646,0.04183594087648025,0.16216216216216214,2.0526315789473686,0.13445034736411934,0.017786561264822136,0.646583850931677,1.2754285714285714,0.12796442687747034,0.0013753872449524622,YOR054C,non_ess,non_ess
0.0028901734104046237,8.643789437289306e-05,0.0,0.3684210526315789,0.2026971802206784,0.00033046926635822867,0.010356223078150284,0.05882352941176471,0.9861202908129544,5.271560683194265e-05,YKL173W,ess,ess
0.0,0.0,0.0,0.0,0.0020433183489987745,0.0,0.0,0.36284048594757823,1.0,0.0125,YOR335W-A,non_ess,non_ess
0.02890173410404624,0.011323364162848992,0.0,1.625,0.05353494074376789,0.011961722488038276,0.357231054175027,0.6543778801843317,0.2751196172248804,0.0011233617640940296,YBR146W,non_ess,non_ess
0.011560693641618495,0.0017287578874578616,0.0,1.0,0.08622803432774828,0.00303951367781155,0.09747089522280207,0.19035639412997904,0.6117021276595744,0.0002567539504238328,YNL280C,non_ess,ess
0.0028901734104046237,0.0002593136831186792,0.0,0.0,0.00939926440539436,0.005319148936170214,0.17096666108225833,0.670473233995585,1.0,0.005319148936170214,YDR464C-A,non_ess,non_ess
0.008670520231213872,0.0012965684155933962,0.0,0.8888888888888888,0.017572537801389457,0.00974025974025974,0.2775166822128148,0.6464088397790055,0.8311688311688312,0.002054586038961039,YGR063C,non_ess,non_ess
0.06069364161849713,0.011582677845967672,0.0,0.3125,0.06661217817736004,0.02042801556420233,0.7979253320810412,1.2005444646098005,0.3356031128404669,0.0011870523882027855,YPL088W,non_ess,non_ess
0.049132947976878616,0.02048578096637566,0.13513513513513514,0.6666666666666666,0.06048222313036373,0.01812366737739872,0.3563717128642501,0.7666666666666665,0.27185501066098083,0.0006229357414607635,YGR127W,non_ess,non_ess
0.023121387283237,0.0025931368311867924,0.0,0.0,0.1620351450756028,0.003293536434746809,0.12909371241291906,0.3050108932461873,0.2824207492795389,0.00017223851253140202,YER125W,ess,ess
0.05202312138728323,0.01858414729017201,0.027027027027027032,0.2857142857142857,0.0190028606456886,0.0547112462006079,1.4958323232699946,1.9404031551270813,0.4194528875379939,0.0025549535262763753,YPR014C,non_ess,non_ess
0.03468208092485549,0.007433658916068805,0.0,1.0,0.11728647323252965,0.0067720090293453715,0.21761797269697947,1.180952380952381,0.3600451467268623,0.001567398119122257,YMR227C,ess,non_ess
0.008670520231213872,0.0005186273662373584,0.08108108108108109,1.6842105263157894,0.043931344503473635,0.004316546762589928,0.08564615729512706,0.1862606232294617,0.28345323741007195,0.0017310009860132198,YIL118W,ess,non_ess
0.06358381502890173,0.012447056789696605,0.2702702702702703,0.4444444444444444,0.09705762157744176,0.014915254237288138,0.3737171244886032,0.9482758620689656,0.11254237288135592,0.0008985092914028998,YGL059W,non_ess,non_ess
0.0,0.0,0.0,7.0,0.1211687780956273,0.0,0.0,0.712931216931217,0.8234007654455987,0.0006640106241699867,YDL247W,non_ess,non_ess
0.03757225433526011,0.024289048318782952,0.2972972972972973,1.6470588235294117,0.02370249284838578,0.032663316582914576,0.5688055662930035,1.0329670329670328,0.3969849246231156,0.0015425227402836974,YBL003C,non_ess,non_ess
0.06936416184971098,0.016250324142103898,0.08108108108108109,0.9230769230769232,0.12157744176542705,0.013079019073569485,0.5000029298877853,0.5284178187403993,0.09155313351498638,0.0009536784741144414,YCR023C,non_ess,non_ess
0.07514450867052022,0.022128100959460627,0.027027027027027032,1.0606060606060606,0.07335512872905599,0.023070097604259092,0.7680654446296016,0.7893800813008129,0.1251109139307897,0.0009628273140893732,YGR286C,non_ess,non_ess
0.07803468208092486,0.01832483360705333,0.35135135135135137,1.5,0.08520637515324889,0.0207532667179093,0.4237662381063778,1.03269042170644,0.21137586471944653,0.0008049751939067848,YOL124C,non_ess,non_ess
0.17341040462427745,0.06880456392082289,0.13513513513513514,0.7894736842105263,0.11483449121373113,0.034562211981566816,0.7523619735601302,0.814430501930502,0.07834101382488479,0.0006014502575223638,YJR103W,non_ess,non_ess
0.10693641618497107,0.02333823148068113,0.16216216216216214,1.8333333333333333,0.1465059256232121,0.016810540663334848,0.30143920063987506,0.5836906399158643,0.16537937301226716,0.00025712588184192005,YOR001W,non_ess,non_ess
0.031791907514450865,0.010891174690984528,0.054054054054054064,0.8571428571428571,0.023293829178586026,0.02806122448979592,0.6967132346500832,1.127801621363853,0.2066326530612245,0.002928949357520786,YNL143C,non_ess,non_ess
0.07803468208092486,0.01737401676895151,0.054054054054054064,0.9047619047619048,0.15059256232120966,0.011941618752764263,0.3952862394957983,0.7525337837837838,0.14772224679345422,0.0004568483554783401,YBR094W,non_ess,non_ess
0.017341040462427744,0.0060506526061025155,0.1891891891891892,1.12,0.04658765835717205,0.008174386920980926,0.2854942711594767,0.3975155279503106,0.276566757493188,0.0027650635561938764,YER120W,non_ess,non_ess
0.02023121387283237,0.002420261042441006,0.2702702702702703,0.7142857142857143,0.03759705762157745,0.011627906976744186,0.35017284726587056,1.3432432432432433,0.4501661129568105,0.0016304814210932807,YOR367W,non_ess,non_ess
0.01445086705202312,0.0019880715705765406,0.0,0.8823529411764706,0.07846342460155292,0.0041597337770382685,0.12252726936587167,0.34444444444444444,0.3410981697171381,0.0005580130676514751,YER095W,non_ess,ess
0.08670520231213873,0.0337107788054283,0.027027027027027032,1.5384615384615383,0.08643236616264814,0.022744503411675512,0.4996919299386838,0.6070399775170379,0.07278241091736164,0.001461018448319434,YOR316C,non_ess,non_ess
0.05780346820809248,0.018151957818307547,0.08108108108108109,0.9166666666666666,0.10420923579893747,0.012658227848101266,0.29428836060512503,0.4848484848484848,0.1930379746835443,0.0007698692674828803,YMR023C,non_ess,non_ess
0.031791907514450865,0.00449477050739044,0.0,9.0,0.07519411524315489,0.009532062391681109,0.2588065777276208,0.8154069767441858,0.1923743500866551,0.0009211984948553404,YGL067W,non_ess,non_ess
0.15317919075144507,0.04278675771458207,0.027027027027027032,1.2727272727272727,0.1853289742541888,0.01912666907253699,0.4575300575509506,0.9440565699964196,0.1143991338866835,0.0004030022529419733,YER024W,non_ess,non_ess
0.0028901734104046237,8.643789437289306e-05,0.027027027027027032,0.3076923076923077,0.018594196975888846,0.0030959752321981426,0.10392238121937544,0.3799212598425197,0.8421052631578947,0.0036764705882352936,YDL009C,non_ess,non_ess
0.011560693641618495,0.003803267352407295,0.10810810810810813,0.5454545454545454,0.08479771148344913,0.0030888030888030892,0.07269338303821063,0.3531870428422152,0.5799227799227801,0.00042363078315142233,YDL090C,non_ess,non_ess
0.046242774566473986,0.011409802057221884,0.027027027027027032,1.0714285714285714,0.17327339599509606,0.0061680801850424035,0.14984806567191256,0.5497665732959851,0.2259059367771781,0.00032037703179561134,YDR351W,non_ess,non_ess
0.08670520231213873,0.01797908202956176,0.054054054054054064,0.0,0.11258684102983246,0.017615971814445096,0.6390444409435286,2.504065040650407,0.14151497357604229,0.0010403900366207546,YOR118W,non_ess,non_ess
0.0,0.0,0.0,1.7037037037037035,0.126685737637924,0.0,0.0,1.9358712241195613,1.0,0.0005235602094240838,YHR218W,non_ess,non_ess
0.0953757225433526,0.028610943037427606,0.0,0.8333333333333334,0.10625255414793626,0.020496894409937887,0.4836833284038252,1.595238095238095,0.30124223602484473,0.00034065441506051094,YDR403W,non_ess,non_ess
0.01445086705202312,0.00112369262684761,0.0,0.3157894736842105,0.14323661626481407,0.0023223409196470052,0.08323758769892682,0.17690058479532164,0.23269856014862986,0.00020952057798012894,YKL104C,ess,ess
0.06358381502890173,0.015385945198374969,0.054054054054054064,0.0,0.1021659174499387,0.014193548387096775,0.4882580645161291,1.3360323886639676,0.20387096774193547,0.000690077582686811,YIL097W,non_ess,non_ess
0.03757225433526011,0.014780879937764715,0.027027027027027032,0.8947368421052632,0.027993461381283204,0.028199566160520606,0.9831801122473574,1.2323633156966491,0.3405639913232104,0.0020310319576661096,YNL281W,non_ess,non_ess
0.10982658959537572,0.02411617253003717,0.16216216216216214,0.9130434782608696,0.16571311810380054,0.015304067660088603,0.4007663325567128,0.7729521715228148,0.09947643979057592,0.0004483932033373498,YBR133C,non_ess,non_ess
0.07803468208092486,0.015040193620883397,0.027027027027027032,1.75,0.17061708214139765,0.01056751467710372,0.4385518590998043,0.5351479915433404,0.08923679060665363,0.0006454492395371991,YER167W,non_ess,non_ess
0.017341040462427744,0.0006915031549831446,0.0,0.6666666666666666,0.017572537801389457,0.01948051948051948,0.5578750108951451,0.9328859060402684,0.3993506493506493,0.008130081300813009,YJL022W,non_ess,non_ess
0.049132947976878616,0.010631861007865848,0.0,0.75,0.31078872088271353,0.003685237372642532,0.3568318829808099,0.296343537414966,0.3774116626923911,0.00025761922235352904,YAR050W,non_ess,ess
0.02890173410404624,0.0035439536692886157,0.054054054054054064,2.125,0.2411115651818553,0.0027855153203342627,0.050526610736595735,0.2590998744844899,0.2415041782729805,0.0002120461489527812,YPL226W,non_ess,non_ess
0.0953757225433526,0.01849770939579912,0.0,0.9411764705882352,0.2345729464650593,0.009444762449914138,0.30756760772010466,0.8549618320610687,0.15855752718946767,0.00016583353825743563,YHR158C,non_ess,non_ess
0.023121387283237,0.0050998357680006896,0.0,0.35,0.17756436452799348,0.003010914565299209,0.07832559695563082,0.4259259259259259,0.32781332329695145,0.00037722853265014503,YDR303C,ess,ess
0.06647398843930635,0.016077448353358108,0.13513513513513514,1.0810810810810811,0.07539844707805476,0.01987899740708729,0.3940833166760041,1.4609120521172636,0.2904062229904927,0.000892599909453842,YIL116W,non_ess,non_ess
0.026011560693641616,0.004667646296136226,0.0,0.0,0.14691458929301185,0.0040779338468509285,0.1709403290088124,0.8293135435992578,0.4934299954689624,0.00027668870606630626,YGR186W,ess,ess
0.18208092485549127,0.10943037427608264,0.08108108108108109,0.8888888888888888,0.1409889660809154,0.029716981132075482,1.2082365747460089,1.5237315875613748,0.10330188679245284,0.0005040062031532696,YPL155C,non_ess,non_ess
0.04046242774566474,0.008298037859797734,0.13513513513513514,1.2727272727272727,0.08704536166734778,0.010542168674698794,0.2672407421095424,0.8105828220858894,0.1664156626506024,0.0014958022133784005,YDR483W,non_ess,non_ess
0.049132947976878616,0.006309966289221194,0.08108108108108109,1.4,0.0425010216591745,0.025222551928783383,1.1941731858645803,1.1149350649350651,0.2002967359050445,0.0010001099021870537,YJL037W,non_ess,non_ess
0.049132947976878616,0.01823839571268044,0.08108108108108109,1.0,0.005925623212096446,0.12408759124087593,2.135942889227561,1.4731554160125588,0.3357664233576642,0.006664550936210727,YIR018C-A,non_ess,non_ess
0.008670520231213872,0.0010372547324747168,0.0,1.2857142857142858,0.1113608500204332,0.001780415430267062,0.05341246290801187,0.17309941520467834,0.3578635014836795,0.00039564787339268055,YDR062W,ess,ess
0.04335260115606936,0.00760653470481459,0.08108108108108109,0.7058823529411765,0.03453208009807928,0.02692998204667864,0.7809694793536804,1.1771012006861066,0.2764811490125673,0.0018769381426472988,YPR067W,non_ess,non_ess
0.01445086705202312,0.002160947359322327,0.054054054054054064,0.8888888888888888,0.0886800163465468,0.003698224852071005,0.08820496452159395,0.9336099585062242,0.7818047337278107,0.0003792692279701959,YJL049W,non_ess,non_ess
0.06069364161849713,0.008470913648543521,0.16216216216216214,1.0833333333333333,0.07539844707805476,0.01815038893690579,0.7258057263902559,1.408092485549133,0.14866032843560933,0.0008894293582038553,YHR017W,non_ess,non_ess
0.01445086705202312,0.002506698936813899,0.08108108108108109,1.25,0.1029832447895382,0.003201024327784891,0.095258068788909,0.7112068965517241,0.34314980793854033,0.0007238137099394192,YBR227C,non_ess,non_ess
0.06647398843930635,0.01659607571959547,0.16216216216216214,0.8125,0.1338373518594197,0.01141439205955335,0.31733174659441943,0.5988740323715693,0.16575682382133994,0.0008959747997800924,YNL045W,non_ess,non_ess
0.049132947976878616,0.01633676203647679,0.10810810810810813,0.5714285714285714,0.05394360441356764,0.02019002375296912,0.7998719566508313,1.6420454545454544,0.2755344418052256,0.0018480219510197398,YHR067W,non_ess,non_ess
0.05491329479768786,0.03958855562278503,0.16216216216216214,1.9230769230769231,0.017981201471189208,0.06050955414012739,2.8065974679562795,0.8535665294924555,0.2611464968152866,0.0016700326238931178,YAL069W,non_ess,non_ess
0.04046242774566474,0.01944852623390094,0.40540540540540543,0.7,0.01920719248058848,0.042168674698795185,1.3952425084955205,1.619373219373219,0.3253012048192771,0.009259259259259259,YLR111W,non_ess,non_ess
0.026011560693641616,0.010718298902238741,0.0,0.8125,0.044135676338373515,0.012893982808022923,0.395278593980983,0.3882455124493341,0.4183381088825215,0.0006034854967225339,YOR077W,ess,non_ess
0.03757225433526011,0.010891174690984528,0.0,1.5,0.032080098079280764,0.024952015355086368,0.4488729305830577,1.1204925241864554,0.3608445297504799,0.002205251766243313,YDL046W,non_ess,non_ess
0.02890173410404624,0.005013397873627798,0.054054054054054064,0.8333333333333334,0.05619125459746629,0.011428571428571429,0.2700280112044818,0.9891067538126362,0.25142857142857145,0.0009090909090909092,YHR133C,non_ess,non_ess
0.008670520231213872,0.0006915031549831446,0.027027027027027032,0.16666666666666666,0.1258684102983245,0.0015806111696522653,0.0547945205479452,0.2958333333333333,0.8340358271865121,0.00041437374314952,YLL035W,ess,ess
0.06069364161849713,0.015126631515256287,0.027027027027027032,0.9285714285714286,0.09154066203514508,0.015064562410329984,0.5702858086558014,1.1163069544364508,0.13629842180774748,0.005263157894736842,YML068W,non_ess,non_ess
0.05202312138728323,0.006482842077966981,0.027027027027027032,1.5,0.12178177360032695,0.009793253536452664,0.482962029666113,1.223684210526316,0.3150163220892274,0.00030633282027284296,YMR098C,non_ess,non_ess
0.03757225433526011,0.005877776817356729,0.0,0.5,0.01982018798528811,0.03812316715542522,1.0942873900293255,1.0659999999999998,0.4046920821114369,0.001912533469335713,YLR282C,non_ess,non_ess
0.0,0.0,0.0,6.52,0.09215365753984472,0.0,0.0,0.3525641025641025,0.5181753385602281,0.001375515818431912,YAR071W,non_ess,non_ess
0.01445086705202312,0.0008643789437289308,0.0,0.09090909090909093,0.11279117286473235,0.0029308323563892145,0.05570712991580518,0.20606060606060608,0.7919109026963658,0.00014795171480810098,YKR002W,ess,ess
0.03757225433526011,0.005532025239865157,0.13513513513513514,1.25,0.04699632202697181,0.01756756756756757,0.6426195426195427,1.8241758241758244,0.2513513513513513,0.003661726242371404,YHR043C,non_ess,non_ess
0.03468208092485549,0.01486731783213761,0.027027027027027032,1.1875,0.046791990192071926,0.016282225237449117,0.4472111188529099,0.5733590733590733,0.4735413839891452,0.0009019761831633703,YOL028C,non_ess,non_ess
0.026011560693641616,0.0025931368311867924,0.027027027027027032,0.0,0.03841438496117695,0.01465798045602606,0.4982866072941575,2.1589595375722537,0.1791530944625407,0.004471424341131181,YNL190W,non_ess,non_ess
0.008670520231213872,0.0007779410493560378,0.0,0.5,0.034327748263179414,0.005415162454873646,0.15647240845796806,0.27714285714285714,0.4314079422382672,0.0012763772034499947,YLR066W,ess,ess
0.06647398843930635,0.021523035698850376,0.027027027027027032,1.5625,0.12157744176542705,0.012534059945504087,0.3610435967302453,1.3871875000000002,0.2555858310626703,0.0007343585691627499,YJL181W,non_ess,non_ess
0.04046242774566474,0.009335292592272452,0.0,0.5,0.1710257458111974,0.0054666146036704425,0.10818315386843308,0.383983983983984,0.09332292073408824,0.0007727760632205972,YKL188C,non_ess,non_ess
0.008670520231213872,0.002160947359322327,0.054054054054054064,1.0,0.02881078872088272,0.0063424947145877385,0.12410014183637967,0.4727848101265823,0.2558139534883721,0.0030402040780668498,YJR047C,non_ess,non_ess
0.03757225433526011,0.009335292592272452,0.027027027027027032,1.4375,0.06845116469145894,0.012322274881516588,0.2764688181749793,0.8659297052154196,0.2009478672985782,0.0014083877313779845,YNL164C,non_ess,non_ess
0.011560693641618495,0.002160947359322327,0.0,0.0,0.00939926440539436,0.02127659574468085,2.057872340425532,1.2933333333333332,0.9148936170212766,0.005813953488372093,YLR162W-A,non_ess,non_ess
0.017341040462427744,0.0035439536692886157,0.10810810810810813,1.7142857142857142,0.04025337147527585,0.0093603744149766,0.28805797393186056,1.1677419354838712,0.2620904836193448,0.005952380952380952,YDL228C,non_ess,non_ess
0.06069364161849713,0.011928429423459244,0.10810810810810813,1.4347826086956519,0.08908868001634655,0.015463917525773196,0.3954896907216495,1.547,0.09941089837997054,0.0017073037691594393,YNL074C,non_ess,non_ess
0.05780346820809248,0.011669115740340566,0.2702702702702703,1.21875,0.13996730690641604,0.009501187648456056,0.2673241763916142,0.780998389694042,0.12921615201900238,0.0007999161659913372,YLR266C,non_ess,non_ess
0.07514450867052022,0.018411271501426223,0.13513513513513514,1.3529411764705883,0.11381283203923173,0.015107495642068562,0.4364720028074859,0.8415841584158417,0.1911679256246369,0.00043093627971296816,YNL270C,non_ess,non_ess
0.046242774566473986,0.014002938888408678,0.13513513513513514,1.7142857142857142,0.030854107069881488,0.03180914512922465,0.9093673254590106,1.5424836601307188,0.27634194831013914,0.0021883089949511565,YJL065C,non_ess,non_ess
0.1329479768786127,0.03604460195349641,0.054054054054054064,1.1538461538461535,0.2923988557417245,0.010591756850103615,0.2315515492466909,0.9361325611325612,0.15864609716785633,0.000354239359535238,YJR092W,non_ess,non_ess
0.01445086705202312,0.002420261042441006,0.027027027027027032,1.1666666666666667,0.03555373927257867,0.008741258741258742,0.13927347819965272,0.1604902246863146,0.16783216783216784,0.002768065268065268,YMR150C,non_ess,non_ess
0.04046242774566474,0.013138559944679749,0.027027027027027032,0.3333333333333333,0.04372701266857377,0.02023121387283237,0.4665231828803345,1.1698259187620892,0.24566473988439305,0.002329139748384903,YOR283W,non_ess,non_ess
0.14161849710982655,0.04010718298902238,0.4324324324324325,1.0,0.021250510829587253,0.13535911602209946,4.397731280122252,1.2278959810874703,0.11878453038674032,0.003790312218938713,YMR103C,non_ess,non_ess
0.02890173410404624,0.004321894718644654,0.0,2.0,0.17123007764609727,0.0039001560062402493,0.07320970258165166,0.3142559833506764,0.87597503900156,0.00013961377689301698,YAL041W,ess,ess
0.03468208092485549,0.0029388884086783643,0.027027027027027032,0.9047619047619048,0.08541070698814876,0.009202453987730062,0.2682472335301875,0.5660881174899867,0.2584355828220859,0.000646265314667492,YDL097C,ess,non_ess
0.046242774566473986,0.008816665226035093,0.10810810810810813,1.1,0.05598692276256642,0.01834862385321101,0.7149111119570597,0.7561088059013371,0.14793577981651376,0.0014934926392148494,YOR385W,non_ess,non_ess
0.17052023121387286,0.03768692194658138,0.1891891891891892,1.1,0.3986514098896608,0.00999491783838726,0.2665831992207353,0.648528343023256,0.09791631373877688,0.00016618140913628456,YGR271W,non_ess,non_ess
0.017341040462427744,0.005272711556746477,0.4864864864864865,1.0,0.002656313853698407,0.06741573033707865,1.8195505617977523,1.85,0.4157303370786517,0.01730944427573641,YHR022C-A,non_ess,non_ess
0.03757225433526011,0.008298037859797734,0.32432432432432434,0.5294117647058824,0.01736820596648958,0.04262295081967213,1.373716742811072,0.9163934426229506,0.14098360655737704,0.02325581395348837,YKL102C,non_ess,non_ess
0.07803468208092486,0.01322499783905264,0.0,1.1111111111111112,0.15488353085410708,0.01161790017211704,0.1816507099827883,0.6237399193548387,0.10972461273666093,0.0005247882285444298,YML006C,non_ess,non_ess
0.0838150289017341,0.04123087561587,0.08108108108108109,2.5,0.13179403351042093,0.0146095717884131,0.4675062972292192,1.2625850340136051,0.16624685138539042,0.0007526143042515839,YMR137C,non_ess,non_ess
0.023121387283237,0.003198202091797044,0.08108108108108109,2.272727272727273,0.04270535349407438,0.011816838995568686,0.3708369331958419,1.1132075471698115,0.3515509601181684,0.0014212479674292169,YDL018C,non_ess,non_ess
0.017341040462427744,0.0014694442043391822,0.0,0.3,0.1058438904781365,0.0037406483790523685,0.14652733837049167,0.2375081116158339,0.2880299251870324,0.00034410726430676556,YNL199C,non_ess,ess
0.02890173410404624,0.006828593655458553,0.054054054054054064,1.2857142857142858,0.0778504290968533,0.008382229673093045,0.25246609637898776,2.1456953642384105,0.8231349538977368,0.0008809023444635457,YHR201C,non_ess,non_ess
0.0028901734104046237,8.643789437289306e-05,0.0,0.4666666666666667,0.19554556599918269,0.00034234851078397807,0.011984660816365737,0.04172661870503597,0.5361177678877097,0.00010405995602373792,YDR238C,ess,ess
0.008670520231213872,0.001210130521220503,0.0,0.3333333333333333,0.01879852881078873,0.009202453987730062,0.1680065928028569,0.8895522388059702,0.3220858895705521,0.009523809523809523,YOR105W,non_ess,non_ess
0.2745664739884393,0.4445500907597891,0.054054054054054064,3.0,0.14977523498161013,0.04224099599822143,1.2857843361327776,1.0978151048244504,0.06447309915518007,0.0005059720028825072,YLL029W,non_ess,non_ess
0.011560693641618495,0.003457515774915723,0.08108108108108109,0.8333333333333334,0.04856286609453754,0.005242463958060288,0.2227646994087221,0.2196124486200822,0.3420707732634338,0.0011900995766861,YNL038W,ess,non_ess
0.06936416184971098,0.015385945198374969,0.21621621621621626,1.2702702702702702,0.0960359624029424,0.01643835616438356,0.4063463504395829,0.7850746268656716,0.3013698630136986,0.000597758405977584,YGL253W,non_ess,non_ess
0.0,0.0,0.0,1.0714285714285714,0.03453208009807928,0.0,0.0,0.0,0.5403949730700179,0.0021532056520157227,YOR331C,non_ess,non_ess
0.011560693641618495,0.0035439536692886157,0.0,0.8333333333333334,0.021046178994687373,0.011142061281337049,0.3693748682151616,0.3417441345728198,0.2618384401114206,0.0031114798790967822,YJL215C,non_ess,non_ess
0.02023121387283237,0.0067421557610856594,0.054054054054054064,1.0769230769230769,0.08357172047404986,0.005481597494126861,0.11460983301233887,1.203243243243243,0.4941268598277212,0.0008513416076456929,YBR130C,non_ess,non_ess
0.011560693641618495,0.0036303915636615096,0.08108108108108109,0.5714285714285714,0.031467102574581116,0.0078125,0.15680679287305122,0.7542687453600594,0.181640625,0.004998319892473118,YHL043W,non_ess,non_ess
0.023121387283237,0.0015558820987120756,0.027027027027027032,1.3125,0.07192480588475685,0.007233273056057866,0.2453887884267631,0.5333333333333333,0.2613019891500904,0.0008384589874669152,YBL081W,non_ess,non_ess
0.04046242774566474,0.007260783127323019,0.32432432432432434,1.0,0.13792398855741725,0.006746987951807229,0.1671609514983009,0.4547008547008547,0.14457831325301204,0.0006329317269076303,YBR098W,non_ess,non_ess
0.049132947976878616,0.010026795747255596,0.027027027027027032,0.4545454545454545,0.03228442991418063,0.03244274809160305,0.6566712014712921,1.620049504950495,0.21946564885496184,0.002688350481247926,YGL010W,non_ess,non_ess
0.04335260115606936,0.02005359149451119,0.054054054054054064,0.5,0.017572537801389457,0.048701298701298704,1.2059023066485757,0.8435501066098082,0.2370129870129869,0.002979896815513254,YMR254C,non_ess,non_ess
0.04046242774566474,0.005186273662373585,0.027027027027027032,1.4285714285714286,0.1804250102165917,0.005187106335679882,0.1360419803499589,0.7651230705047979,0.3197480548351241,0.0001949136133420515,YML093W,ess,non_ess
0.08670520231213873,0.02204166306508773,0.0,0.0,0.13322435635472007,0.014955134596211362,0.4046335569562499,1.3559322033898311,0.2058823529411765,0.0006252429153218313,YBL051C,non_ess,non_ess
0.023121387283237,0.003198202091797044,0.0,1.0,0.13342868818961995,0.0039820806371329035,0.12885082820737334,0.38109873223204,0.19412643106022887,0.0009176653775956912,YMR032W,non_ess,ess
0.06069364161849713,0.04572564612326044,0.21621621621621626,1.0238095238095235,0.023906824683285657,0.05236907730673317,1.3254427383318357,0.8249834473626131,0.19950124688279305,0.005455112219451372,YJL151C,non_ess,non_ess
0.046242774566473986,0.011409802057221884,0.35135135135135137,0.5555555555555556,0.027584797711483453,0.035164835164835165,0.9470941429704316,5.085910652920963,0.3164835164835165,0.0035409035409035405,YHR021W-A,non_ess,non_ess
0.031791907514450865,0.004149018929898867,0.054054054054054064,0.25,0.1348590110339191,0.00541871921182266,0.2312298284355359,0.7823275862068966,0.39064039408867,0.00032799309226669315,YOR243C,non_ess,non_ess
0.03468208092485549,0.008384475754170628,0.0,1.2857142857142858,0.13077237433592154,0.006091370558375634,0.1846771337504427,0.6046511627906976,0.2319796954314721,0.0005575981072765442,YDR496C,non_ess,non_ess
0.11271676300578035,0.027746564093698675,0.054054054054054064,1.1428571428571428,0.16223947691050267,0.016036184210526317,0.3323577786377709,0.6581485053037607,0.2314967105263158,0.00015410278582780215,YOR162C,non_ess,non_ess
0.04335260115606936,0.00950816838101824,0.027027027027027032,0.6666666666666666,0.12382509194932573,0.008029978586723769,0.27901545683214424,0.9563318777292578,0.3672376873661671,0.0006032238530162754,YHR206W,non_ess,non_ess
0.023121387283237,0.008470913648543521,0.054054054054054064,2.625,0.06416019615856151,0.008064516129032258,0.5917338709677419,0.4947368421052632,0.4082661290322581,0.0008661887694145758,YHL009C,non_ess,non_ess
0.011560693641618495,0.0019880715705765406,0.027027027027027032,0.8571428571428571,0.1203514507560278,0.002201430930104568,0.05568910114154847,0.2540942928039702,0.16840946615299945,0.0006744580055467428,YIL072W,non_ess,non_ess
0.0953757225433526,0.019102774656409367,0.027027027027027032,1.6666666666666667,0.20862280343277484,0.01060070671378092,0.4694475566663794,0.9166666666666666,0.1304208159331834,0.00031015651827154213,YOL098C,non_ess,non_ess
0.0,0.0,0.0,1.2727272727272727,0.07396812423375562,0.0,0.0,0.0,1.0,0.0005122061594921641,YOR008C,non_ess,ess
0.04335260115606936,0.0044083326130175465,0.1891891891891892,0.3333333333333333,0.05986922762566409,0.016146393972012917,0.8079742821400518,2.668918918918919,0.193756727664155,0.0030797751465135746,YIL145C,non_ess,non_ess
0.01445086705202312,0.0013830063099662892,0.054054054054054064,0.2727272727272727,0.10502656313853698,0.00314070351758794,0.13452680067001674,0.6666666666666667,0.3944723618090452,0.0004280958934801397,YDL030W,ess,non_ess
0.031791907514450865,0.00898954101478088,0.13513513513513514,1.818181818181818,0.037188393951777685,0.018456375838926176,0.3852768456375839,0.9500000000000002,0.12919463087248326,0.0022443998954066067,YMR184W,non_ess,non_ess
0.008670520231213872,0.003111764197424151,0.0,1.1875,0.1501838986514099,0.0013303769401330375,0.0273771290505404,0.1672005124919923,0.4891352549889135,0.0002444452038685062,YGR264C,ess,ess
0.05780346820809248,0.01236061889532371,0.027027027027027032,2.0,0.12382509194932573,0.010706638115631693,0.3835625510496921,0.6572164948453608,0.29336188436830835,0.00033800153175260635,YMR278W,non_ess,non_ess
0.03468208092485549,0.004149018929898867,0.2432432432432433,1.625,0.061912545974662864,0.01251303441084463,0.4742032007979327,1.0271739130434785,0.8237747653806048,0.00031678568128720583,YDR175C,non_ess,non_ess
0.049132947976878616,0.017892644135188866,0.0,3.0,0.06313853698406212,0.017400204708290685,0.6118948583375073,2.152127659574468,0.6438075742067554,0.0010105234381229324,YHR143W,non_ess,non_ess
0.04335260115606936,0.006482842077966981,0.13513513513513514,2.5,0.07887208827135267,0.012417218543046357,0.22819806730639275,0.4559948979591836,0.12665562913907286,0.0012173743669653292,YER154W,non_ess,non_ess
0.0057803468208092465,0.0006915031549831446,0.0,1.088235294117647,0.046383326522272166,0.002735978112175102,0.057827633378932965,0.13046153846153846,0.4705882352941176,0.00059650685585213,YGR267C,ess,ess
0.011560693641618495,0.001210130521220503,0.08108108108108109,1.827586206896552,0.013281569268492034,0.0163265306122449,0.30986535693115425,0.9543568464730292,0.5836734693877551,0.006993006993006993,YPL222C-A,non_ess,non_ess
0.08670520231213873,0.016682513613968362,0.5675675675675675,1.4772727272727273,0.040049039640375976,0.047021943573667714,0.68329303982695,1.1944066809089144,0.1238244514106583,0.004404587119558747,YNR014W,non_ess,non_ess
0.02023121387283237,0.003111764197424151,0.0,0.8571428571428571,0.11749080506742952,0.003943661971830986,0.09637116818558407,0.4389140271493213,0.5318309859154929,0.00021544521365481024,YOL066C,ess,ess
0.0057803468208092465,0.0005186273662373584,0.054054054054054064,1.4444444444444444,0.010012259910093994,0.01015228426395939,0.183181049069374,1.3066666666666669,0.4213197969543147,0.010335759280777934,YPR002C-A,non_ess,non_ess
0.06069364161849713,0.015040193620883397,0.08108108108108109,0.875,0.1013485901103392,0.01365409622886866,0.3610523455544126,0.5783582089552239,0.14434330299089726,0.0007497744818941179,YCL027W,non_ess,non_ess
0.07803468208092486,0.02411617253003717,0.21621621621621626,1.8214285714285716,0.08214139762975071,0.021496815286624203,0.4834961675483105,0.9953389830508474,0.18710191082802544,0.0009554140127388537,YKL008C,non_ess,non_ess
0.031791907514450865,0.0050998357680006896,0.027027027027027032,0.8,0.12382509194932573,0.005888650963597432,0.10280081097088706,0.3984295845997974,0.14989293361884368,0.001374655858060569,YNR006W,non_ess,non_ess
0.0028901734104046237,0.004667646296136226,0.2432432432432433,1.5833333333333333,0.03514507560277892,0.00176678445229682,0.03336078712682767,0.3859649122807018,0.8374558303886925,0.001904698006590032,YCL001W,non_ess,non_ess
0.0953757225433526,0.019621402022646728,0.1891891891891892,0.7,0.2014711892112792,0.010970744680851064,0.3996110173270481,1.0354491017964074,0.2456781914893617,0.0002235806005815795,YPL040C,non_ess,non_ess
0.04046242774566474,0.012619932578442388,0.16216216216216214,0.8695652173913043,0.03882304863097672,0.022580645161290318,0.5490107526881721,0.5559420289855073,0.17096774193548386,0.0012172854534388314,YJR073C,non_ess,non_ess
0.017341040462427744,0.013052122050306857,0.0,0.8,0.028606456885982838,0.01276595744680851,0.3110051357300073,2.327586206896552,0.5978723404255321,0.0016884985235102595,YPL200W,non_ess,non_ess
0.05780346820809248,0.015558820987120752,0.027027027027027032,0.7857142857142857,0.07090314671025746,0.018331805682859758,0.6551627944048141,0.8783487044356608,0.20989917506874428,0.002741765697108938,YIR021W,non_ess,non_ess
0.0057803468208092465,0.0007779410493560378,0.027027027027027032,0.2727272727272727,0.043931344503473635,0.002877697841726619,0.04265685126317551,0.5137046763769986,1.0,0.0014388489208633096,YER002W,non_ess,non_ess
0.011560693641618495,0.002506698936813899,0.08108108108108109,1.6153846153846154,0.018185533306089092,0.012618296529968454,0.2897701667417756,0.5612244897959183,0.4574132492113565,0.0038942673773523337,YGR181W,non_ess,non_ess
0.0722543352601156,0.011928429423459244,0.16216216216216214,0.8181818181818182,0.0976706170821414,0.016846361185983826,0.2726614754916641,0.9842009842009839,0.16037735849056606,0.0007729506897098461,YOR269W,non_ess,non_ess
0.026011560693641616,0.00561846313423805,0.0,0.25,0.09297098487944422,0.006360424028268552,0.15131304208159332,0.625437062937063,0.1413427561837456,0.001215547703180212,YML032C,non_ess,non_ess
0.06358381502890173,0.0174604546633244,0.1891891891891892,1.2777777777777777,0.06681651001225991,0.02133850630455868,0.6422575050288352,2.0591133004926108,0.35402521823472355,0.0008211206037495183,YDL078C,non_ess,non_ess
0.02890173410404624,0.003284639986169937,0.2972972972972973,1.0,0.04290968532897426,0.014705882352941175,0.35729291716686673,2.1326530612244903,0.6029411764705882,0.0007496413199426113,YNL107W,non_ess,non_ess
0.07803468208092486,0.016077448353358108,0.08108108108108109,1.5,0.1475275847977115,0.012184115523465705,0.5353099066997984,0.8819362455726091,0.08438628158844766,0.0007360180698469082,YPR185W,non_ess,non_ess
0.008670520231213872,0.0008643789437289308,0.0,0.8666666666666667,0.06252554147936247,0.003099173553719009,0.055933646661209833,0.1596215286311133,0.8419421487603306,0.0004347715864726462,YCR002C,non_ess,ess
0.023121387283237,0.008038724176679056,0.13513513513513514,0.5714285714285714,0.04474867184307317,0.011315417256011316,0.2432814710042433,0.7211184694628403,0.7553041018387553,0.0005191530388993956,YJR050W,non_ess,non_ess
0.09826589595375723,0.024548362001901632,0.13513513513513514,1.3333333333333333,0.038618716796076834,0.05510534846029173,1.4453345681870804,1.3222222222222222,0.1458670988654781,0.0014946875562758867,YKL147C,non_ess,non_ess
0.031791907514450865,0.006828593655458553,0.0,1.0,0.039436044135676335,0.017488076311605722,0.5967245526069055,0.8649572649572648,0.20190779014308427,0.0026538813014033024,YJL170C,non_ess,non_ess
0.04046242774566474,0.0087302273316622,0.0,1.5555555555555556,0.2425418880261545,0.003877042370534478,0.10081314578511542,0.7279792746113989,0.3805040155081695,0.00014975267630001652,YPR010C,ess,non_ess
0.0,0.0,0.0,0.6666666666666666,0.018594196975888846,0.0,0.0,0.988154761904762,0.7461300309597523,0.004149377593360996,YIR023C-A,non_ess,non_ess
0.031791907514450865,0.008125162071051949,0.13513513513513514,1.0909090909090908,0.10073559460563956,0.007194244604316547,0.2432720490274448,0.8436213991769548,0.4296926095487247,0.0004927564797477087,YEL052W,non_ess,non_ess
0.01445086705202312,0.003111764197424151,0.08108108108108109,2.0,0.020228851655087858,0.01440922190201729,0.3951074141996333,1.8892045454545456,0.3775216138328529,0.0058296851969993615,YPL035C,non_ess,non_ess
0.06358381502890173,0.015040193620883397,0.027027027027027032,0.4,0.11319983653453207,0.012850467289719626,0.3670348343245539,0.9407114624505928,0.19976635514018687,0.0008505492703721921,YHR094C,non_ess,non_ess
0.04046242774566474,0.012533494684069495,0.0,1.5357142857142858,0.03739272578667757,0.02337228714524207,0.6679553642034971,1.0202429149797572,0.2036727879799666,0.0018473411970770961,YNL208W,non_ess,non_ess
0.02023121387283237,0.005272711556746477,0.0,2.0,0.03003677973028198,0.014256619144602854,0.6970948776082696,3.268867924528302,0.34623217922606925,0.005882352941176471,YOL099C,non_ess,non_ess
0.008670520231213872,0.003198202091797044,0.0,1.3571428571428572,0.02615447486718431,0.0069124423963133645,0.11671611640679252,0.10913242009132422,0.5184331797235023,0.0006963645673323093,YKL006C-A,ess,ess
0.017341040462427744,0.0016423199930849686,0.054054054054054064,0.0,0.0036779730281977937,0.0576923076923077,1.9494833524684272,1.1940298507462688,0.2307692307692308,0.013621794871794872,YBR221W-A,non_ess,non_ess
0.008670520231213872,0.002333823148068113,0.13513513513513514,1.5,0.0298324478953821,0.006147540983606557,0.18793911007025765,0.5491071428571429,0.2520491803278688,0.002665600426496068,YDR179C,non_ess,non_ess
0.02890173410404624,0.005272711556746477,0.21621621621621626,1.150943396226415,0.013894564773191663,0.03937007874015748,1.1390115869662634,0.8462675535846268,0.3503937007874016,0.0035831195257896133,YMR122W-A,non_ess,non_ess
0.011560693641618495,0.0020745094649494327,0.13513513513513514,0.8,0.04229668982427463,0.005961251862891207,0.11458419297368408,0.25732899022801303,0.35767511177347244,0.0009376552409339297,YDL139C,ess,non_ess
0.031791907514450865,0.011323364162848992,0.3783783783783784,1.8,0.03378286337011307,0.020146520146520148,0.4681848549773079,0.7437106918238995,0.2509157509157509,0.003048046843667282,YIL009C-A,non_ess,non_ess
0.02890173410404624,0.009853919958509807,0.21621621621621626,0.6666666666666666,0.08970167552104619,0.007315288953913678,0.2415082984430368,0.7364975450081833,0.3196781272860278,0.0010546068743628415,YNL206C,non_ess,non_ess
0.09826589595375723,0.02411617253003717,0.10810810810810813,1.5833333333333333,0.08724969350224766,0.025544703230653644,0.4642648444301337,0.7032227032227032,0.12997746055597295,0.0057803468208092465,YER152C,non_ess,non_ess
0.10115606936416184,0.021004408332613016,0.054054054054054064,1.2,0.14160196158561505,0.016439643024894316,0.5112537822102308,1.1910054719562242,0.1935180836073274,0.0005278470679976469,YPL240C,non_ess,non_ess
0.0953757225433526,0.028870256720546286,0.0,0.9565217391304348,0.10931753167143443,0.019939577039274924,0.4632209248523447,1.054414414414414,0.10634441087613293,0.0009715737434770668,YOL055C,non_ess,non_ess
0.05491329479768786,0.014089376782781571,0.054054054054054064,1.4545454545454546,0.08091540662035146,0.015347334410339256,0.3708939149165321,2.412698412698413,0.1801292407108239,0.002111752646029688,YOL083W,non_ess,non_ess
0.08092485549132948,0.020658656755121445,0.027027027027027032,0.6666666666666666,0.1230077646097262,0.015086206896551725,0.33736530172413803,0.8458333333333333,0.12661637931034486,0.0006603081438004403,YJL103C,non_ess,non_ess
0.026011560693641616,0.004840522084882012,0.027027027027027032,1.2142857142857142,0.17409072333469555,0.0034535686876438986,0.07170496104820419,0.5351157222665602,0.6247122026093629,0.0002055358924123314,YPL174C,non_ess,non_ess
0.0,0.0,0.0,0.0,0.017981201471189208,0.0,0.0,0.0,1.0,0.0031847133757961785,YNL296W,non_ess,non_ess
0.02023121387283237,0.0014694442043391822,0.0,0.9230769230769232,0.039844707805476096,0.011023622047244094,0.2859737968438592,0.5941154281403243,0.4913385826771654,0.0008530183727034121,YPR071W,non_ess,non_ess
0.02023121387283237,0.0013830063099662892,0.08108108108108109,0.5714285714285714,0.05169595422966899,0.00865265760197775,0.20773164642865802,0.3825980392156864,0.4042027194066749,0.0012020730089248252,YHR134W,non_ess,non_ess
0.008670520231213872,0.0006915031549831446,0.027027027027027032,0.8333333333333334,0.07519411524315489,0.002599653379549393,0.09719208307239707,0.28700711053652234,0.4393414211438475,0.0004324209763484527,YBR234C,ess,non_ess
0.2283236994219653,0.04814590716570144,0.08108108108108109,1.4545454545454546,0.3105843890478137,0.017136659436008676,0.8434015360262648,1.56029106029106,0.06919739696312363,0.0002509196988963613,YPR184W,non_ess,non_ess
0.008670520231213872,0.0006915031549831446,0.13513513513513514,1.2222222222222223,0.045361667347772784,0.004189944134078211,0.105481843575419,0.3666666666666667,0.5544692737430168,0.002086177054163207,YLR390W-A,non_ess,non_ess
0.0057803468208092465,0.0026795747255596854,0.054054054054054064,1.0,0.004699632202697182,0.01680672268907563,0.3436816235928334,1.7660377358490569,0.5126050420168067,0.01253616200578592,YKL106C-A,non_ess,non_ess
0.03468208092485549,0.006309966289221194,0.13513513513513514,0.0,0.16836943195749898,0.004758128469468675,0.11074954196177088,0.3007662835249042,0.4381443298969072,9.724380205324368e-05,YKL022C,ess,ess
0.031791907514450865,0.004926959979254904,0.0,2.25,0.22231303637106664,0.0033192516596258297,0.06588714544357271,0.21388888888888888,0.23898611949305976,0.0012626262626262627,YGR094W,ess,ess
0.046242774566473986,0.013570749416544212,0.027027027027027032,1.5384615384615383,0.06763383735185942,0.015340364333652925,0.36136562591187626,0.7961352657004829,0.19463087248322147,0.0008548663621894025,YNL141W,non_ess,non_ess
0.011560693641618495,0.004840522084882012,0.0,1.0,0.020841847159787496,0.011235955056179777,0.34651029279094564,2.7153284671532854,0.4578651685393258,0.0036017095195422896,YER165C-A,non_ess,non_ess
0.10982658959537572,0.016768951508341255,0.0,1.5333333333333334,0.2948508377605231,0.008677780315140445,0.21834205302289705,0.8979846620296059,0.1027631879424526,0.0003724848392580752,YEL022W,non_ess,non_ess
0.008670520231213872,0.0010372547324747168,0.13513513513513514,1.6153846153846154,0.05762157744176542,0.003348214285714285,0.07086711218229623,0.19171779141104286,0.5290178571428571,0.0010925256178420737,YIL044C,non_ess,non_ess
0.03757225433526011,0.008470913648543521,0.13513513513513514,1.631578947368421,0.02697180220678382,0.02914798206278027,1.132509899562059,0.7649853801169592,0.1860986547085202,0.0032956939867091685,YPL144W,non_ess,non_ess
0.017341040462427744,0.001901633676203648,0.1891891891891892,1.1666666666666667,0.031194660128047964,0.011811023622047244,0.3210950375389123,0.8081395348837209,0.2480314960629921,0.003968253968253968,YPR063C,non_ess,non_ess
0.15606936416184972,0.060420088166652265,0.054054054054054064,1.0,0.09726195341234163,0.03653585926928282,0.8834794375478026,0.8091378039793662,0.08119079837618404,0.0008908434821831302,YGR121C,non_ess,non_ess
0.05491329479768786,0.01045898521912006,0.0,0.6,0.17225173682059666,0.007367196587824737,0.2197346460542509,1.2292960662525878,0.3621558743699108,0.00028645134935191416,YML061C,non_ess,non_ess
0.01445086705202312,0.003284639986169937,0.0,0.07142857142857142,0.06232120964446261,0.0051813471502590676,0.15795706883789784,0.4798534798534798,0.5015544041450777,0.0008093178606603008,YDR460W,ess,ess
0.011560693641618495,0.002420261042441006,0.027027027027027032,1.4285714285714286,0.14160196158561505,0.001878816345702208,0.0407076874902145,0.1981785063752277,0.5688116486613434,0.0004037670965887693,YLR440C,ess,ess
0.04046242774566474,0.008903103120407986,0.027027027027027032,1.0909090909090908,0.07989374744585206,0.011447260834014716,1.2116289633869357,0.9692307692307692,0.2044153720359771,0.0007686017988552739,YLR225C,non_ess,non_ess
0.023121387283237,0.007087907338577231,0.08108108108108109,0.875,0.0596648957907642,0.008639308855291577,0.3779697624190065,0.7982456140350878,0.3855291576673866,0.0008076664791186452,YOL092W,non_ess,non_ess
0.008670520231213872,0.0008643789437289308,0.0,1.4,0.1203514507560278,0.001651073197578426,0.05007998189477366,0.2548853016142736,0.5943863511282333,0.00019262520638414969,YGR103W,ess,ess
0.017341040462427744,0.001901633676203648,0.027027027027027032,0.8571428571428571,0.1258684102983245,0.0031612223393045306,0.16277069310337414,0.5474189675870349,0.256059009483667,0.0004238813219026309,YKL204W,non_ess,non_ess
0.0838150289017341,0.013916500994035784,0.0,0.2727272727272727,0.2738046587658357,0.007125307125307125,0.2470453200380208,0.852007299270073,0.1248157248157248,0.0002573081313238794,YLR371W,non_ess,non_ess
0.031791907514450865,0.005445587345492263,0.10810810810810813,1.25,0.04577033101757255,0.015235457063711913,0.3502584458977068,0.6205612829324169,0.221606648199446,0.0012119113573407206,YPL077C,non_ess,non_ess
0.01445086705202312,0.0012965684155933962,0.0,2.0,0.03923171230077646,0.007987220447284345,0.4663930116876289,0.5126582278481012,0.3498402555910543,0.0016339154157001766,YER104W,ess,non_ess
0.03468208092485549,0.006828593655458553,0.027027027027027032,0.25,0.17123007764609727,0.0046801872074883,0.3972252093967254,0.4391336818521285,0.5343213728549142,0.0002838288714030313,YDR369C,non_ess,non_ess
0.0028901734104046237,0.0004321894718644654,0.0,1.0714285714285714,0.04849475548290424,0.0013123359580052493,0.02145596112753564,0.07269723254853366,0.6889763779527559,0.0004349456317960255,YER056C-A,non_ess,ess
0.049132947976878616,0.019362088339528048,0.2702702702702703,1.0416666666666667,0.03514507560277892,0.03003533568904593,0.7898821527019777,1.122835279903343,0.3127208480565371,0.0009382923079994408,YBR106W,non_ess,non_ess
0.008670520231213872,0.0003457515774915723,0.054054054054054064,0.25,0.022067838169186758,0.008021390374331552,0.31016042780748665,0.5192307692307694,0.4545454545454545,0.0017615602390688894,YHR193C-A,non_ess,non_ess
0.10115606936416184,0.021004408332613016,0.13513513513513514,1.16,0.13976297507151614,0.01665080875356803,0.26649260899849314,1.1067193675889329,0.1279733587059943,0.0005641644176726714,YJR005W,non_ess,non_ess
0.05202312138728323,0.010804736796611637,0.08108108108108109,0.7777777777777778,0.07172047404985697,0.01631912964641886,0.4623090020564757,0.6121013133208255,0.1541251133272892,0.0007839581888965921,YLR405W,non_ess,non_ess
0.03757225433526011,0.01659607571959547,0.0,1.3333333333333333,0.04352268083367389,0.018867924528301886,0.6670930604413176,1.9692796610169487,0.2830188679245283,0.005128205128205128,YDL069C,non_ess,non_ess
0.05491329479768786,0.008643789437289308,0.10810810810810813,0.9130434782608696,0.1338373518594197,0.009429280397022332,0.1988626964433416,0.4473684210526317,0.28883374689826297,0.000368371236345962,YLR330W,non_ess,non_ess
0.1329479768786127,0.025758492523122137,0.0,1.75,0.14691458929301185,0.02084277299501586,0.6235039287411452,1.0284552845528458,0.11644766651563207,0.0008797617767309181,YHL016C,non_ess,non_ess
0.03757225433526011,0.005272711556746477,0.13513513513513514,0.625,0.02472415202288517,0.031476997578692496,0.7782615456383145,0.8890742285237699,0.25181598062954,0.002002235053082511,YPR050C,non_ess,non_ess
0.017341040462427744,0.006915031549831446,0.0,1.2,0.052717613404168376,0.0072815533980582535,0.2079288025889968,0.6727642276422765,0.6201456310679612,0.0007219805065263237,YFR052W,ess,non_ess
0.03757225433526011,0.011755553634713456,0.054054054054054064,1.318181818181818,0.12545974662852474,0.006871035940803382,0.17984382459251175,0.8023655913978495,0.21141649048625802,0.0003845137420718817,YKL062W,non_ess,non_ess
0.05780346820809248,0.008816665226035093,0.054054054054054064,1.1904761904761905,0.10359624029423783,0.012730744748567792,0.3419392389194829,0.6781013163143198,0.08465945257797583,0.0012300005264593693,YHR009C,non_ess,non_ess
0.017341040462427744,0.003889705246780188,0.0,0.25,0.07478545157335513,0.005226480836236934,0.1491289198606272,0.9875,0.8013937282229965,0.0004592107256476292,YDR088C,ess,non_ess
0.0838150289017341,0.031722707234851766,0.16216216216216214,1.96875,0.020433183489987745,0.08285714285714285,1.184964749536178,0.9925133689839574,0.3314285714285714,0.0066256157635467975,YDR008C,non_ess,non_ess
0.04046242774566474,0.01037254732474717,0.40540540540540543,0.9166666666666666,0.061912545974662864,0.0145985401459854,0.3532846715328467,0.8104065040650406,0.5797705943691345,0.0006657864532149045,YML025C,ess,non_ess
0.0028901734104046237,0.0006050652606102515,0.054054054054054064,1.5555555555555556,0.0624574308677292,0.001034126163391934,0.030240489339699445,0.11246200607902736,0.4943123061013444,0.0004110543327290114,YHR012W,non_ess,non_ess
0.017341040462427744,0.0037168294580344026,0.0,0.8,0.063342868818962,0.0061224489795918356,0.11313816261328813,0.4140575079872204,0.6459183673469387,0.0005706548022052423,YOR340C,ess,ess
0.011560693641618495,0.0009508168381018238,0.0,0.8,0.08847568451164692,0.0029651593773165306,0.07830504659258944,0.12565445026178013,0.20014825796886584,0.003703703703703704,YER043C,ess,non_ess
0.02023121387283237,0.0025931368311867924,0.0,0.8666666666666667,0.09930527176134042,0.004641909814323607,0.20666953425574114,0.5833333333333333,0.3037135278514589,0.0004589786060950042,YDR470C,non_ess,non_ess
0.02023121387283237,0.003889705246780188,0.21621621621621626,1.1111111111111112,0.04944830404577034,0.00902061855670103,0.14932502770408676,1.130944625407166,0.6082474226804123,0.0014961558623099776,YMR193W,non_ess,non_ess
0.06647398843930635,0.009767482064136915,0.0,0.3684210526315789,0.15284021250510832,0.010026155187445507,0.330066650913802,0.832943925233645,0.18308631211857013,0.000277120438410761,YLR114C,non_ess,non_ess
0.13583815028901733,0.05281355346183768,0.054054054054054064,0.85,0.15181855333060892,0.020623080298376482,0.5502103325257074,1.2771739130434785,0.2040368582711716,0.0006586552298451973,YOR267C,non_ess,non_ess
0.06936416184971098,0.016163886247731005,0.0,2.625,0.08398038414384963,0.018706157443491817,0.7607170693686672,0.9382716049382716,0.4341387373343726,0.00034283427391199094,YDL155W,non_ess,non_ess
0.0838150289017341,0.01149623995159478,0.08108108108108109,0.2857142857142857,0.13056804250102166,0.01474326385358414,0.5927940894895648,0.8850649350649351,0.1387900355871886,0.000636882182382945,YPR179C,non_ess,non_ess
0.0028901734104046237,0.0020745094649494327,0.054054054054054064,0.95,0.06906416019615856,0.0009398496240601504,0.022353788663274952,0.09281437125748504,0.2659774436090225,0.0009398496240601504,YNL229C,non_ess,non_ess
0.03757225433526011,0.0029388884086783643,0.13513513513513514,0.0,0.1264814058030241,0.00681699003670687,0.19134406385474168,0.3931297709923664,0.20608285264813844,0.0003989587044383155,YGL023C,non_ess,non_ess
0.03468208092485549,0.007433658916068805,0.10810810810810813,0.6,0.018185533306089092,0.03785488958990536,0.9760455886842372,1.1922580645161291,0.2523659305993691,0.0071766561514195575,YDR278C,non_ess,non_ess
0.03468208092485549,0.0067421557610856594,0.027027027027027032,0.5238095238095238,0.1213731099305272,0.006550218340611353,0.19039301310043666,0.3672456575682381,0.2953056768558952,0.0005478694637942028,YGL116W,ess,non_ess
0.06936416184971098,0.012965684155933962,0.13513513513513514,1.2142857142857142,0.07866775643645281,0.019917012448132786,0.5603319502074688,1.120647773279352,0.14854771784232365,0.001298129302950926,YEL056W,non_ess,non_ess
0.017341040462427744,0.006396404183594088,0.0,0.8,0.03902738046587659,0.009630818619582664,0.16692457781067074,0.7868263473053891,0.8186195826645265,0.0008120101973373619,YOL008W,non_ess,non_ess
0.0028901734104046237,0.00017287578874578615,0.054054054054054064,1.5909090909090908,0.006742950551695957,0.006711409395973154,0.2505145413870246,0.14666666666666667,0.6040268456375839,0.005518269947800149,YBR196C-A,non_ess,non_ess
0.0057803468208092465,0.0006050652606102515,0.027027027027027032,0.6666666666666666,0.05598692276256642,0.002293577981651377,0.05855623034845156,0.43568075117370897,0.4059633027522936,0.0008876276369667755,YNL075W,ess,non_ess
0.011560693641618495,0.0010372547324747168,0.0,0.4666666666666667,0.07580711074785453,0.0034393809114359416,0.09477405178179038,0.20854700854700856,0.354256233877902,0.0003965305662456487,YLR244C,non_ess,ess
0.017341040462427744,0.0028524505143054713,0.054054054054054064,0.3333333333333333,0.13322435635472007,0.002991026919242273,0.3546728236343601,0.3059210526315789,0.31106679960119643,0.00035071068844747807,YDR320C,non_ess,non_ess
0.04335260115606936,0.021436597804477483,0.1891891891891892,1.1142857142857143,0.02165917449938701,0.04076086956521738,1.0905939746662099,0.6603435934144594,0.2364130434782609,0.003154672663668166,YML089C,non_ess,non_ess
0.0,0.0,0.0,1.5555555555555556,0.04229668982427463,0.0,0.0,0.0,0.8435171385991058,0.0003317657838888216,YGR095C,ess,ess
0.06358381502890173,0.01849770939579912,0.054054054054054064,1.0769230769230769,0.18410298324478955,0.007991282237559027,0.4144278968398111,0.9108771929824562,0.17399200871776244,0.00043755644819430233,YDR103W,non_ess,non_ess
0.0722543352601156,0.01573169677586654,0.1891891891891892,1.2941176470588236,0.15243154883530854,0.010926573426573426,0.2105503192459714,0.7986767485822306,0.1848776223776224,0.00034510406850832385,YJR143C,non_ess,non_ess
0.3728323699421965,0.12438413000259313,0.32432432432432434,3.5,0.15610952186350635,0.05508112724167378,0.6981314301980399,0.7522614780679296,0.07344150298889837,0.00045429269358330187,YBR001C,non_ess,non_ess
0.0,0.0,0.0,0.16666666666666666,0.022067838169186758,0.0,0.0,0.0,0.893048128342246,0.0029940119760479052,YIR041W,non_ess,non_ess
0.026011560693641616,0.0020745094649494327,0.0,0.6666666666666666,0.06763383735185942,0.00862895493767977,0.2562623515369715,0.5372448979591837,0.27325023969319273,0.0008309364014062001,YBR159W,non_ess,non_ess
0.01445086705202312,0.00112369262684761,0.0,0.6111111111111112,0.1853289742541888,0.0018044027426921687,0.03695297517678673,0.16307556080283353,0.6232407073258751,8.191382456691723e-05,YCR057C,ess,ess
0.011560693641618495,0.0009508168381018238,0.027027027027027032,0.8333333333333334,0.04842664487127095,0.005256241787122208,0.3820883452946528,0.456043956043956,0.4257555847568989,0.0017804707905452546,YPL124W,ess,non_ess
0.13872832369942195,0.07546028178753565,0.5135135135135136,1.75,0.11156518185533308,0.02843601895734597,0.7310808744840238,1.3362007168458778,0.19075829383886256,0.0006862470931088281,YDL042C,non_ess,non_ess
0.10115606936416184,0.042354568242717605,0.16216216216216214,1.2777777777777777,0.07662443808745402,0.029787234042553193,0.8217567679443663,0.8748968282042212,0.16680851063829788,0.0015110725141120275,YDL022W,non_ess,non_ess
0.13583815028901733,0.05255423977871899,0.2972972972972973,1.8,0.02513281569268493,0.11217183770883056,3.768398506823328,1.3725071225071224,0.13842482100238662,0.017241379310344827,YLR112W,non_ess,non_ess
0.06069364161849713,0.016250324142103898,0.21621621621621626,1.3636363636363635,0.07928075194115244,0.01729818780889621,0.3201505689437186,0.7976744186046513,0.18945634266886327,0.0010207005228851805,YNR021W,non_ess,non_ess
0.0,0.0,0.0,2.0,0.14241928892521455,0.0,0.0,0.0,0.6356842596917328,0.00017021854894864308,YJL061W,ess,ess
0.05780346820809248,0.01797908202956176,0.027027027027027032,1.0476190476190477,0.12341642827952595,0.010741138560687431,0.2736789279991548,1.010928961748634,0.13211600429645542,0.0007226253787779554,YDL025C,non_ess,non_ess
0.06647398843930635,0.01737401676895151,0.0,1.4,0.1681651001225991,0.009130607383882492,0.3788827859090584,0.8295081967213115,0.35490273918221515,0.0002593266565600318,YFR002W,ess,non_ess
0.07514450867052022,0.009335292592272452,0.16216216216216214,2.4545454545454546,0.07948508377605233,0.021364009860312245,0.43586452745223137,0.9795628221076952,0.1265406737880033,0.0009230703561024019,YMR010W,non_ess,non_ess
0.017341040462427744,0.002506698936813899,0.0,1.0,0.16734777278299962,0.002393298763462305,0.039507290035661335,0.18402493029358705,0.3370562425209413,0.00021336706924752704,YDL126C,ess,ess
0.02890173410404624,0.003198202091797044,0.16216216216216214,1.4615384615384617,0.023498161013485903,0.02531645569620253,0.6611365472663614,1.1329787234042552,0.2329113924050633,0.004375343973582828,YHR132W-A,non_ess,non_ess
0.05780346820809248,0.01581813467023943,0.08108108108108109,0.8823529411764706,0.07437678790355537,0.017513134851138354,0.3540155116337253,0.6070732386521861,0.1330998248686515,0.006578947368421052,YJL137C,non_ess,non_ess
0.008670520231213872,0.0007779410493560378,0.0,0.38461538461538464,0.012055578259092769,0.013215859030837005,0.4623452905391232,0.5873015873015873,0.3744493392070485,0.011764705882352941,YIL102C-A,non_ess,non_ess
0.03757225433526011,0.015385945198374969,0.0,1.125,0.03187576624438088,0.02509652509652509,0.703543927007614,0.6487895716945994,0.2084942084942085,0.0022701272701272693,YNL046W,non_ess,non_ess
0.07514450867052022,0.01521306940962918,0.08108108108108109,0.4545454545454545,0.0815284021250511,0.02085004009623096,0.3616497182815304,0.6775244299674267,0.12830793905372895,0.0019095829991980754,YAL042W,non_ess,non_ess
0.02023121387283237,0.00449477050739044,0.027027027027027032,1.6666666666666667,0.05925623212096445,0.0076086956521739125,0.4639190821256038,0.5941358024691358,0.2543478260869565,0.0010776662950575994,YKR104W,non_ess,non_ess
0.017341040462427744,0.0026795747255596854,0.054054054054054064,0.5625,0.02881078872088272,0.012684989429175477,0.7702817834716481,1.307462686567164,0.32558139534883723,0.0024299168062381594,YIL087C,non_ess,non_ess
0.0,0.0,0.0,0.0,0.036847840893611226,0.0,0.0,0.0,0.5549915397631133,0.002625768643473237,YDL061C,non_ess,non_ess
0.02023121387283237,0.005445587345492263,0.027027027027027032,0.8571428571428571,0.0190028606456886,0.02127659574468085,0.9094900371496116,0.5050505050505051,0.3738601823708207,0.0018780734919811204,YFL014W,non_ess,non_ess
0.017341040462427744,0.010545423113492956,0.027027027027027032,0.5,0.08459337964854925,0.004643962848297214,0.14689737696822353,1.7760736196319016,0.3088235294117647,0.001117344444703089,YMR173W,non_ess,non_ess
0.023121387283237,0.0035439536692886157,0.0,2.5,0.12525541479362487,0.004235044997353097,0.09068966401820884,0.3980305778699145,0.4044467972472208,0.00039495674877147664,YNR038W,ess,ess
0.01445086705202312,0.002420261042441006,0.0,0.0,0.18573763792398856,0.0018005041411595247,0.035584509117098234,0.3696969696969697,0.5329492257832193,0.000268129130210513,YDR081C,ess,ess
0.03757225433526011,0.007347221021695911,0.0,0.875,0.06824683285655905,0.0123574144486692,0.4514977279050357,1.9930313588850173,0.17490494296577944,0.0016893288146801126,YNL274C,non_ess,non_ess
0.15606936416184972,0.0987985132682168,0.1891891891891892,2.466666666666667,0.022680833673886392,0.1409921671018277,4.235639686684074,0.9223602484472052,0.05221932114882506,0.004046997389033942,YKL086W,non_ess,non_ess
0.0838150289017341,0.02204166306508773,0.13513513513513514,2.2222222222222223,0.15284021250510832,0.012641673931996512,0.3041024895863605,1.0126984126984129,0.2689625108979948,0.0004592347876710297,YIR007W,non_ess,non_ess
0.0028901734104046237,0.00017287578874578615,0.0,0.0,0.007560277891295466,0.006211180124223602,0.14781914709046115,0.2905027932960894,0.43478260869565216,0.014285714285714284,YEL032C-A,non_ess,non_ess
0.0,0.0,0.0,1.6168831168831168,0.012055578259092769,0.0,0.0,1.6010935441370229,1.0,0.004405286343612335,YJL222W-A,non_ess,non_ess
0.06069364161849713,0.012274181000950816,0.08108108108108109,1.0769230769230769,0.048630976706170816,0.0274869109947644,1.3065871179836843,1.4651162790697676,0.1505235602094241,0.002128386068745732,YIR035C,non_ess,non_ess
0.05202312138728323,0.0050998357680006896,0.0,0.631578947368421,0.16223947691050267,0.007401315789473685,0.1858207767402377,0.4536290322580646,0.27713815789473684,0.00021718335155395904,YBR049C,ess,non_ess
0.06069364161849713,0.017633330452070186,0.0,1.5714285714285714,0.19431957498978344,0.007233895969686531,0.2196766488031036,0.601967213114754,0.2349293833964864,0.0002995182453584774,YOL155C,non_ess,non_ess
0.026011560693641616,0.003976143141153081,0.027027027027027032,1.6875,0.06436452799346139,0.009045226130653266,0.2764099828752702,1.0558659217877095,0.5095477386934674,0.0007849900389521572,YNL180C,non_ess,non_ess
0.07514450867052022,0.01322499783905264,0.13513513513513514,1.0,0.052104617899468735,0.03190184049079755,0.6328387463493993,1.0521831735889244,0.13865030674846626,0.001226993865030675,YKR043C,non_ess,non_ess
0.01445086705202312,0.0035439536692886157,0.13513513513513514,1.0625,0.023293829178586026,0.012755102040816329,0.3493519029233315,0.7207207207207207,0.5255102040816326,0.0018575391321577167,YGL080W,non_ess,non_ess
0.011560693641618495,0.0044083326130175465,0.054054054054054064,1.0,0.012872905598692277,0.016736401673640166,0.3373382979540132,1.192660550458715,0.37656903765690375,0.0041841004184100415,YBL008W-A,non_ess,non_ess
0.17052023121387286,0.06915031549831446,0.08108108108108109,1.3461538461538465,0.1060482223130364,0.03671437461107654,0.8151092383790199,0.9954279090733466,0.14934660858743,0.0006404272972412362,YGR177C,non_ess,non_ess
0.06647398843930635,0.011669115740340566,0.054054054054054064,1.3846153846153846,0.10380057212913772,0.014612452350698857,0.6189350836442509,1.2615003538570415,0.3233799237611182,0.00044185599488745156,YHR016C,non_ess,non_ess
0.049132947976878616,0.008470913648543521,0.10810810810810813,0.8823529411764706,0.14078463424601553,0.00803023145961266,0.15304676428908834,0.8888888888888891,0.4610297590930562,0.00037315022030866437,YMR186W,non_ess,non_ess
0.04335260115606936,0.006309966289221194,0.21621621621621626,1.3636363636363635,0.09521863506334287,0.010359116022099449,0.19815781445954647,0.5501467057882101,0.13121546961325967,0.000985024716487351,YDR524C,non_ess,non_ess
0.08092485549132948,0.01348431152217132,0.08108108108108109,0.7741935483870968,0.12975071516142214,0.014322250639386191,0.4284561845503938,0.8315995778682345,0.08184143222506395,0.0007129156010230179,YPL263C,non_ess,non_ess
0.049132947976878616,0.0045812084017633325,0.027027027027027032,1.3333333333333333,0.055782590927666534,0.01956271576524741,0.7967360602573491,0.8366370471633631,0.18642117376294592,0.006172839506172839,YFL028C,non_ess,non_ess
0.023121387283237,0.003111764197424151,0.0,1.3333333333333333,0.034940743767879034,0.014209591474245116,0.3837658088382591,0.807733619763695,0.3037300177619893,0.0023682652457075195,YPR197C,non_ess,non_ess
0.026011560693641616,0.010718298902238741,0.054054054054054064,1.2592592592592593,0.01982018798528811,0.026392961876832845,0.5455784560736855,0.5525460455037919,0.1994134897360704,0.003105054338450923,YEL039C,non_ess,non_ess
0.06069364161849713,0.02109084622698591,0.027027027027027032,0.7142857142857143,0.061708214139762976,0.021966527196652718,0.4921650668635655,1.1409313725490198,0.13284518828451886,0.001812011992224821,YCR069W,non_ess,non_ess
0.046242774566473986,0.007779410493560376,0.10810810810810813,1.0555555555555556,0.037188393951777685,0.026845637583892617,0.5346418216103327,1.372809667673716,0.2332214765100671,0.0028487277292260148,YPL051W,non_ess,non_ess
0.01445086705202312,0.0014694442043391822,0.0,0.8,0.06620351450756028,0.004892367906066536,0.3556591062205255,0.7213114754098362,0.6477495107632094,0.000981429694751716,YML037C,non_ess,non_ess
0.046242774566473986,0.012447056789696605,0.08108108108108109,1.1666666666666667,0.1448712709440131,0.007349563619660083,0.2435002296738631,0.6333333333333333,0.13780431786862654,0.0008436686571734802,YGL114W,non_ess,non_ess
0.06069364161849713,0.012792808367188177,0.054054054054054064,1.28,0.05741724560686556,0.02351623740201568,0.3768908244806055,0.992844364937388,0.0940649496080627,0.011904761904761904,YER055C,non_ess,non_ess
0.07514450867052022,0.021177284121358803,0.08108108108108109,1.1875,0.01941152431548836,0.07761194029850746,2.4607296849087894,2.277777777777778,0.3671641791044776,0.0031549569227035555,YPR170C,non_ess,non_ess
0.0028901734104046237,0.0002593136831186792,0.0,1.5,0.024928483857785046,0.002403846153846154,0.056411136939983085,0.15384615384615385,0.9831730769230768,0.0015104852360353586,YIL040W,non_ess,non_ess
0.09248554913294796,0.01927565044515516,0.0,1.4,0.10747854515733553,0.019656019656019656,0.5357274096277028,0.6032677000418936,0.07985257985257985,0.0006945756945756946,YGL045W,non_ess,non_ess
0.10404624277456646,0.036303915636615086,0.40540540540540543,1.4,0.08970167552104619,0.026335040234089245,0.7624359912216532,1.6249999999999998,0.16605705925384054,0.0006896351701046378,YMR135C,non_ess,non_ess
0.049132947976878616,0.041144437721497104,0.35135135135135137,0.8666666666666667,0.004086636697997548,0.15454545454545454,2.3650284090909093,1.4874999999999998,0.2818181818181818,0.03225806451612903,YML007C-A,non_ess,non_ess
0.01445086705202312,0.0013830063099662892,0.0,1.0714285714285714,0.043931344503473635,0.007194244604316547,0.3559334350701257,0.5325987144168962,0.3194244604316547,0.0014712554280899605,YHR122W,ess,non_ess
0.02023121387283237,0.0014694442043391822,0.054054054054054064,2.0,0.11238250919493258,0.00411764705882353,0.09811629995509656,0.3940839694656489,0.6070588235294118,0.00013394892840857273,YPR070W,non_ess,non_ess
0.008670520231213872,0.0044083326130175465,0.0,1.5,0.009194932570494484,0.016216216216216217,0.4163226218344329,2.456692913385827,0.4486486486486487,0.0081406707912732,YOL052C-A,non_ess,non_ess
0.0,0.0,0.0,0.8666666666666667,0.07267402261272307,0.0,0.0,0.0,1.0,0.0006580165409809656,YLR048W,non_ess,ess
0.023121387283237,0.002420261042441006,0.0,1.4,0.04903964037597058,0.010389610389610391,0.3053791093395053,0.8901461574728902,0.2753246753246753,0.0013048272482234745,YKL071W,non_ess,non_ess
0.017341040462427744,0.00950816838101824,0.027027027027027032,1.1111111111111112,0.11340416836943196,0.003498542274052478,0.1070392153558368,0.3761671854157403,0.6064139941690962,0.00037340210809598567,YKL088W,ess,non_ess
0.02023121387283237,0.0076929725991874845,0.027027027027027032,1.25,0.09746628524724152,0.004726536124240378,0.1894072890762669,0.6103658536585366,0.6549628629304524,0.0002756565987038571,YER122C,non_ess,non_ess
0.04046242774566474,0.02705506093871553,0.08108108108108109,1.4,0.01920719248058848,0.042168674698795185,2.1750779341140785,0.679195804195804,0.31626506024096385,0.003184165232358004,YDR102C,non_ess,non_ess
0.008670520231213872,0.0019880715705765406,0.10810810810810813,0.7222222222222222,0.033101757253780145,0.005597014925373134,0.08562450903377848,0.1747076023391813,0.17723880597014927,0.002454831107619796,YML055W,non_ess,non_ess
0.02890173410404624,0.007174345232950125,0.1891891891891892,1.7222222222222223,0.0651818553330609,0.009930486593843098,0.3697302275077915,1.3783160322952708,0.2740814299900695,0.00208684138566268,YMR041C,non_ess,non_ess
0.017341040462427744,0.0026795747255596854,0.13513513513513514,1.25,0.022885165508786283,0.015544041450777204,0.405440414507772,0.2601010101010101,0.3471502590673575,0.0022813394169051114,YCR082W,non_ess,non_ess
0.08092485549132948,0.05229492609560031,0.4864864864864865,1.5,0.01736820596648958,0.0918032786885246,1.9668779133713925,0.9579339723109692,0.15737704918032788,0.004508196721311476,YPL056C,non_ess,non_ess
0.05780346820809248,0.005704901028610943,0.027027027027027032,1.1,0.3436861463015938,0.0039246467817896395,0.15183229468943754,0.791919191919192,0.3494897959183674,0.0001034599474480761,YDR141C,ess,non_ess
0.008670520231213872,0.00112369262684761,0.08108108108108109,2.0,0.0443400081732734,0.0042796005706134095,0.13003920159052873,0.7039370078740158,0.4008559201141227,0.001177778567476051,YOR125C,non_ess,non_ess
0.046242774566473986,0.014521566254646038,0.1891891891891892,1.0416666666666667,0.11973845525132815,0.008849557522123894,0.2325400621860799,0.5530145530145532,0.1570796460176991,0.0006796865262370682,YOR324C,non_ess,non_ess
0.03757225433526011,0.00760653470481459,0.13513513513513514,0.5,0.06885982836125869,0.012252591894439209,0.348152916024919,1.7141768292682926,0.26861451460885954,0.002017295831473122,YPL264C,non_ess,non_ess
0.017341040462427744,0.0012965684155933962,0.0,1.0357142857142858,0.04454434000817328,0.008522727272727272,0.17475895316804407,0.28030303030303033,0.2258522727272728,0.000929102344196684,YLR250W,non_ess,non_ess
0.07514450867052022,0.015299507304002076,0.16216216216216214,0.9,0.1411932979158153,0.012246820536975978,0.4234508295389125,0.7523148148148147,0.10645313235986813,0.000535642082709807,YGL026C,non_ess,non_ess
0.0838150289017341,0.02610424410061371,0.16216216216216214,1.2,0.14446260727421334,0.013357899585444496,0.3659065764947461,1.2346832814122537,0.1040994933210502,0.000542142400019566,YDR333C,non_ess,non_ess
0.0057803468208092465,0.0006915031549831446,0.054054054054054064,0.0,0.095014303228443,0.001384083044982699,0.03471453287197232,0.16590909090909092,0.2311418685121107,0.001183100926175331,YDR181C,non_ess,non_ess
0.0028901734104046237,0.00112369262684761,0.0,0.6,0.04270535349407438,0.0014771048744460858,0.12034517608644953,0.7830882352941175,0.4756277695716396,0.003105590062111801,YNL335W,non_ess,non_ess
0.0,0.0,0.0,1.0,0.0253371475275848,0.0,0.0,0.0,1.0,0.002195593090900923,YDR308C,ess,ess
0.031791907514450865,0.0045812084017633325,0.0,0.0,0.06129955046996322,0.011578947368421052,0.4631954887218046,0.5198412698412699,0.14,0.0017491096161456276,YCR100C,non_ess,non_ess
0.046242774566473986,0.008298037859797734,0.0,0.3333333333333333,0.16448712709440133,0.006490872210953347,0.7623970150001252,1.154795821462488,0.1436105476673428,0.0008319867982260117,YOR195W,non_ess,non_ess
0.02890173410404624,0.011150488374103209,0.027027027027027032,1.5333333333333334,0.04474867184307317,0.014144271570014143,0.4385527838498136,0.5659965034965034,0.24186704384724186,0.0013399836224223926,YAR027W,non_ess,non_ess
0.1791907514450867,0.04944247558129484,0.35135135135135137,1.6,0.27768696362893336,0.015023019142234069,0.3297097458716068,0.8463407661520869,0.1923915677247396,0.0001608257716737904,YIL159W,non_ess,non_ess
0.03757225433526011,0.008125162071051949,0.054054054054054064,1.4,0.07090314671025746,0.011915673693858844,0.4556450005977763,1.9468599033816425,0.4005499541704858,0.0013172052595922116,YKR077W,non_ess,non_ess
0.011560693641618495,0.0045812084017633325,0.0,0.9230769230769232,0.021863506334286884,0.01078167115902965,0.8160675524175274,1.0353982300884954,0.7385444743935309,0.002656068624943436,YDL241W,non_ess,non_ess
0.023121387283237,0.001210130521220503,0.13513513513513514,0.7777777777777778,0.046110884075739,0.011004126547455296,0.4432561086812049,1.4531835205992512,0.34112792297111416,0.0019301592936060692,YMR230W,non_ess,non_ess
0.026011560693641616,0.003889705246780188,0.0,1.7857142857142858,0.04713254325023839,0.012129380053908356,0.22162023053271748,0.7620603015075376,0.30997304582210244,0.001054728700339857,YGL183C,non_ess,non_ess
0.2485549132947977,0.09326648802835162,0.16216216216216214,1.6363636363636365,0.14058030241111566,0.04068117313150426,0.8479450479023221,1.179736879067372,0.07521286660359508,0.006289308176100629,YEL011W,non_ess,non_ess
0.02023121387283237,0.003803267352407295,0.2432432432432433,0.8,0.07131181038005723,0.006381039197812215,0.17768739920061707,1.6452991452991452,0.44940747493163175,0.0008690490938776415,YLR063W,non_ess,non_ess
0.049132947976878616,0.01633676203647679,0.054054054054054064,1.0,0.022885165508786283,0.04404145077720207,1.2581071777962969,0.8990384615384615,0.3160621761658031,0.0030578442198250233,YER084W,non_ess,non_ess
0.0,0.0,0.0,1.0769230769230769,0.006742950551695957,0.0,0.0,0.0,1.0,0.006711409395973154,YMR013C-A,non_ess,non_ess
0.12427745664739885,0.04537989454576887,0.08108108108108109,1.6153846153846154,0.11967034463969488,0.023796347537354733,0.6948073648104928,0.901849888064098,0.09463198671831766,0.00080583306634045,YBR186W,non_ess,non_ess
0.08959537572254335,0.04149018929898868,0.32432432432432434,2.0217391304347827,0.028606456885982838,0.06595744680851064,0.9081586167624373,1.5027138311809844,0.09574468085106384,0.003971631205673759,YMR002W,non_ess,non_ess
0.10115606936416184,0.03146339355173308,0.1891891891891892,1.16,0.12791172864732325,0.01815352697095436,0.3788966911373551,0.9132730015082956,0.4118257261410788,0.00045073528643247595,YAL005C,non_ess,non_ess
0.0057803468208092465,0.002506698936813899,0.0,1.2,0.1040049039640376,0.0012682308180088776,0.04133210075559053,0.1346562721474132,0.3925174381737476,0.00027454431278382813,YMR217W,non_ess,ess
0.049132947976878616,0.00898954101478088,0.10810810810810813,1.761904761904762,0.04515733551287291,0.02384291725105189,0.5542579658460606,1.8366834170854267,0.2061711079943899,0.0021180982912098927,YDR533C,non_ess,non_ess
0.05780346820809248,0.008211599965424842,0.0,0.0,0.19513690232938294,0.00686106346483705,0.3090043442714929,0.8051761322789359,0.36123499142367066,0.0001567033013573894,YDR166C,ess,non_ess
0.01445086705202312,0.003889705246780188,0.027027027027027032,0.6923076923076923,0.1726604004903964,0.0019342359767891683,0.04009405132556283,0.1557492629150109,0.44410058027079297,8.188490285013377e-05,YOR217W,ess,ess
0.05491329479768786,0.008557351542916414,0.0,1.2,0.11626481405803026,0.010813887307911213,0.2425511979929688,0.9465703971119132,0.20375640295959024,0.0009475267326543783,YHL039W,non_ess,non_ess
0.03757225433526011,0.014953755726510504,0.08108108108108109,0.7333333333333333,0.04740498569677156,0.01742627345844504,0.5167220959038925,0.6942246835443038,0.2774798927613941,0.0009907914675370089,YPL107W,non_ess,non_ess
0.03757225433526011,0.004667646296136226,0.0,0.5,0.14160196158561505,0.006106153123532175,0.5218991021163912,0.6594202898550724,0.18788163457022075,0.0005554250821982154,YAR014C,non_ess,non_ess
0.06069364161849713,0.021868787276341943,0.1891891891891892,0.7058823529411765,0.06661217817736004,0.02042801556420233,0.9511918703486836,0.5625674217907227,0.2422178988326848,0.0005820949166315066,YOL107W,non_ess,non_ess
0.026011560693641616,0.002420261042441006,0.16216216216216214,1.0,0.06232120964446261,0.00932642487046632,0.3079405705724452,1.1024096385542166,0.2683937823834197,0.0014803849000740196,YBR290W,non_ess,non_ess
0.06647398843930635,0.020226467283256985,0.0,0.8461538461538461,0.06906416019615856,0.021616541353383457,0.5824081688596491,1.015625,0.29135338345864664,0.0005487509095318941,YBR076W,non_ess,non_ess
0.0057803468208092465,0.0004321894718644654,0.0,0.14285714285714285,0.042092357989374746,0.0029940119760479052,0.0878726418131479,0.15933528836754646,0.3712574850299401,0.0012857349816496038,YOL135C,ess,ess
0.01445086705202312,0.001901633676203648,0.21621621621621626,0.8823529411764706,0.01838986514098897,0.015625,0.486240671641791,1.5111940298507458,0.553125,0.003036723163841808,YOR265W,non_ess,non_ess
0.0028901734104046237,0.0004321894718644654,0.0,1.6428571428571428,0.0443400081732734,0.0014265335235378036,0.02699748023517805,0.17383177570093458,0.7004279600570613,0.0019262560613147925,YOR332W,non_ess,non_ess
0.02890173410404624,0.007347221021695911,0.08108108108108109,1.6666666666666667,0.02819779321618308,0.02155172413793104,0.6093386184721145,1.2632062471290768,0.16379310344827586,0.0055580762250453716,YGL041W-A,non_ess,non_ess
0.011560693641618495,0.003111764197424151,0.054054054054054064,0.42105263157894735,0.033714752758479766,0.007339449541284405,0.17201136310715784,1.0456852791878173,0.4238532110091744,0.001803089876484372,YNL109W,non_ess,non_ess
0.12427745664739885,0.36122396058432016,0.10810810810810813,1.6470588235294117,0.016142214957090315,0.14982578397212545,2.716936465331844,1.0210880737196528,0.1289198606271777,0.003672662209247575,YFR034W-A,non_ess,non_ess
0.049132947976878616,0.008211599965424842,0.027027027027027032,0.8,0.30057212913771963,0.003809097019941743,0.11758319729415405,0.5003306878306878,0.5978041676002689,3.795995795514745e-05,YGL197W,non_ess,non_ess
0.046242774566473986,0.010199671536001384,0.21621621621621626,1.631578947368421,0.02472415202288517,0.0387409200968523,0.8775726392251817,0.5043103448275863,0.2106537530266344,0.001920347332387075,YGR230W,non_ess,non_ess
0.0028901734104046237,0.0014694442043391822,0.027027027027027032,1.2,0.02227217000408664,0.002652519893899204,0.10344827586206896,1.1639823873502946,1.0,0.002652519893899204,YNL013C,non_ess,non_ess
0.049132947976878616,0.02048578096637566,0.054054054054054064,0.84,0.010829587249693505,0.08133971291866028,2.2386680988184744,1.2436420722135006,0.13875598086124402,0.03448275862068965,YOR186C-A,non_ess,non_ess
0.01445086705202312,0.0013830063099662892,0.08108108108108109,1.5,0.07355946056395588,0.004424778761061947,0.12547163339507444,0.5211024978466839,0.29557522123893804,0.0009644427958242806,YML060W,non_ess,non_ess
0.02023121387283237,0.005359149451119371,0.027027027027027032,0.8333333333333334,0.03575807110747855,0.012173913043478259,0.25104582843713275,0.4784303534303534,0.28347826086956524,0.001408375566817818,YNL067W,non_ess,non_ess
0.05202312138728323,0.021177284121358803,0.40540540540540543,0.7647058823529411,0.03453208009807928,0.03231597845601436,1.6154622980251343,0.9276315789473684,0.2262118491921005,0.0015531047847026304,YPL025C,non_ess,non_ess
0.14161849710982655,0.2823926009162417,0.35135135135135137,1.375,0.01185124642419289,0.21875,3.3617819843342036,1.8550913838120109,0.20982142857142846,0.02127659574468085,YMR194C-A,non_ess,non_ess
0.05780346820809248,0.010113233641628493,0.2702702702702703,0.5909090909090909,0.026358806702084188,0.04576659038901602,1.3985656392621095,1.5083798882681565,0.6613272311212814,0.0009660076172076043,YNL179C,non_ess,non_ess
0.02890173410404624,0.006915031549831446,0.16216216216216214,0.5714285714285714,0.0723334695545566,0.008992805755395683,0.18010115068707974,1.6566757493188011,0.29406474820143885,0.0015758035773216286,YGL159W,non_ess,non_ess
0.017341040462427744,0.0047540841905091185,0.0,0.7777777777777778,0.027584797711483453,0.013186813186813187,0.3972323972323973,0.4506172839506173,0.38461538461538464,0.00210989010989011,YLR068W,non_ess,non_ess
0.02023121387283237,0.0035439536692886157,0.13513513513513514,1.7142857142857142,0.03821005312627708,0.011456628477905071,0.3241091926735671,0.5866514979142966,0.5204582651391162,0.0008492110057746349,YDR041W,ess,non_ess
0.03468208092485549,0.005359149451119371,0.0,1.375,0.2668573763792399,0.0030241935483870967,0.12419754637667915,0.6380475049030289,0.40095766129032256,0.00027371707791812815,YAL063C,non_ess,non_ess
0.10982658959537572,0.03898349036217478,0.10810810810810813,0.9090909090909092,0.018185533306089092,0.11987381703470032,1.836827559252952,1.7339601769911503,0.19558359621451105,0.002544011397171059,YIL054W,non_ess,non_ess
0.031791907514450865,0.01702826519145994,0.13513513513513514,1.5555555555555556,0.045361667347772784,0.015363128491620113,0.3347717614477391,0.7232084155161078,0.37988826815642457,0.001499342753861321,YDR383C,non_ess,non_ess
0.0028901734104046237,8.643789437289306e-05,0.0,0.0,0.029423784225582342,0.002074688796680498,0.05658945934229269,0.13219616204690832,1.0,0.001760472443656273,YBR113W,non_ess,non_ess
0.049132947976878616,0.007001469444204339,0.054054054054054064,1.4444444444444444,0.1863506334286882,0.006101938262742283,0.1704744826682315,0.4738802000212789,0.1037329504666188,0.0005564152944654067,YGR056W,non_ess,non_ess
0.008670520231213872,0.00112369262684761,0.0,0.7,0.04849475548290424,0.003937007874015748,0.10209424083769633,2.6858638743455496,1.0,0.0009954464353373153,YDL075W,non_ess,non_ess
0.0,0.0,0.0,0.0,0.04127503064977524,0.0,0.0,0.0,1.0,0.0006460068411659728,YLR363C,non_ess,ess
0.008670520231213872,0.001210130521220503,0.0,0.07142857142857142,0.04331834899877402,0.004373177842565598,0.10440313900828542,0.940711462450593,0.3892128279883382,0.0014686452430089213,YOR232W,ess,non_ess
0.04046242774566474,0.012533494684069495,0.027027027027027032,0.5833333333333334,0.061095218635063335,0.014783526927138331,0.5172981583233405,0.8933200398803591,0.2217529039070749,0.0011062503142756576,YPR114W,non_ess,non_ess
0.1791907514450867,0.08591926700665571,0.10810810810810813,1.9333333333333331,0.10441356763383736,0.03916614024005054,0.6665439719592853,1.4645669291338583,0.06632975363234365,0.0013837499623980988,YDR072C,non_ess,non_ess
0.0,0.0,0.027027027027027032,0.9,0.022067838169186758,0.0,0.0,0.0,1.0,0.002201950298836112,YMR325W,non_ess,non_ess
0.04046242774566474,0.010891174690984528,0.027027027027027032,0.4545454545454545,0.10032693093583983,0.009192383453709785,0.23179559511360776,1.6419753086419753,0.195666447800394,0.001337434505369568,YER090W,non_ess,non_ess
0.09248554913294796,0.02160947359322327,0.054054054054054064,0.84,0.1176951369023294,0.01799775028121485,0.4837203568731991,0.7127742510301815,0.10911136107986502,0.0005682279405795924,YHR096C,non_ess,non_ess
0.02890173410404624,0.01149623995159478,0.027027027027027032,1.0,0.0995096035962403,0.006618133686300464,0.13900487335298714,0.7305785123966941,0.2554599602911979,0.0007852604218460138,YDL189W,non_ess,non_ess
0.026011560693641616,0.012101305212205031,0.054054054054054064,2.6,0.10747854515733553,0.005528255528255528,0.1902664427790056,1.243718592964824,0.4932432432432433,0.0007664746145443531,YGL028C,non_ess,non_ess
0.3352601156069364,0.14694442043391825,0.027027027027027032,0.8,0.0715161422149571,0.10545454545454544,2.6993155893536125,1.640450937229004,0.06363636363636363,0.0011168831168831168,YMR251W,non_ess,non_ess
0.031791907514450865,0.0076929725991874845,0.0,0.6666666666666666,0.12607274213322436,0.005786428195686482,0.13608691189489486,0.30691056910569103,0.20199894792214626,0.0004739829914080309,YDR456W,non_ess,ess
0.06647398843930635,0.01849770939579912,0.027027027027027032,2.0769230769230766,0.15079689415610953,0.010159010600706713,0.3996621752805498,0.763986013986014,0.19081272084805653,0.0004519205601361078,YER098W,non_ess,non_ess
0.0057803468208092465,0.0007779410493560378,0.027027027027027032,2.0,0.009603596240294238,0.010471204188481676,0.36923632424625386,0.5011494252873564,0.450261780104712,0.008036040423718494,YPL038W-A,non_ess,non_ess
0.05202312138728323,0.013570749416544212,0.0,2.1666666666666665,0.2505108295872497,0.004828326180257511,0.3616378880127758,0.5994832041343671,0.1697961373390558,0.0003008698953820285,YDR097C,non_ess,non_ess
0.017341040462427744,0.006223528394848302,0.027027027027027032,1.5,0.03841438496117695,0.009771986970684038,0.33917102955333706,0.3732057416267942,0.1758957654723127,0.0018850283508263965,YLR456W,non_ess,non_ess
0.18208092485549127,0.06845881234333133,0.16216216216216214,1.2058823529411764,0.030854107069881488,0.12524850894632206,2.430690306112849,1.5489886806457596,0.1908548707753479,0.0010147448641484426,YKR040C,non_ess,non_ess
0.06358381502890173,0.011409802057221884,0.08108108108108109,2.0,0.0741724560686555,0.019315188762072,0.4465339337468257,0.6045400238948626,0.22388059701492533,0.0005887517430150287,YGL185C,non_ess,non_ess
0.1676300578034682,0.038724176679056095,0.13513513513513514,1.2272727272727273,0.1810380057212914,0.02141802067946824,0.4025809050624413,1.1464801864801866,0.08308714918759233,0.0007959954045626129,YIL047C,non_ess,non_ess
0.06647398843930635,0.009940357852882704,0.13513513513513514,1.3333333333333333,0.09705762157744176,0.015593220338983053,0.4092620599739245,1.0293706293706295,0.1342372881355932,0.0007361753124464992,YCR045C,non_ess,non_ess
0.011560693641618495,0.00561846313423805,0.027027027027027032,0.875,0.04168369431957498,0.006042296072507553,0.11032472059662393,0.3650349650349651,0.2447129909365559,0.002629517735257917,YNL093W,non_ess,non_ess
0.0838150289017341,0.014262252571527356,0.0,0.4117647058823529,0.10993052717613404,0.017427884615384616,0.4985400169683258,0.9666666666666668,0.058894230769230775,0.0012264521193092624,YNL117W,non_ess,non_ess
0.06069364161849713,0.01486731783213761,0.2702702702702703,0.8,0.05496526358806703,0.024504084014002333,1.6870797411079304,1.0397799407532795,0.2415402567094516,0.0009470177396715877,YDR098C,non_ess,non_ess
0.0,0.0,0.027027027027027032,1.1111111111111112,0.004086636697997548,0.0,0.0,0.0,1.0,0.0070247933884297524,YDL232W,non_ess,non_ess
0.04046242774566474,0.0060506526061025155,0.2972972972972973,0.25,0.056599918267266035,0.015891032917139614,0.5624092139415635,0.7897435897435897,0.3518728717366629,0.0006004906447951375,YGR222W,non_ess,non_ess
0.08959537572254335,0.08220243754862132,0.054054054054054064,1.4615384615384617,0.017572537801389457,0.10064935064935067,2.5992939099735217,0.9697950377562028,0.20454545454545456,0.002782931354359925,YEL059W,non_ess,non_ess
0.08959537572254335,0.031722707234851766,0.08108108108108109,1.48,0.03677973028197794,0.05254237288135593,1.0789658368644066,1.4849917763157894,0.08813559322033898,0.003846153846153847,YPR037C,non_ess,non_ess
0.023121387283237,0.0035439536692886157,0.027027027027027032,1.0,0.017163874131589704,0.026490066225165563,0.5062404482934284,0.40625,0.4105960264900662,0.002616962187566759,YDR114C,non_ess,non_ess
0.04046242774566474,0.006569279972339874,0.10810810810810813,0.7142857142857143,0.045565999182672665,0.01947148817802504,0.6134445989800649,1.3185185185185184,0.15438108484005564,0.0020549060882857823,YJR135C,non_ess,non_ess
0.008670520231213872,0.0014694442043391822,0.054054054054054064,0.6666666666666666,0.04965263588067021,0.003851091142490373,0.08162014063188551,1.3656716417910448,0.4878048780487805,0.002114721978244713,YAL009W,non_ess,non_ess
0.09826589595375723,0.026882185149969744,0.40540540540540543,0.7272727272727273,0.10196158561503883,0.02197802197802198,0.9399624765478424,1.1575203252032522,0.15255332902391727,0.000586153627030995,YDL159W,non_ess,non_ess
0.06936416184971098,0.021523035698850376,0.027027027027027032,2.25,0.059460563955864326,0.02600216684723727,0.4475209297744509,1.2160000000000002,0.13434452871072589,0.0018872540453639952,YDL119C,non_ess,non_ess
0.03468208092485549,0.008211599965424842,0.054054054054054064,1.0909090909090908,0.058643236616264825,0.013172338090010977,0.2054451084820642,0.8543209876543209,0.8441273326015367,0.00022981647512914687,YFR031C-A,non_ess,non_ess
0.08670520231213873,0.010199671536001384,0.13513513513513514,1.0833333333333333,0.08561503882304862,0.022953328232593728,0.7692773868052453,0.7534411977783145,0.06962509563886764,0.01098901098901099,YLR113W,non_ess,non_ess
0.0028901734104046237,0.0004321894718644654,0.0,0.3,0.015733551287290558,0.0035587188612099642,0.08153184256652679,0.15609452736318408,0.3807829181494662,0.003325905477766323,YDR070C,non_ess,non_ess
0.06069364161849713,0.015385945198374969,0.08108108108108109,2.142857142857143,0.14241928892521455,0.009808500700607192,0.1926162094104746,0.6695652173913045,0.13124708080336292,0.0006166673038341412,YNL101W,non_ess,non_ess
0.04046242774566474,0.01097761258535742,0.054054054054054064,1.4761904761904765,0.1863506334286882,0.005025125628140704,0.12691233947515354,0.4,0.20459440057430006,0.0003186357854435083,YER075C,non_ess,non_ess
0.15895953757225434,0.055147376609905784,0.054054054054054064,1.2857142857142858,0.2496253916360169,0.014804845222072678,0.32895880678684114,0.9668643181025464,0.11117092866756394,0.0003486943514773886,YGL251C,non_ess,non_ess
0.011560693641618495,0.0017287578874578616,0.0,1.5454545454545454,0.09378831221904374,0.002803083391730904,0.1420873305463596,0.33004926108374383,0.4078486334968465,0.0004551398290697086,YMR211W,ess,ess
0.08092485549132948,0.025153427262511883,0.4864864864864865,0.05714285714285716,0.020841847159787496,0.07865168539325842,8.21123595505618,27.16,0.5758426966292135,0.004878048780487805,YLR162W,non_ess,non_ess
0.026011560693641616,0.0026795747255596854,0.16216216216216214,0.8,0.06048222313036373,0.009594882729211088,0.461828028001585,0.7632743362831859,0.17057569296375266,0.002751865671641791,YCL049C,non_ess,non_ess
0.01445086705202312,0.011582677845967672,0.08108108108108109,2.6,0.032897425418880265,0.009380863039399627,0.23907539299440794,0.7119741100323626,0.476547842401501,0.0018244670635682734,YOL067C,non_ess,non_ess
0.0028901734104046237,8.643789437289306e-05,0.0,0.13043478260869565,0.07131181038005723,0.0009115770282588881,0.06084607853067287,0.191358024691358,0.8842297174111212,0.0006409232301778985,YIL083C,ess,ess
0.02890173410404624,0.007087907338577231,0.08108108108108109,0.7692307692307693,0.15263588067020842,0.004364906154517678,0.11114596973665067,0.34143518518518523,0.16848537756438234,0.00032680255923720435,YOR361C,ess,non_ess
0.05491329479768786,0.01149623995159478,0.10810810810810813,1.2105263157894737,0.07110747854515734,0.01736745886654479,0.40306977452772697,1.1176470588235292,0.12340036563071298,0.0011307468345859572,YPL081W,non_ess,non_ess
0.0838150289017341,0.017633330452070186,0.40540540540540543,1.6666666666666667,0.12729873314262366,0.015112037519541427,0.2839174048983846,1.192434210526316,0.1938509640437728,0.0004426588669053663,YJR130C,non_ess,non_ess
0.011560693641618495,0.0013830063099662892,0.0,0.5,0.1058438904781365,0.002493765586034913,0.1322809048806555,0.2406015037593985,0.451995012468828,0.00037148508040244215,YDR434W,ess,ess
0.08092485549132948,0.025153427262511883,0.4864864864864865,0.95,0.007355946056395587,0.17721518987341772,2.7110815012214085,0.9783625730994152,0.14556962025316456,0.006053935057787562,YML054C-A,non_ess,non_ess
0.01445086705202312,0.005272711556746477,0.054054054054054064,0.5555555555555556,0.022067838169186758,0.013368983957219251,0.7865309133057612,1.436781609195402,0.4545454545454545,0.0026895250078641077,YLR037C,non_ess,non_ess
0.03757225433526011,0.0060506526061025155,0.027027027027027032,0.9375,0.13771965672251738,0.006274131274131275,0.1578812468642977,0.3472008217770929,0.500965250965251,0.0002668853824923189,YMR301C,ess,non_ess
0.046242774566473986,0.0067421557610856594,0.054054054054054064,0.625,0.17572537801389454,0.006083650190114068,0.15753452071242746,0.5266985645933014,0.22661596958174904,0.0004197820705846327,YNL049C,non_ess,non_ess
0.04046242774566474,0.01521306940962918,0.08108108108108109,1.3793103448275863,0.1140171638741316,0.008120649651972156,0.2305290023201856,1.0304,0.3486078886310905,0.0008107137755712638,YGR055W,non_ess,non_ess
0.05202312138728323,0.00898954101478088,0.054054054054054064,1.0,0.13955864323661624,0.00857551214864221,0.1421899225339895,0.29969841668760994,0.07479752262982373,0.0009346276510197458,YJL156C,ess,non_ess
0.01445086705202312,0.0019880715705765406,0.0,0.125,0.08438904781364938,0.003878975950349108,0.10982535725072397,0.3625954198473281,0.3723816912335143,0.0005737651926558053,YPR186C,ess,ess
0.06936416184971098,0.015645258881493648,0.0,1.1666666666666667,0.14262362076011445,0.011194029850746268,0.23537313432835816,0.7163636363636362,0.11287313432835824,0.0010195664240779574,YOL017W,non_ess,non_ess
0.008670520231213872,0.0013830063099662892,0.0,0.2222222222222222,0.08561503882304862,0.002295332823259373,0.06947721705361562,0.19495798319327728,0.5271614384085692,0.0004364130621871957,YHR118C,ess,ess
0.06647398843930635,0.012447056789696605,0.32432432432432434,0.2222222222222222,0.08990600735594606,0.016788321167883213,0.5951710425972329,0.9530636292223094,0.2605839416058394,0.0004927518452636533,YNL040W,non_ess,non_ess
0.0722543352601156,0.014694442043391822,0.0,1.3571428571428572,0.10257458111973848,0.01606683804627249,0.4009236563639624,0.9572975140336808,0.10604113110539844,0.001121757419957934,YLR392C,non_ess,non_ess
0.10404624277456646,0.04875097242631169,0.0,2.875,0.10339190845933798,0.02295918367346939,0.9141156462585034,1.140096618357488,0.24489795918367346,0.0026041666666666665,YDL156W,non_ess,non_ess
0.03468208092485549,0.007260783127323019,0.027027027027027032,1.2142857142857142,0.06313853698406212,0.012282497441146366,0.4120044031594601,1.6289308176100628,0.4165813715455476,0.001803143051863625,YKL163W,non_ess,non_ess
0.031791907514450865,0.012792808367188177,0.2432432432432433,0.5555555555555556,0.012872905598692277,0.04602510460251046,1.4034743922461737,2.958860759493672,0.3179916317991632,0.00434926227703149,YMR175W,non_ess,non_ess
0.15895953757225434,0.040625810355259744,0.13513513513513514,1.8333333333333333,0.08193706579485084,0.04389465283320032,0.7186292720479699,0.7408025825123838,0.09177972865123704,0.00110343870363302,YGL004C,non_ess,non_ess
0.03468208092485549,0.006396404183594088,0.16216216216216214,0.5,0.02370249284838578,0.03015075376884422,1.2872696817420437,7.833333333333332,0.4849246231155779,0.0051813471502590676,YOR200W,non_ess,non_ess
0.017341040462427744,0.003111764197424151,0.08108108108108109,1.0,0.020024519820187988,0.017441860465116282,0.3789867109634552,0.5089285714285714,0.28488372093023256,0.005665638348362601,YBL065W,non_ess,non_ess
0.046242774566473986,0.012706370472815282,0.10810810810810813,1.2857142857142858,0.04188802615447487,0.02406015037593985,1.0583742374804936,0.5347708894878705,0.26165413533834586,0.0011753521735372915,YNL036W,non_ess,non_ess
0.031791907514450865,0.013570749416544212,0.13513513513513514,1.5882352941176472,0.037188393951777685,0.018456375838926176,0.7876036320568496,1.4215686274509804,0.8456375838926175,0.0005459678278470221,YJL217W,non_ess,non_ess
0.0,0.0,0.054054054054054064,0.7,0.07172047404985697,0.0,0.0,0.0,0.5022665457842248,0.0004762200889598764,YPL209C,ess,ess
0.12716763005780346,0.08911746909845276,0.027027027027027032,1.5714285714285714,0.04515733551287291,0.06171107994389901,2.43873045556075,0.8368368368368371,0.1150070126227209,0.002206410563404372,YNR057C,non_ess,non_ess
0.04046242774566474,0.02696862304434264,0.054054054054054064,1.2,0.020841847159787496,0.03932584269662921,1.4153942187650053,2.393162393162393,0.11797752808988765,0.005952380952380952,YDL162C,non_ess,non_ess
0.05780346820809248,0.013830063099662893,0.1891891891891892,1.0357142857142858,0.08745402533714754,0.014992503748125937,0.3322706877608127,0.9827517047733652,0.1656671664167916,0.0006682179272354772,YLR303W,non_ess,non_ess
0.02023121387283237,0.004667646296136226,0.0,0.9166666666666666,0.028606456885982838,0.014893617021276596,0.3989428609661448,0.5833333333333334,0.3723404255319149,0.002006079027355623,YPL071C,non_ess,non_ess
0.0028901734104046237,0.00017287578874578615,0.0,1.0,0.04372701266857377,0.0014450867052023119,0.10034852091125468,0.09558823529411767,0.5563583815028902,0.0006718714811200363,YOL102C,ess,ess
0.008670520231213872,0.0009508168381018238,0.0,0.3333333333333333,0.10563955864323664,0.0018738288569643974,0.07295299988069255,0.2202247191011236,0.6089943785134291,0.0001736094428161886,YDR195W,non_ess,ess
0.08959537572254335,0.0236839830581727,0.027027027027027032,0.8,0.11667347772783,0.017583664208735108,0.7262242389865758,0.8725490196078431,0.20873511060692,0.00039458433006979215,YIL036W,non_ess,non_ess
0.06936416184971098,0.01832483360705333,0.0,0.7391304347826086,0.16571311810380054,0.009665726943213855,0.39060449768100497,0.8678459937565035,0.16190092629883207,0.00044181028005361837,YIL107C,non_ess,non_ess
0.01445086705202312,0.0005186273662373584,0.13513513513513514,1.1555555555555554,0.06620351450756028,0.004892367906066536,0.11666073652375022,0.16582491582491582,0.175146771037182,0.0009784735812133072,YJR105W,non_ess,non_ess
0.0028901734104046237,0.0008643789437289308,0.054054054054054064,0.3333333333333333,0.0905190028606457,0.0007251631617113853,0.02558989234116138,0.04258241758241759,0.3386511965192168,0.00044410420610161913,YOR056C,ess,ess
0.03468208092485549,0.01858414729017201,0.2702702702702703,1.25,0.0063342868818962,0.08391608391608392,1.8416849422766584,0.6769230769230771,0.3216783216783217,0.00562480997263606,YBR103C-A,non_ess,non_ess
0.008670520231213872,0.0010372547324747168,0.0,1.1666666666666667,0.10359624029423783,0.0019096117122851689,0.05547265498638227,0.2093316519546028,0.3418204964990452,0.0003259734456104416,YGL078C,non_ess,ess
0.05491329479768786,0.0112369262684761,0.0,4.2,0.10829587249693504,0.011585365853658536,0.4104921345071439,1.598948060486522,0.3426829268292683,0.0006401354049127678,YFL011W,non_ess,non_ess
0.008670520231213872,0.0006050652606102515,0.0,0.0,0.05394360441356764,0.003562945368171021,0.07361878026961162,0.35064935064935066,0.8539192399049881,0.000796170453156436,YJL203W,ess,ess
0.0028901734104046237,0.0008643789437289308,0.0,1.1076923076923078,0.07458111973845526,0.0008733624454148473,0.08344464423323915,0.5661764705882352,0.188646288209607,0.0037077470483584014,YNL336W,non_ess,non_ess
0.07514450867052022,0.03526666090414037,0.13513513513513514,1.1,0.06395586432366163,0.0262891809908999,2.268733850129199,0.96,0.12537917087967645,0.0024788805897126447,YOR142W,non_ess,non_ess
0.02890173410404624,0.003976143141153081,0.2972972972972973,2.8181818181818183,0.0253371475275848,0.023696682464454968,0.3971511027562286,0.7905027932960894,0.22748815165876776,0.002912717219589257,YDL123W,non_ess,non_ess
0.01445086705202312,0.002160947359322327,0.027027027027027032,1.3333333333333333,0.1223947691050266,0.0027070925825663237,0.16695408637296386,0.7201646090534979,0.9848402815376286,0.00013572668693240722,YCL073C,non_ess,non_ess
0.02023121387283237,0.001901633676203648,0.0,0.6521739130434783,0.10359624029423783,0.004455760661998727,0.09170932047469983,0.3296232876712329,0.4086569064290261,0.00038668149937238615,YOR359W,non_ess,ess
0.011560693641618495,0.0016423199930849686,0.027027027027027032,0.16666666666666666,0.05264950279253508,0.004860267314702308,0.08699088205948888,0.21571815718157186,0.5953827460510328,0.00042651325414734553,YLR078C,ess,ess
0.11560693641618495,0.013397873627798429,0.0,1.0588235294117647,0.30608908868001633,0.008802816901408451,0.2672717338513842,1.078503301540719,0.3974471830985916,0.00010199277057695009,YDR334W,non_ess,non_ess
0.06647398843930635,0.038205549312818735,0.10810810810810813,1.1,0.09154066203514508,0.016499282639885218,0.5734397417503586,0.8250000000000001,0.10903873744619802,0.0006135316771124367,YBR199W,non_ess,non_ess
0.2658959537572254,0.09827988590197942,0.2972972972972973,2.2857142857142856,0.07866775643645281,0.07634854771784233,1.73577266440337,1.247208931419458,0.15767634854771784,0.0007075780738152435,YBL013W,non_ess,non_ess
0.049132947976878616,0.01573169677586654,0.16216216216216214,1.625,0.07131181038005723,0.015496809480401094,0.7030259910620985,1.0797764227642277,0.19143117593436645,0.0011069149628857924,YML131W,non_ess,non_ess
0.026011560693641616,0.002506698936813899,0.0,2.0,0.0588475684511647,0.009846827133479213,0.3606342651092551,0.4051367025683513,0.23304157549234136,0.0011249113939655435,YLR455W,non_ess,non_ess
0.03757225433526011,0.005272711556746477,0.10810810810810813,0.0,0.14814058030241112,0.005842696629213483,0.11537738153395212,0.6919757033248082,0.2579775280898877,0.0005833300708609013,YMR078C,non_ess,non_ess
0.0953757225433526,0.021004408332613016,0.027027027027027032,1.1851851851851851,0.07478545157335513,0.02874564459930314,0.5562830167472181,0.8959417273673257,0.07317073170731707,0.0014206902273104366,YAL060W,non_ess,non_ess
0.0057803468208092465,0.0008643789437289308,0.0,1.0,0.08479771148344913,0.0015444015444015446,0.03629533359263089,0.19656019656019647,0.5444015444015444,0.0005651852460363099,YDL005C,non_ess,ess
0.008670520231213872,0.0008643789437289308,0.0,1.6923076923076923,0.06777005857512601,0.002870813397129186,0.0570907117841464,0.4536082474226805,0.7234449760765551,0.0009531404268246373,YNL069C,non_ess,ess
0.02890173410404624,0.008038724176679056,0.16216216216216214,1.1875,0.0443400081732734,0.014265335235378032,0.2932127941151196,0.2718566573988261,0.0984308131241084,0.002129463085860779,YPL002C,non_ess,non_ess
0.04335260115606936,0.01374362520529,0.10810810810810813,0.5833333333333334,0.0741724560686555,0.013169446883230905,0.25238370058387616,0.6543456543456543,0.3450395083406497,0.0003596744611026592,YDR268W,non_ess,non_ess
0.09248554913294796,0.012274181000950816,0.0,1.0,0.256640784634246,0.008381351492928235,0.3140979063519154,1.1764705882352942,0.16657936092194867,0.0002458562716822993,YOR124C,non_ess,non_ess
0.023121387283237,0.003889705246780188,0.027027027027027032,1.5,0.08990600735594606,0.00583941605839416,0.17543859649122806,0.7578947368421052,0.1708029197080292,0.000835984777590617,YPR084W,non_ess,non_ess
0.0722543352601156,0.015299507304002076,0.13513513513513514,0.7272727272727273,0.10155292194523907,0.016223231667748216,0.6949502708286429,1.2976929902395742,0.21739130434782608,0.0004435964241091751,YMR283C,non_ess,non_ess
0.026011560693641616,0.0067421557610856594,0.16216216216216214,1.875,0.055782590927666534,0.010356731875719215,0.15185447463928475,0.4679487179487179,0.19677790563866512,0.001029616619223548,YFR032C,non_ess,non_ess
0.023121387283237,0.00561846313423805,0.027027027027027032,1.0833333333333333,0.08091540662035146,0.006462035541195477,0.20337461856040207,0.6666666666666667,0.23424878836833604,0.001077934376914935,YOR051C,non_ess,non_ess
0.02890173410404624,0.0087302273316622,0.08108108108108109,1.2,0.01736820596648958,0.032786885245901634,0.7162394710624038,0.8908839779005525,0.12131147540983607,0.010190518387239698,YMR320W,non_ess,non_ess
0.02890173410404624,0.0044083326130175465,0.4324324324324325,0.8125,0.04127503064977524,0.01524390243902439,0.3487042682926829,0.3342490842490842,0.22865853658536586,0.0009146341463414637,YJR074W,non_ess,non_ess
0.017341040462427744,0.002506698936813899,0.10810810810810813,0.3333333333333333,0.03555373927257867,0.01048951048951049,0.5225087412587414,0.5332031250000001,0.5087412587412588,0.0007389517698796049,YHR189W,non_ess,non_ess
0.017341040462427744,0.005532025239865157,0.054054054054054064,2.0,0.01961585615038824,0.017751479289940832,0.4570178984894704,1.7639751552795029,0.4378698224852071,0.006756756756756757,YIL020C-A,non_ess,non_ess
0.05202312138728323,0.009162416803526663,0.027027027027027032,1.8571428571428568,0.1076828769922354,0.011036174126302879,0.2382065306469335,0.8168316831683168,0.20478234212139795,0.0008866387396880061,YJL058C,non_ess,non_ess
0.011560693641618495,0.0020745094649494327,0.0,0.3333333333333333,0.28994687372292605,0.0009287206872533086,0.030839331321105175,0.25375,0.3984211748316694,0.0001020185603422195,YDR464W,ess,ess
0.023121387283237,0.003025326303051257,0.6216216216216217,1.2941176470588236,0.0253371475275848,0.018957345971563986,0.3739767341663076,0.9393939393939392,0.2298578199052133,0.002345238676894513,YJR044C,non_ess,non_ess
0.03468208092485549,0.005964214711729622,0.10810810810810813,1.25,0.05353494074376789,0.014354066985645932,0.6796776630571645,1.1929824561403508,0.17822966507177032,0.002175588452522398,YHR192W,non_ess,non_ess
0.07514450867052022,0.024289048318782952,0.08108108108108109,2.0,0.09297098487944422,0.018374558303886925,0.4722179086976501,1.1522025850699025,0.10742049469964664,0.0014552724567602753,YOL132W,non_ess,non_ess
0.06069364161849713,0.015385945198374969,0.054054054054054064,1.6,0.0659991826726604,0.020608439646712464,0.474289573374698,1.614858260019551,0.2139352306182532,0.0012469501490037904,YGR086C,non_ess,non_ess
0.1329479768786127,0.04226813034834472,0.08108108108108109,1.5,0.2529628116060482,0.012221041445270987,0.2751023464578934,0.578684169401469,0.08953241232731136,0.00028617198068851563,YJL197W,non_ess,non_ess
