hits_count,reads_count,hits_count_pro,ratio_hits_prom,orf_len,insertion_index,reads_by_len,NI,NI_ratio,HFI,HFI_ratio,orf,label,predictions
0.08959537572254335,0.02135015991010459,0.0,0.0,0.1040049039640376,0.019657577679137603,0.1566265060240964,0.5852818004396234,1.0913492998298648,0.17628408370323398,1.057034220532319,YOR377W,non_ess,non_ess
0.02890173410404624,0.0075200968104416985,0.0,0.0,0.04127503064977524,0.01524390243902439,0.1326219512195122,0.4778304727491719,0.778727445394112,0.2728658536585366,1.0406976744186047,YOR131C,non_ess,non_ess
0.01445086705202312,0.0037168294580344026,0.0,1.0,0.014303228442991419,0.019230769230769232,0.16538461538461538,0.5546853146853148,1.272727272727273,0.8,0.8286852589641435,YPR016W-A,non_ess,non_ess
0.008670520231213872,0.0016423199930849686,0.054054054054054064,0.5,0.010625255414793628,0.014563106796116504,0.09223300970873786,0.5632416396979504,0.9537037037037036,0.6941747572815534,1.1916666666666669,YPL096C-A,non_ess,non_ess
0.04624277456647399,0.01236061889532371,0.0,1.0,0.1898242746219861,0.005639760310186817,0.050405357772294684,0.24708742086253546,0.6504799548277809,0.6207261191399366,3.432748538011696,YIL075C,non_ess,non_ess
0.0722543352601156,0.021868787276341943,0.08108108108108109,3.0,0.0715161422149571,0.022727272727272728,0.23,0.5618181818181819,1.4296875000000002,0.16818181818181818,0.8980582524271844,YOR037W,non_ess,non_ess
0.15028901734104044,0.03768692194658138,0.054054054054054064,0.5,0.28238659583163056,0.012392755004766444,0.10390848427073404,0.4194306564544229,0.835423197492163,0.12011439466158245,0.9563567362428842,YJL042W,non_ess,non_ess
0.023121387283236997,0.009335292592272452,0.16216216216216214,1.5,0.056940471325432514,0.009029345372460496,0.12189616252821672,0.3574694680789489,3.6695156695156697,0.6749435665914221,0.8952095808383232,YPL241C,non_ess,non_ess
0.026011560693641616,0.006223528394848302,0.0,0.0,0.03228442991418063,0.01717557251908397,0.13740458015267176,0.3698039144748743,1.029790115098172,0.3454198473282443,1.0284090909090908,YGR131W,non_ess,non_ess
0.08092485549132948,0.033365027227936724,0.13513513513513514,0.8333333333333334,0.09889660809154067,0.018641810918774968,0.2569906790945406,0.3833584849829856,1.234074074074074,0.15579227696404793,0.7748344370860927,YDR516C,non_ess,non_ess
0.026011560693641616,0.006482842077966981,0.0,0.0,0.0768287699223539,0.00764006791171477,0.0636672325976231,0.23295505316772405,0.6414473684210525,0.3073005093378608,1.6759259259259258,YLR449W,non_ess,non_ess
0.02890173410404624,0.004840522084882012,0.10810810810810813,0.6666666666666666,0.07907642010625256,0.008257638315441783,0.046242774566473986,0.22944778833715984,0.8492663405958202,0.4004954582989265,1.197530864197531,YNL175C,non_ess,non_ess
0.01445086705202312,0.0030253263030512573,0.0,0.0,0.15161422149570905,0.0021968365553602814,0.015377855887521968,0.06447638477515456,0.15984015984015987,0.6370826010544816,3.0526315789473686,YBL084C,ess,ess
0.008670520231213872,0.007433658916068805,0.027027027027027032,1.0,0.019615856150388238,0.008875739644970414,0.25443786982248523,0.4692906898359674,0.5506329113924051,1.0,1.0,YKL177W,non_ess,non_ess
0.12427745664739885,0.04140375140461578,0.027027027027027032,2.0,0.2635880670208419,0.01096938775510204,0.1221938775510204,0.2014536767087788,1.1057142857142856,0.190561224489796,1.2367549668874174,YGR014W,non_ess,non_ess
0.008670520231213872,0.0044083326130175465,0.027027027027027032,1.0,0.01736820596648958,0.009836065573770493,0.16721311475409836,0.2308916895669478,1.0462427745664742,0.5245901639344263,0.8602150537634409,YOR170W,non_ess,non_ess
0.011560693641618495,0.008643789437289308,0.16216216216216214,1.2,0.03821005312627708,0.006546644844517185,0.16366612111292966,0.2158647026732133,1.0333333333333332,0.6170212765957447,0.8568181818181818,YDL072C,non_ess,non_ess
0.10982658959537572,0.016768951508341255,0.0,0.0,0.2948508377605231,0.008677780315140445,0.04430235213519068,0.21834205302289705,0.8979846620296059,0.20666818908426585,1.2329700272479565,YEL022W,non_ess,non_ess
0.0,0.0,0.0,0.0,0.02165917449938701,0.0,0.0,0.0,0.0,1.0,3.0413223140495864,YKL058W,non_ess,non_ess
0.02890173410404624,0.009767482064136915,0.08108108108108109,3.0,0.05680425010216592,0.011312217194570135,0.12782805429864252,0.23251860643374625,0.7559198542805099,0.5746606334841629,1.2699999999999998,YPR005C,non_ess,non_ess
0.10404624277456646,0.030080387241766787,0.0,0.0,0.2441765427053535,0.009903713892709769,0.09573590096286108,0.4088607854811226,0.602161605764282,0.11746905089408527,1.278443113772455,YPR026W,non_ess,non_ess
0.03468208092485549,0.010804736796611637,0.0,0.0,0.11013485901103393,0.007198560287942413,0.07498500299940011,0.2115891428455882,0.6496424923391215,0.1913617276544691,0.8439153439153438,YNL219C,non_ess,non_ess
0.03757225433526011,0.0075200968104416985,0.0,1.0,0.07192480588475685,0.011754068716094029,0.07866184448462929,0.2984538400451601,0.6635543106131341,0.21609403254972875,1.2256410256410255,YGR173W,non_ess,non_ess
0.05491329479768786,0.010631861007865848,0.08108108108108109,6.0,0.10563955864323664,0.011867582760774516,0.07682698313554029,0.30427163578319105,0.7791005291005291,0.2036227357901312,1.7912087912087913,YJL153C,non_ess,non_ess
0.049132947976878616,0.024375486213155845,0.32432432432432434,1.5,0.010625255414793628,0.0825242718446602,1.3689320388349515,1.6261909082660375,1.8838451268357808,1.0,1.0,YBR126W-A,non_ess,non_ess
0.20231213872832368,0.09050047540841903,0.5405405405405406,1.3333333333333333,0.02697180220678382,0.15695067264573992,2.3475336322869955,2.930813581037796,0.9839650145772594,0.1188340807174888,0.6385542168674698,YGR203W,non_ess,non_ess
0.026011560693641616,0.003803267352407295,0.0,0.0,0.16510012259910095,0.003637833468067906,0.017784963621665317,0.13676571604805585,0.40909090909090906,0.2716248989490703,1.1914893617021276,YHR205W,ess,ess
0.19653179190751446,0.03725473247471692,0.0,0.0,0.5427053534940744,0.008480917934647045,0.053754053379895236,0.27355287338182965,0.7172291993720565,0.08318782738837616,1.1847246891651866,YGL195W,non_ess,non_ess
0.023121387283236997,0.0030253263030512573,0.054054054054054064,0.6666666666666666,0.052717613404168376,0.009708737864077669,0.04247572815533982,0.8761677962996884,0.7698113207547169,0.33859223300970875,1.2455357142857144,YDR319C,non_ess,non_ess
0.09826589595375723,0.022300976748206414,0.08108108108108109,1.5,0.12607274213322436,0.01788532351394003,0.13571804313519198,0.6196162077637579,1.4985110184633708,0.09573908469226723,0.41935483870967744,YIL092W,non_ess,non_ess
0.0,0.0,0.0,1.0,0.017776869636289334,0.0,0.0,0.0,0.0,1.0,1.0,YHR165W-A,non_ess,non_ess
0.03468208092485549,0.006655717866712767,0.054054054054054064,1.0,0.05714480316033239,0.013498312710911136,0.08661417322834647,0.460485296480797,0.7012987012987011,0.29021372328458944,1.984615384615385,YNL246W,non_ess,non_ess
0.011560693641618495,0.002506698936813899,0.08108108108108109,1.0,0.01818553330608909,0.012618296529968454,0.0914826498422713,0.2897701667417756,0.5612244897959183,0.35331230283911674,0.6256983240223464,YGR181W,non_ess,non_ess
0.04046242774566474,0.013138559944679749,0.027027027027027032,0.5,0.04372701266857377,0.02023121387283237,0.21965317919075145,0.4665231828803345,1.1698259187620892,0.36560693641618497,0.9233576642335768,YOR283W,non_ess,non_ess
0.06936416184971098,0.016163886247731005,0.0,0.0,0.08398038414384963,0.018706157443491817,0.14575214341387374,0.7607170693686672,0.9382716049382716,0.2088854247856586,1.0938775510204082,YDL155W,non_ess,non_ess
0.04335260115606936,0.0076929725991874845,0.0,0.0,0.044135676338373515,0.02148997134670487,0.12750716332378226,0.6708555055259926,0.7392857142857143,0.5358166189111748,2.280487804878049,YDR020C,non_ess,non_ess
0.06647398843930635,0.013397873627798429,0.0,1.0,0.15059256232120966,0.01017249004865104,0.06855373728438742,0.2639618562624263,0.7125302872966426,1.0,4.7006237006237015,YLR054C,non_ess,non_ess
0.023121387283236997,0.0029388884086783643,0.0,0.0,0.16571311810380054,0.0032219089810712853,0.01369311316955296,0.0775996778091019,0.29066666666666674,0.2513089005235602,1.2813141683778235,YNL216W,ess,ess
0.008670520231213872,0.0010372547324747168,0.0,1.0,0.10359624029423783,0.0019096117122851689,0.007638446849140674,0.05547265498638227,0.2093316519546028,0.4423933800127308,2.5272727272727282,YGL078C,ess,ess
0.0722543352601156,0.019102774656409367,0.10810810810810813,1.0,0.06007355946056396,0.02682403433476395,0.2371244635193133,0.5290062812947067,0.9558475378787876,0.1405579399141631,0.5390946502057614,YGL161C,non_ess,non_ess
0.023121387283236997,0.004321894718644654,0.08108108108108109,1.5,0.034940743767879034,0.014209591474245116,0.08880994671403197,0.4037110836616747,1.3888324873096451,0.4156305506216697,1.21875,YML022W,non_ess,non_ess
0.026011560693641616,0.007433658916068805,0.027027027027027032,2.0,0.06722517368205967,0.008678881388621022,0.08293153326904533,0.2867103028647989,1.2444690265486724,0.3915139826422373,0.6601626016260163,YGL138C,non_ess,non_ess
0.017341040462427744,0.002160947359322327,0.10810810810810813,2.0,0.0479498705898379,0.007957559681697613,0.033156498673740056,0.1642587053445454,0.7173252279635258,0.5649867374005305,1.8684210526315792,YKR094C,non_ess,non_ess
0.02890173410404624,0.010286109430374276,0.08108108108108109,0.75,0.1275030649775235,0.005202913631633715,0.06191467221644121,0.1109216906148294,0.20301418439716312,0.5868886576482829,3.7979797979797976,YJL127C,non_ess,non_ess
0.0953757225433526,0.037946235629700065,0.2972972972972973,1.2222222222222223,0.06824683285655905,0.03136882129277566,0.4173003802281369,0.7945706510200536,1.3022760766333714,1.0,8.552845528455284,YKL150W,non_ess,non_ess
0.08670520231213873,0.023424669375054018,0.08108108108108109,6.0,0.1409889660809154,0.014150943396226415,0.12783018867924528,0.20780095914866809,0.6029684601113172,0.1400943396226415,1.120754716981132,YMR006C,non_ess,non_ess
0.0,0.0,0.027027027027027032,0.25,0.04965263588067021,0.0,0.0,0.0,0.0,1.0,1.0,YLR323C,ess,non_ess
0.0,0.0,0.0,0.0,0.061912545974662864,0.0,0.0,0.0,0.0,1.0,3.6603053435114505,YDR353W,ess,ess
0.008670520231213872,0.0005186273662373584,0.08108108108108109,1.5,0.04495300367797303,0.004225352112676056,0.008450704225352112,0.0823172612316233,0.6824817518248173,0.7774647887323943,1.4798927613941018,YJR099W,non_ess,non_ess
0.005780346820809247,0.0007779410493560378,0.0,0.0,0.04127503064977524,0.003048780487804878,0.013719512195121951,0.08653216565722703,0.2181208053691276,0.7987804878048781,2.328888888888889,YDR236C,ess,ess
0.02890173410404624,0.011582677845967672,0.0,0.0,0.028606456885982838,0.02127659574468085,0.2851063829787234,0.7753279682504685,0.4566062176165802,0.5702127659574469,1.1703056768558953,YOR013W,non_ess,non_ess
0.02023121387283237,0.0045812084017633325,0.0,0.0,0.0570085819370658,0.007891770011273957,0.059751972942502826,0.2292688865247101,0.6342723004694836,0.3494926719278467,1.5422885572139302,YDR054C,non_ess,non_ess
0.017341040462427744,0.011064050479730312,0.10810810810810813,1.0,0.01838986514098897,0.01875,0.4,0.4275528169014085,0.602112676056338,0.4625,1.383177570093458,YBL070C,non_ess,non_ess
0.04335260115606936,0.00950816838101824,0.027027027027027032,0.5,0.12382509194932573,0.008029978586723769,0.05888650963597431,0.27901545683214424,0.9563318777292578,1.0,2.4165588615782663,YHR206W,non_ess,non_ess
0.03468208092485549,0.007433658916068805,0.10810810810810813,1.0,0.01818553330608909,0.03785488958990536,0.2712933753943217,0.9760455886842372,1.1922580645161291,0.2870662460567823,0.5,YDR278C,non_ess,non_ess
0.0,0.0,0.0,1.0,0.03821005312627708,0.0,0.0,0.0,0.0,1.0,1.0,YHR214W,non_ess,non_ess
0.0722543352601156,0.10873887112109948,0.027027027027027032,0.3333333333333333,0.16489579076420108,0.010117361392148928,0.5091056252529339,0.35828106029947393,0.8409926470588236,0.5920679886685553,2.5848056537102475,YHR172W,non_ess,non_ess
0.04624277456647399,0.009940357852882704,0.027027027027027032,2.0,0.1575398447078055,0.006771053745239103,0.04866694879390605,0.3301282366719484,1.0790697674418608,0.13118916631400762,0.7242990654205608,YDR239C,non_ess,non_ess
0.1213872832369942,0.03310571354481805,0.027027027027027032,1.0,0.15672251736820594,0.01786473840918758,0.16290940025521056,0.3032203180527161,0.7068723702664798,0.18715440238196512,1.6117216117216118,YAL053W,non_ess,non_ess
0.008670520231213872,0.00112369262684761,0.0,0.0,0.2061708214139763,0.0009749756256093598,0.004224894377640559,0.032020985189655966,0.08940092165898618,0.8836529086772831,8.444099378881987,YDR060W,ess,ess
0.02023121387283237,0.003284639986169937,0.054054054054054064,0.6666666666666666,0.05230894973436862,0.008557457212713936,0.04645476772616137,0.1950924406336872,1.241780821917808,0.5660146699266504,0.8282647584973166,YGR152C,non_ess,non_ess
0.03468208092485549,0.005186273662373585,0.10810810810810813,1.3333333333333333,0.02881078872088272,0.02536997885835095,0.12684989429175475,0.7375661274430084,0.7727114514444829,0.2389006342494715,0.8014184397163121,YOR044W,non_ess,non_ess
0.10115606936416184,0.024029734635664275,0.0,0.0,0.17613404168369434,0.013277693474962065,0.1054628224582701,0.7798216070172841,0.4090447154471545,0.1464339908952959,1.122093023255814,YFL003C,non_ess,non_ess
0.017341040462427744,0.0033710778805428297,0.0,0.0,0.06804250102165918,0.005719733079122974,0.037178265014299335,0.2051894160905544,0.6260504201680671,0.5338417540514776,2.4888888888888894,YNL084C,non_ess,non_ess
0.026011560693641616,0.007952286282306162,0.0,0.0,0.09440130772374336,0.006267409470752089,0.06406685236768803,0.10993811561324413,0.7097938144329897,0.2959610027855153,1.1871508379888271,YJL054W,non_ess,non_ess
0.005780346820809247,0.0006050652606102515,0.08108108108108109,1.5,0.09726195341234163,0.0013531799729364006,0.004736129905277402,0.05314306802804774,0.3022727272727273,0.506765899864682,1.269491525423729,YDR240C,non_ess,non_ess
0.02023121387283237,0.0014694442043391822,0.027027027027027032,0.5,0.17981201471189212,0.0026022304832713753,0.0063197026022304825,0.13042379182156133,0.7,0.6546468401486989,2.8176,YPL126W,ess,ess
0.10404624277456646,0.029388884086783643,0.0,1.0,0.13731099305271766,0.017424975798644726,0.16456921587608905,0.33394371289611496,0.7048192771084338,0.13746369796708616,0.7654986522911049,YJR110W,non_ess,non_ess
0.06358381502890173,0.012274181000950816,0.0,0.0,0.08949734368614631,0.016129032258064516,0.10410557184750734,0.4247091485986251,0.5364754098360656,0.14516129032258066,1.5114503816793894,YOR375C,non_ess,non_ess
0.0838150289017341,0.018670585184544904,0.027027027027027032,2.0,0.12689006947282389,0.015159435441714584,0.11291165708311553,0.3926192038226616,0.5947054436987321,0.10663878724516468,0.9622641509433962,YBR280C,non_ess,non_ess
0.011560693641618495,0.0026795747255596854,0.13513513513513514,1.6666666666666667,0.03248876174908051,0.007590132827324478,0.05882352941176471,0.4319650277424159,0.9186256781193493,0.4326375711574952,1.1875,YDR469W,non_ess,non_ess
0.09248554913294796,0.024029734635664275,0.13513513513513514,0.8333333333333334,0.13894564773191664,0.015311004784688997,0.13301435406698564,0.5018455228981545,0.7551020408163267,0.12679425837320574,0.9265734265734265,YIL108W,non_ess,non_ess
0.06358381502890173,0.01823839571268044,0.027027027027027032,0.25,0.020433183489987745,0.06285714285714286,0.6028571428571429,2.1297733990147782,1.0896551724137928,0.3028571428571429,1.452054794520548,YLR269C,non_ess,non_ess
0.03757225433526011,0.006223528394848302,0.21621621621621626,2.6666666666666665,0.11892112791172865,0.007238307349665923,0.0400890868596882,0.3620817653534035,0.6301849075462269,0.272271714922049,1.6520270270270272,YLR368W,non_ess,non_ess
0.0,0.0,0.0,0.0,0.02697180220678382,0.0,0.0,0.0,0.0,1.0,1.0,YER044C,non_ess,non_ess
0.07803468208092486,0.019102774656409367,0.054054054054054064,0.4,0.015324887617490809,0.09818181818181818,0.8036363636363636,2.597454545454545,1.3105263157894729,0.19636363636363635,1.1739130434782608,YDR250C,non_ess,non_ess
0.0,0.0,0.0,1.0,0.0741724560686555,0.0,0.0,0.0,0.0,1.0,1.0,YBR302C,ess,ess
0.026011560693641616,0.00509983576800069,0.054054054054054064,2.0,0.11156518185533308,0.00533175355450237,0.03495260663507109,0.09157670002876914,0.3275454924295041,0.2719194312796209,1.4123076923076925,YMR088C,non_ess,non_ess
0.0722543352601156,0.013916500994035784,0.0,1.0,0.1185124642419289,0.013966480446927372,0.08994413407821229,0.4806316081074842,1.434127369956247,0.1441340782122905,0.6323529411764705,YDR144C,non_ess,non_ess
0.0,0.0,0.0,0.0,0.039163601689143165,0.0,0.0,0.0,0.0,1.0,2.1331058020477816,YLR185W,ess,ess
0.031791907514450865,0.010545423113492956,0.10810810810810813,8.0,0.09542296689824276,0.007580978635423845,0.08407994486560992,0.1694016838855771,0.8364055299539173,0.2929014472777395,1.3980263157894737,YDR514C,non_ess,non_ess
0.0838150289017341,0.014953755726510504,0.054054054054054064,2.0,0.10482223130363713,0.018250471994965392,0.10887350534927627,0.5493166756015508,0.5611348528015196,0.15166771554436753,1.199004975124378,YBR239C,non_ess,non_ess
0.04624277456647399,0.013397873627798429,0.027027027027027032,1.0,0.03330608908868002,0.029684601113172542,0.287569573283859,1.0199777830767531,0.7711598746081504,0.274582560296846,1.0802919708029195,YAR023C,non_ess,non_ess
0.0,0.0,0.0,0.0,0.039844707805476096,0.0,0.0,0.0,0.0,1.0,3.097560975609756,YMR269W,ess,ess
0.03757225433526011,0.0067421557610856594,0.027027027027027032,1.0,0.07362757117558916,0.011494252873563218,0.06896551724137931,0.3903940886699507,0.4895186335403727,0.3519009725906277,1.3222591362126246,YDL115C,non_ess,non_ess
0.11271676300578035,0.039242804045293456,0.054054054054054064,1.0,0.14589293011851248,0.01779197080291971,0.2071167883211679,0.7058893812999651,1.4302134646962232,0.12135036496350365,1.4,YOR019W,non_ess,non_ess
0.12716763005780346,0.0325006482842078,0.16216216216216214,0.6,0.1791990192071925,0.01641178664677359,0.1402461767997016,0.5381048929045487,1.1559716140721727,0.18798955613577026,0.8873239436619718,YNR047W,non_ess,non_ess
0.1676300578034682,0.0697553807589247,0.027027027027027032,0.25,0.08459337964854925,0.04489164086687306,0.6246130030959752,0.8666651923927465,0.7570868347338936,0.10758513931888544,0.7853107344632768,YDL001W,non_ess,non_ess
0.023121387283236997,0.009940357852882704,0.0,0.0,0.020024519820187988,0.02325581395348837,0.3343023255813953,0.5351421188630491,0.8111111111111112,0.8430232558139535,1.6763005780346822,YPL205C,non_ess,non_ess
0.2543352601156069,0.1247298815800847,0.2432432432432433,1.5,0.05169595422966899,0.10877626699629173,1.7836835599505565,2.161285537700865,1.294328358208955,0.08405438813349815,1.0625000000000002,YAL039C,non_ess,non_ess
0.023121387283236997,0.0060506526061025155,0.0,0.0,0.05557825909276666,0.009237875288683604,0.08083140877598152,0.26958327886472905,0.7089765580331618,0.5254041570438799,1.1489898989898992,YOR362C,non_ess,non_ess
0.10404624277456646,0.04183594087648025,0.16216216216216214,1.5,0.13445034736411934,0.017786561264822136,0.2391304347826087,0.646583850931677,1.2754285714285714,0.2025691699604743,0.5686546463245492,YOR054C,non_ess,non_ess
0.0,0.0,0.10810810810810813,2.0,0.0488353085410707,0.0,0.0,0.0,0.0,1.0,1.7754629629629632,YML063W,non_ess,non_ess
0.011560693641618495,0.004062581035525975,0.027027027027027032,1.0,0.06252554147936247,0.004132231404958678,0.04855371900826446,0.0697635335521373,0.5103668261562999,0.5041322314049587,0.6370757180156658,YNL002C,non_ess,non_ess
0.02023121387283237,0.026363557783732387,0.027027027027027032,0.16666666666666666,0.02881078872088272,0.014799154334038053,0.6448202959830867,0.28022709047167743,0.2401221264367816,0.9154334038054968,1.9681818181818185,YCR063W,non_ess,non_ess
0.02890173410404624,0.006828593655458553,0.054054054054054064,1.0,0.0778504290968533,0.008382229673093045,0.06621961441743504,0.25246609637898776,2.1456953642384105,0.4677284157585918,0.5406976744186047,YHR201C,non_ess,non_ess
0.05202312138728323,0.011064050479730312,0.054054054054054064,4.0,0.041683694319574985,0.027190332326283987,0.1933534743202417,0.4764266198047689,0.8314243027888446,0.19637462235649547,0.8496732026143792,YBR066C,non_ess,non_ess
0.005780346820809247,0.004062581035525975,0.0,1.0,0.3132407029015121,0.0004302000430200043,0.0101097010109701,0.08662508066250807,0.17325016132501614,1.0,1.0,YIL173W,non_ess,non_ess
0.08670520231213873,0.017806206240815973,0.13513513513513514,0.8333333333333334,0.13424601552921947,0.01484413656605641,0.10192973775358734,0.5038048763841732,1.1771700356718195,0.3137060860959921,2.9765258215962445,YNL125C,non_ess,non_ess
0.04046242774566474,0.009940357852882704,0.08108108108108109,3.0,0.1581528402125051,0.005902192242833052,0.048482293423271504,0.2783258537442804,0.4541259500542889,0.2820404721753794,1.4113924050632911,YDR034C,non_ess,non_ess
0.0,0.0,0.054054054054054064,0.6666666666666666,0.05326249829723472,0.0,0.0,0.0,0.0,1.0,2.418604651162791,YNL162W,non_ess,non_ess
0.008670520231213872,0.0008643789437289308,0.0,1.0,0.061912545974662864,0.003128258602711157,0.010427528675703858,0.3006344225390545,0.5166889185580773,0.4171011470281543,1.680672268907563,YOR143C,ess,ess
0.16473988439306358,0.04633071138387069,0.13513513513513514,5.0,0.17858602370249285,0.02133233532934132,0.2005988023952096,1.3617967553265564,0.9556517036235808,0.0812125748502994,0.6555891238670695,YMR054W,non_ess,non_ess
0.01445086705202312,0.001901633676203648,0.08108108108108109,1.5,0.022476501838986515,0.013157894736842105,0.05789473684210526,0.3312665656948125,0.6526207605344296,0.3236842105263158,1.268041237113402,YLR334C,non_ess,non_ess
0.049132947976878616,0.007174345232950125,0.027027027027027032,2.0,0.05986922762566409,0.01829924650161464,0.08934337997847147,0.6009003801958778,0.9556650246305418,0.1377825618945102,0.8152866242038216,YOR065W,non_ess,non_ess
0.060693641618497114,0.01901633676203648,0.16216216216216214,2.0,0.061912545974662864,0.021897810218978103,0.2294056308654849,0.8933085785498106,1.1097560975609757,0.1605839416058394,0.9447852760736196,YOR342C,non_ess,non_ess
0.049132947976878616,0.008211599965424842,0.08108108108108109,1.0,0.03739272578667757,0.028380634390651086,0.15859766277128548,0.7630501759492254,0.7084548104956268,0.21368948247078465,1.6,YIL164C,non_ess,non_ess
0.06647398843930635,0.020226467283256982,0.0,0.0,0.14139762975071518,0.010818438381937913,0.11006585136406397,0.205227390797658,0.6125836335563563,0.3033866415804327,0.8896551724137929,YDL176W,non_ess,non_ess
0.0,0.0,0.0,0.0,0.04229668982427463,0.0,0.0,0.0,0.0,1.0,5.325396825396825,YGR095C,ess,ess
0.02023121387283237,0.014089376782781571,0.10810810810810813,0.8,0.045361667347772784,0.009776536312849162,0.2276536312849162,0.2255553496253541,0.8330700368615059,0.5544692737430168,1.4924812030075187,YBR256C,non_ess,non_ess
0.09826589595375723,0.017892644135188866,0.21621621621621626,2.6666666666666665,0.1293420514916224,0.017444843509492047,0.10620831195484864,0.4801220942962748,0.8842887473460722,0.17239610056439195,0.9281767955801106,YML082W,non_ess,non_ess
0.023121387283236997,0.004321894718644654,0.0,0.0,0.1040049039640376,0.005072923272035511,0.03170577045022194,0.11929123065463415,0.6351726875744342,0.33100824350031705,1.4662921348314606,YGR227W,ess,ess
0.031791907514450865,0.0049269599792549044,0.0,0.0,0.22231303637106664,0.0033192516596258297,0.0171997585998793,0.06588714544357271,0.21388888888888888,0.35334942667471336,0.35334942667471336,YGR094W,ess,ess
0.026011560693641616,0.0067421557610856594,0.10810810810810813,0.5,0.0046996322026971816,0.07563025210084033,0.6554621848739496,1.4655785391079508,0.7528846153846152,0.42857142857142855,1.821428571428572,YDR524C-A,non_ess,non_ess
0.0028901734104046237,0.0004321894718644654,0.0,1.0,0.023293829178586026,0.0025510204081632647,0.012755102040816329,0.12651360544217685,0.2433333333333333,0.5867346938775511,1.3529411764705883,YOR139C,non_ess,non_ess
0.0,0.0,0.0,0.0,0.02840212505108296,0.0,0.0,0.0,0.0,1.0,2.6384180790960454,YIL098C,ess,non_ess
0.0838150289017341,0.014262252571527356,0.0,0.0,0.10993052717613404,0.017427884615384616,0.09915865384615384,0.4985400169683258,0.9666666666666668,0.10036057692307693,0.835,YNL117W,non_ess,non_ess
0.10115606936416184,0.02653643357247817,0.054054054054054064,0.6666666666666666,0.21679607682876995,0.01082585833591092,0.0949582431178472,0.4118022236768595,0.9689922480620152,0.19672131147540986,1.1397849462365592,YDR291W,non_ess,non_ess
0.008670520231213872,0.0008643789437289308,0.054054054054054064,0.6666666666666666,0.008377605230894975,0.017341040462427744,0.05780346820809248,0.4310128172907765,0.6666666666666666,1.0,1.0,YPL135C-A,non_ess,non_ess
0.017341040462427744,0.0016423199930849686,0.0,1.0,0.0461789946873723,0.008241758241758242,0.0260989010989011,0.2589937994965928,1.1173184357541899,0.2898351648351649,0.43505154639175264,YGR057C,non_ess,non_ess
0.04046242774566474,0.01322499783905264,0.08108108108108109,1.5,0.1058438904781365,0.008728179551122194,0.0953865336658354,0.28498707360040265,0.5751894694854408,1.0,2.9539594843462247,YDR147W,non_ess,non_ess
0.01445086705202312,0.006482842077966981,0.0,0.0,0.0461789946873723,0.006868131868131868,0.10302197802197803,0.19022730381651545,0.6120331950207469,0.7184065934065934,1.6925566343042069,YPL065W,non_ess,non_ess
0.04335260115606936,0.011323364162848992,0.0,1.0,0.19513690232938294,0.005145797598627789,0.04493996569468268,0.10620430926151844,0.5963729365263893,0.14099485420240138,1.073107049608355,YMR080C,non_ess,non_ess
0.02023121387283237,0.009248854697899558,0.0,0.0,0.06416019615856151,0.0070564516129032265,0.10786290322580644,0.13046494139612072,0.2485262593783494,0.3729838709677419,1.2802768166089966,YNL097C,non_ess,non_ess
0.04335260115606936,0.008557351542916414,0.0,1.0,0.13771965672251738,0.0072393822393822405,0.04777992277992278,0.23549284578696345,0.486815415821501,0.4541505791505792,2.680911680911681,YGL071W,non_ess,non_ess
0.023121387283236997,0.003111764197424151,0.08108108108108109,1.0,0.018594196975888846,0.02476780185758514,0.11145510835913312,0.5394841153939232,0.5665278118108307,1.0,1.0,YER067C-A,non_ess,non_ess
0.06647398843930635,0.010026795747255596,0.027027027027027032,1.0,0.11606048222313035,0.013112884834663626,0.0661345496009122,0.2640060813378944,0.6157291666666668,0.13169897377423034,1.5197368421052633,YOL115W,non_ess,non_ess
0.10693641618497107,0.032154896706716216,0.08108108108108109,1.0,0.09174499387004496,0.02648532569792412,0.26628489620615603,0.5702726457236573,1.2879746835443036,0.16893342877594847,0.7788778877887789,YGL184C,non_ess,non_ess
0.04335260115606936,0.010113233641628491,0.054054054054054064,0.6666666666666666,0.05925623212096445,0.016304347826086956,0.12717391304347825,0.5116163292399601,0.41486890142714894,0.2684782608695652,1.7034482758620688,YER186C,non_ess,non_ess
0.01445086705202312,0.0013830063099662892,0.08108108108108109,0.42857142857142855,0.07355946056395588,0.004424778761061947,0.014159292035398232,0.12547163339507444,0.5211024978466839,0.4646017699115044,1.4423076923076923,YML060W,non_ess,non_ess
0.07514450867052022,0.0461578355951249,0.16216216216216214,1.2,0.017572537801389457,0.08441558441558443,1.7337662337662338,1.909302080033788,1.1681643132220796,0.18831168831168832,0.18831168831168832,YOL118C,non_ess,non_ess
0.08670520231213873,0.02204166306508773,0.0,1.0,0.13322435635472007,0.014955134596211362,0.1271186440677966,0.4046335569562499,1.3559322033898311,0.12761714855433698,0.4942084942084942,YBL051C,non_ess,non_ess
0.0028901734104046237,0.0002593136831186792,0.0,1.0,0.01185124642419289,0.004464285714285714,0.013392857142857142,0.08494659546061416,0.16989319092122832,1.0,1.0,YMR141W-A,non_ess,non_ess
0.05491329479768786,0.012187743106577923,0.13513513513513514,10.0,0.09113199836534533,0.013688760806916429,0.10158501440922192,0.4520531009668674,0.9642694583522988,0.21757925072046108,1.098181818181818,YMR111C,non_ess,non_ess
0.0028901734104046237,0.0005186273662373584,0.0,0.0,0.04822231303637107,0.0013192612137203164,0.0079155672823219,0.027379381831888427,0.09955357142857142,0.9393139841688656,1.6481481481481481,YGL011C,ess,ess
0.0028901734104046237,0.001901633676203648,0.054054054054054064,4.0,0.01838986514098897,0.003125,0.06875,0.18196721311475408,0.36393442622950817,0.76875,0.76875,YAR047C,non_ess,non_ess
0.060693641618497114,0.01849770939579912,0.027027027027027032,0.5,0.09501430322844301,0.014532871972318341,0.14809688581314878,0.4701192861045347,0.8006877990430621,0.2519031141868512,2.0,YDR346C,non_ess,non_ess
0.0028901734104046237,8.643789437289306e-05,0.0,0.0,0.023498161013485903,0.002531645569620253,0.002531645569620253,0.09651898734177217,0.3009868421052632,0.8632911392405064,2.401408450704225,YDR224C,non_ess,non_ess
0.017341040462427744,0.0006915031549831446,0.0,1.0,0.017572537801389457,0.01948051948051948,0.025974025974025976,0.5578750108951451,0.9328859060402684,1.0,1.0,YJL022W,non_ess,non_ess
0.06358381502890173,0.012014867317832138,0.1891891891891892,0.875,0.020024519820187988,0.06395348837209303,0.4040697674418605,2.171489437244808,0.7495052304212609,0.25872093023255816,1.7115384615384617,YCR022C,non_ess,non_ess
0.005780346820809247,0.0017287578874578616,0.13513513513513514,5.0,0.026767470371883945,0.004514672686230248,0.045146726862302484,0.10710070888281653,0.4543859649122807,0.7133182844243793,0.9844236760124612,YNL147W,non_ess,non_ess
0.017341040462427744,0.0035439536692886157,0.10810810810810813,0.6666666666666666,0.04025337147527585,0.0093603744149766,0.06396255850234009,0.28805797393186056,1.1677419354838712,1.0,1.0,YDL228C,non_ess,non_ess
0.03757225433526011,0.007433658916068805,0.0,0.0,0.11115651818553332,0.0077288941736028535,0.05112960760998811,0.4036673626260451,0.6198600174978128,0.2372175980975029,1.6024096385542168,YGR166W,non_ess,non_ess
0.0028901734104046237,8.643789437289306e-05,0.16216216216216214,6.0,0.023498161013485903,0.002531645569620253,0.002531645569620253,0.06600361663652803,0.1910714285714286,0.810126582278481,1.7391304347826086,YLR104W,non_ess,non_ess
0.008670520231213872,0.0005186273662373584,0.054054054054054064,2.0,0.0480179812014712,0.003973509933774834,0.007947019867549669,0.1289277159363111,0.4920212765957447,0.7059602649006622,1.3527918781725892,YOR010C,non_ess,non_ess
0.005780346820809247,0.0004321894718644654,0.027027027027027032,0.25,0.05455659991826727,0.002350176263219741,0.005875440658049354,0.08048833751026901,0.1828908554572271,0.900117508813161,2.8161764705882355,YHR160C,ess,ess
0.03468208092485549,0.004840522084882012,0.027027027027027032,0.3333333333333333,0.09664895790764202,0.008168822328114363,0.0381211708645337,0.29180580115281896,0.4234995773457311,0.6929884275017019,1.9243856332703213,YHR183W,non_ess,non_ess
0.02023121387283237,0.01097761258535742,0.0,0.0,0.022476501838986515,0.018421052631578942,0.33421052631578946,0.3170430622009569,1.3299999999999998,1.0,1.0,YDL118W,non_ess,non_ess
0.1791907514450867,0.08591926700665571,0.10810810810810813,1.3333333333333333,0.10441356763383736,0.03916614024005054,0.6279216677195198,0.6665439719592853,1.4645669291338583,0.13897662665824384,0.9565217391304348,YDR072C,non_ess,non_ess
0.09826589595375723,0.041144437721497104,0.027027027027027032,1.0,0.021250510829587253,0.09392265193370164,1.3149171270718232,2.111582478295185,1.0467980295566504,0.17679558011049726,0.9552238805970148,YLR302C,non_ess,non_ess
0.04624277456647399,0.006396404183594088,0.0,0.0,0.08255006129955048,0.012678288431061807,0.05863708399366085,0.3520507131537242,0.384,0.3232963549920761,2.9352517985611515,YER178W,non_ess,non_ess
0.07803468208092486,0.010631861007865848,0.0,1.0,0.2490805067429506,0.007283517669274345,0.0331804693822498,0.18127040403428704,1.3920515574650911,0.2821688697059617,1.1235230934479052,YJL129C,non_ess,non_ess
0.03468208092485549,0.00449477050739044,0.027027027027027032,0.5,0.24213322435635476,0.0033287101248266303,0.014424410540915394,0.15386037910309755,0.3629629629629629,0.3994452149791956,3.5555555555555562,YDL145C,ess,non_ess
0.02890173410404624,0.003111764197424151,0.10810810810810813,1.0,0.06640784634246016,0.00975609756097561,0.0351219512195122,0.3096806638169474,1.1059044048734767,0.2360975609756097,0.6080402010050251,YGL153W,non_ess,non_ess
0.0,0.0,0.08108108108108109,1.0,0.08970167552104619,0.0,0.0,0.0,0.0,1.0,3.106818181818182,YLR195C,non_ess,non_ess
0.08092485549132948,0.013916500994035784,0.13513513513513514,1.25,0.3798528810788721,0.004976008530300338,0.028612049049226942,0.0975658470140459,0.6694864048338369,0.2059712102363604,1.0584474885844748,YKR095W,non_ess,non_ess
0.008670520231213872,0.004149018929898867,0.027027027027027032,0.25,0.008990600735594606,0.016483516483516484,0.2637362637362637,0.39706664303438494,0.8266129032258063,0.4120879120879121,0.8720930232558141,YMR256C,non_ess,non_ess
0.049132947976878616,0.014262252571527356,0.027027027027027032,2.0,0.06375153248876175,0.017241379310344827,0.16734279918864098,0.4492610837438423,1.3357142857142856,0.2667342799188641,1.2119815668202765,YJR107W,non_ess,non_ess
0.008670520231213872,0.0019880715705765406,0.027027027027027032,1.0,0.022067838169186758,0.008021390374331552,0.06149732620320856,0.13469251336898394,2.3750000000000004,1.0,1.0,YGR137W,non_ess,non_ess
0.0,0.0,0.0,1.0,0.029423784225582342,0.0,0.0,0.0,0.0,1.0,1.0,YLL066W-A,non_ess,non_ess
0.0028901734104046237,8.643789437289306e-05,0.0,1.0,0.07355946056395588,0.0008849557522123895,0.0008849557522123895,0.061753942378069075,0.23684210526315794,0.908849557522124,1.4629629629629632,YOR388C,ess,ess
0.04046242774566474,0.013052122050306855,0.08108108108108109,1.0,0.12893338782182265,0.007205352547606794,0.07771487390633043,0.3220441108168159,0.8847006651884701,0.40452907874421,2.691780821917808,YDL109C,non_ess,non_ess
0.07514450867052022,0.01737401676895151,0.08108108108108109,1.0,0.07376379239885575,0.022947925860547214,0.17740511915269194,0.4771749119662242,1.411683848797251,0.17652250661959398,0.8130081300813009,YDL188C,non_ess,non_ess
0.017341040462427744,0.0025931368311867924,0.40540540540540543,1.5,0.052104617899468735,0.007361963190184048,0.03680981595092025,0.20304653598683226,0.5853658536585366,0.3374233128834356,1.7628205128205128,YJL178C,non_ess,non_ess
0.16184971098265896,0.03595816405912352,0.3783783783783784,3.5,0.1060482223130364,0.03484754200373367,0.2588674548848787,1.1754193381484097,1.2584269662921348,0.0970752955818295,0.7684729064039408,YFR006W,non_ess,non_ess
0.08092485549132948,0.04650358717261648,0.08108108108108109,1.5,0.10877264677836808,0.01700060716454159,0.32665452337583484,1.0879247604960005,1.2110365398956002,0.16697024893746204,0.9136212624584716,YDR099W,non_ess,non_ess
0.031791907514450865,0.02160947359322327,0.054054054054054064,2.0,0.052513281569268495,0.013398294762484777,0.3045066991473813,0.4471202366452062,0.7542857142857142,0.31303288672350793,0.8653198653198654,YPL162C,non_ess,non_ess
0.01445086705202312,0.0033710778805428297,0.10810810810810813,0.5714285714285714,0.07621577441765427,0.00427715996578272,0.033361847733105215,0.14860187881118495,0.3211009174311927,0.2480752780153977,1.0104529616724742,YDR197W,non_ess,non_ess
0.03757225433526011,0.007779410493560376,0.08108108108108109,0.5,0.0606865549652636,0.01381509032943677,0.09564293304994688,0.4273231786515527,1.0069444444444444,0.1647183846971307,0.7868020304568528,YMR262W,non_ess,non_ess
0.017341040462427744,0.003803267352407295,0.0,1.0,0.05537392725786678,0.006952491309385863,0.05098493626882966,0.3398899188876013,0.8678571428571427,0.3870220162224797,0.9940476190476192,YPR103W,non_ess,non_ess
0.09826589595375723,0.031722707234851766,0.08108108108108109,1.5,0.056395586432366175,0.0387243735763098,0.417995444191344,1.190415928456931,1.3355780022446688,0.6036446469248291,1.0,YNL202W,non_ess,non_ess
0.0,0.0,0.0,1.0,0.022476501838986515,0.0,0.0,0.0,0.0,1.0,1.0,YEL026W,non_ess,non_ess
0.1213872832369942,0.044861267179531504,0.027027027027027032,1.0,0.1485492439722109,0.018825638727028242,0.2326311071268489,0.5500651126276062,1.2011834319526626,0.13670999551770507,1.4055299539170507,YKR067W,non_ess,non_ess
0.06936416184971098,0.01823839571268044,0.08108108108108109,0.75,0.0651818553330609,0.02383316782522344,0.20953326713008932,0.3664546847563743,0.6589403973509933,0.2591857000993049,1.01953125,YEL006W,non_ess,non_ess
0.031791907514450865,0.006915031549831446,0.0,1.0,0.0425010216591745,0.016320474777448073,0.11869436201780414,0.40206253380304335,1.2540464461646728,0.3724035608308605,0.9728682170542636,YOL046C,non_ess,non_ess
0.02023121387283237,0.00509983576800069,0.054054054054054064,0.2,0.10277891295463834,0.004490057729313664,0.03784477228992944,0.06932882817362193,0.4488847583643121,0.4990378447722899,1.2923588039867109,YMR014W,non_ess,non_ess
0.10982658959537572,0.03967499351715792,0.10810810810810813,2.0,0.0651818553330609,0.03773584905660377,0.4558093346573982,1.01871134424176,1.296449976947902,0.13604766633565046,1.0073529411764706,YFR025C,non_ess,non_ess
0.008670520231213872,0.002333823148068113,0.054054054054054064,0.6666666666666666,0.022476501838986515,0.007894736842105262,0.07105263157894738,0.15442875481386392,0.3353658536585365,0.4947368421052632,1.843137254901961,YER172C-A,non_ess,non_ess
0.0,0.0,0.0,1.0,0.060958997411796764,0.0,0.0,0.0,0.0,1.0,2.2287735849056602,YML073C,ess,ess
0.0028901734104046237,0.00112369262684761,0.0,0.0,0.210053126277074,0.0003190810465858328,0.004148053605615825,0.006913919687002368,0.024182242990654204,0.9901084875558392,7.3880952380952385,YLR249W,ess,ess
0.011560693641618495,0.0006915031549831446,0.027027027027027032,0.5,0.035962402942378416,0.006920415224913495,0.01384083044982699,0.16452602975387565,3.4576271186440684,0.6401384083044983,0.7505070993914809,YNL090W,non_ess,non_ess
0.03757225433526011,0.010199671536001384,0.08108108108108109,0.75,0.044135676338373515,0.01862464183381089,0.16905444126074498,1.2210780802292265,0.446875,0.1876790830945559,0.9632352941176472,YER163C,non_ess,non_ess
0.031791907514450865,0.003889705246780188,0.027027027027027032,1.0,0.11912545974662855,0.0061145080600333536,0.02501389660922735,0.5036528229969031,0.5634920634920636,0.3096164535853252,2.8711340206185567,YOR192C,non_ess,non_ess
0.005780346820809247,0.002506698936813899,0.054054054054054064,2.0,0.006538618716796079,0.0136986301369863,0.19863013698630136,0.3809163911195088,0.5448275862068965,0.4246575342465753,1.5121951219512193,YNL130C-A,non_ess,non_ess
0.04046242774566474,0.006396404183594088,0.0,0.0,0.19200381419425147,0.004879749041477867,0.025792959219240155,0.16317195917643534,0.6977671451355663,0.5259672359707215,2.9530332681017613,YGL137W,ess,ess
0.031791907514450865,0.006137090500475408,0.08108108108108109,1.0,0.039844707805476096,0.01732283464566929,0.11181102362204724,0.4584289915567783,0.3992469879518072,0.2787401574803149,1.4508196721311477,YER183C,non_ess,non_ess
0.049132947976878616,0.022906042008816664,0.35135135135135137,1.0,0.026358806702084188,0.03890160183066362,0.6064073226544623,0.6472110380519267,0.5021097046413501,0.2265446224256293,1.2692307692307692,YER035W,non_ess,non_ess
0.05780346820809248,0.01045898521912006,0.08108108108108109,1.0,0.032080098079280764,0.03838771593090212,0.2322456813819577,0.531080447957441,1.1023622047244095,0.18234165067178504,0.5688622754491018,YPR149W,non_ess,non_ess
0.049132947976878616,0.02048578096637566,0.13513513513513514,2.5,0.06048222313036373,0.01812366737739872,0.2526652452025586,0.3563717128642501,0.7666666666666665,0.244136460554371,1.5369127516778522,YGR127W,non_ess,non_ess
0.04046242774566474,0.005877776817356729,0.13513513513513514,2.5,0.0615038823048631,0.014690451206715634,0.07135362014690451,0.6163804053680897,1.3263157894736841,0.17103882476390347,0.9421965317919077,YCR015C,non_ess,non_ess
0.04335260115606936,0.008211599965424842,0.0,0.0,0.029423784225582342,0.03112033195020747,0.1970954356846473,1.0617398769494921,1.5775862068965516,0.2572614107883817,0.9117647058823528,YMR040W,non_ess,non_ess
0.011560693641618495,0.005791338922983836,0.054054054054054064,0.5,0.007968941561095219,0.023952095808383242,0.4011976047904192,0.8569101796407187,0.6752000000000001,0.6287425149700598,1.3636363636363635,YOR381W-A,non_ess,non_ess
0.09826589595375723,0.038724176679056095,0.10810810810810813,8.0,0.051355401171502515,0.04228855721393035,0.5572139303482587,1.2913113006396588,1.7202380952380951,0.12935323383084574,0.7938931297709922,YBR219C,non_ess,non_ess
0.03468208092485549,0.004840522084882012,0.054054054054054064,2.0,0.13771965672251738,0.0057915057915057895,0.027027027027027032,0.15819750719079578,0.5407478427612655,0.4995173745173745,2.8991596638655466,YDL141W,non_ess,non_ess
0.02023121387283237,0.017806206240815973,0.027027027027027032,1.0,0.05312627707396813,0.008433734939759036,0.2481927710843373,0.1618714859437751,0.7145833333333332,0.4012048192771085,1.3427419354838708,YLR344W,non_ess,non_ess
0.008670520231213872,0.0003457515774915723,0.08108108108108109,0.42857142857142855,0.09440130772374336,0.0020891364902506965,0.0027855153203342627,0.0752391909894635,0.3888888888888889,0.6149025069637883,1.9535398230088497,YFL039C,non_ess,non_ess
0.08670520231213873,0.03206845881234333,0.16216216216216214,0.8571428571428571,0.10727421332243564,0.018461538461538463,0.2283076923076923,0.4309326072157931,0.8391821788220937,0.2689230769230769,1.5121107266435987,YHR006W,non_ess,non_ess
0.10693641618497107,0.03293283775607226,0.027027027027027032,0.2,0.052513281569268495,0.04506699147381242,0.464068209500609,1.2041544913988107,1.077026421854008,0.17174177831912302,1.3177570093457944,YDL086W,non_ess,non_ess
0.13583815028901733,0.04650358717261648,0.10810810810810813,2.0,0.1140171638741316,0.02726218097447796,0.31206496519721577,0.6917284542183664,0.8383500557413601,0.08178654292343387,0.43788819875776397,YBR296C,non_ess,non_ess
0.06358381502890173,0.012447056789696605,0.2702702702702703,1.6666666666666667,0.09705762157744176,0.014915254237288138,0.0976271186440678,0.3737171244886032,0.9482758620689656,0.12203389830508475,0.8181818181818181,YGL059W,non_ess,non_ess
0.060693641618497114,0.015385945198374969,0.054054054054054064,0.6666666666666666,0.0659991826726604,0.020608439646712464,0.1746810598626104,0.474289573374698,1.614858260019551,0.1481844946025515,0.5451263537906137,YGR086C,non_ess,non_ess
0.017341040462427744,0.003803267352407295,0.0,1.0,0.04188802615447487,0.009022556390977444,0.06616541353383458,0.3125847405398743,0.5537340619307833,0.3233082706766917,0.9772727272727272,YFR008W,non_ess,non_ess
0.008670520231213872,0.002333823148068113,0.0,0.0,0.029015120555782595,0.0063025210084033615,0.05672268907563025,0.12704218743334894,0.2768804799261652,0.5861344537815126,2.036496350364964,YBL018C,non_ess,non_ess
0.15317919075144507,0.12187743106577925,0.054054054054054064,0.6666666666666666,0.11646914589293013,0.030113636363636363,0.8011363636363636,0.9451433421350434,0.8840663900414938,0.1215909090909091,0.8699186991869919,YLL028W,non_ess,non_ess
0.09826589595375723,0.02670930936122396,0.054054054054054064,4.0,0.210053126277074,0.010848755583918316,0.09859604339502234,0.4422195545360829,1.3293070565797838,0.13369495851946395,0.6546875,YNL014W,non_ess,non_ess
0.07803468208092486,0.020226467283256982,0.10810810810810813,4.0,0.10993052717613404,0.01622596153846154,0.140625,0.4814852700490999,1.1690929451287797,0.2614182692307692,1.0957178841309825,YIR031C,non_ess,non_ess
0.07514450867052022,0.020226467283256982,0.13513513513513514,2.5,0.046383326522272166,0.03556771545827633,0.320109439124487,1.3115362302232472,1.0663176265270506,0.16689466484268126,0.7349397590361446,YHR049W,non_ess,non_ess
0.0,0.0,0.0,0.0,0.02778912954638333,0.0,0.0,0.0,0.0,1.0,1.440251572327044,YFL057C,ess,non_ess
0.02890173410404624,0.00786584838793327,0.08108108108108109,1.5,0.0298324478953821,0.020491803278688527,0.1864754098360656,0.7691744730679156,1.402116402116402,0.6516393442622951,0.8368421052631579,YDR155C,non_ess,non_ess
0.05491329479768786,0.01037254732474717,0.13513513513513514,1.6666666666666667,0.06456885982836126,0.01903807615230461,0.12024048096192386,0.556497610605827,0.8334392879847425,0.18036072144288576,0.9944751381215472,YGR080W,non_ess,non_ess
0.04046242774566474,0.006569279972339874,0.0,0.0,0.220065386187168,0.004266991770801585,0.02316366961292289,0.1591938642161386,0.4286865431103949,0.2471807375800061,1.3251633986928104,YER111C,non_ess,non_ess
0.0,0.0,0.0,1.0,0.020024519820187988,0.0,0.0,0.0,0.0,1.0,1.0,YLR159W,non_ess,non_ess
0.0,0.0,0.0,1.0,0.03575807110747855,0.0,0.0,0.0,0.0,1.0,1.0,YGR296C-A,non_ess,non_ess
0.008670520231213872,0.001210130521220503,0.054054054054054064,1.0,0.04658765835717205,0.004087193460490463,0.019073569482288832,0.10282920369757316,0.41495327102803736,0.7779291553133515,3.3005780346820814,YER182W,non_ess,non_ess
0.12427745664739885,0.033624340911055414,0.027027027027027032,1.0,0.3614630159378831,0.008026880716819116,0.07261526974052641,0.189231406324092,0.6786170406860061,0.2001120029867463,1.2407407407407407,YMR306W,non_ess,non_ess
0.03757225433526011,0.005272711556746477,0.0,1.0,0.1565181855333061,0.005536626916524703,0.02597955706984668,0.22706322165436305,0.6468599033816425,0.5907155025553663,1.8419654714475435,YMR212C,ess,non_ess
0.06936416184971098,0.015385945198374969,0.027027027027027032,1.0,0.1375153248876175,0.011599806669888834,0.0860318994683422,0.5926901218313028,0.7203065134099618,0.14499758337361046,1.1235955056179774,YBR043C,non_ess,non_ess
0.017341040462427744,0.001901633676203648,0.0,0.0,0.17225173682059666,0.0023264831329972853,0.008530438154323382,0.11714665068678252,0.2529644268774704,0.3947266382318728,2.0118577075098814,YDR416W,ess,ess
0.0953757225433526,0.028870256720546286,0.0,0.0,0.10931753167143443,0.019939577039274924,0.20181268882175227,0.4632209248523447,1.054414414414414,0.12870090634441084,0.7526501766784451,YOL055C,non_ess,non_ess
0.13005780346820808,0.03077189039674993,0.027027027027027032,1.0,0.1409889660809154,0.021226415094339614,0.16792452830188678,0.4323594064847041,0.8269764216366157,0.13867924528301884,1.1902834008097165,YOL060C,non_ess,non_ess
0.02890173410404624,0.006309966289221194,0.10810810810810813,1.3333333333333333,0.07642010625255416,0.008532423208191127,0.062286689419795226,0.4165120937824604,0.7028985507246377,0.26535836177474403,0.7660098522167488,YDL237W,non_ess,non_ess
0.011560693641618495,0.0012965684155933962,0.027027027027027032,1.0,0.03330608908868002,0.007421150278293135,0.027829313543599257,0.2654139880053501,0.5251937984496124,0.35435992578849723,0.6749116607773852,YDR540C,non_ess,non_ess
0.023121387283236997,0.0042354568242717605,0.0,0.0,0.034940743767879034,0.014209591474245116,0.08703374777975133,0.3948499434009148,0.6286701208981,0.9644760213143873,0.9945054945054944,YLR358C,non_ess,non_ess
0.05780346820809248,0.013138559944679749,0.0,0.0,0.10196158561503883,0.012928248222365869,0.0982546864899806,0.2746424013392339,0.531135531135531,0.2210730446024564,1.7185929648241207,YDR256C,non_ess,non_ess
0.07803468208092486,0.02411617253003717,0.21621621621621626,4.0,0.08214139762975071,0.021496815286624203,0.22213375796178345,0.4834961675483105,0.9953389830508474,0.2754777070063694,1.226950354609929,YKL008C,non_ess,non_ess
0.02890173410404624,0.005704901028610943,0.0,0.0,0.07928075194115244,0.008237232289950576,0.054365733113673806,0.1922486248010499,0.27037933817594834,0.29654036243822074,1.2857142857142856,YHL020C,non_ess,non_ess
0.05202312138728323,0.011150488374103209,0.2432432432432433,1.125,0.043931344503473635,0.025899280575539568,0.1856115107913669,0.4086038783186649,0.4486947063089195,0.12661870503597122,0.8979591836734694,YER004W,non_ess,non_ess
0.0028901734104046237,8.643789437289306e-05,0.054054054054054064,4.0,0.01838986514098897,0.003125,0.003125,0.06736979166666666,0.18645833333333334,1.0,1.0,YOL050C,non_ess,non_ess
0.023121387283236997,0.006309966289221194,0.0,0.0,0.13669799754801798,0.0038891589693728725,0.03548857559552747,0.13468496833532906,0.3956199222889438,0.7403986387943607,1.5914315569487982,YPL043W,ess,ess
0.026011560693641616,0.005013397873627798,0.027027027027027032,0.1,0.16162648140580305,0.003714403631861329,0.02393726784977301,0.3532783765965772,0.3981331168831169,0.5113495666529096,2.302973977695168,YMR049C,non_ess,non_ess
0.21098265895953755,0.06716224392773792,0.054054054054054064,2.0,0.06824683285655905,0.06939163498098859,0.7385931558935361,2.7662281368821287,1.4528780487804878,0.2252851711026616,0.75,YDR214W,non_ess,non_ess
0.20231213872832368,0.06413691762468668,0.08108108108108109,0.75,0.12525541479362487,0.0370566437268396,0.3928004235044997,1.0460852545640866,1.567278287461774,0.08099523557437797,0.7050691244239631,YMR106C,non_ess,non_ess
0.04624277456647399,0.010545423113492956,0.054054054054054064,1.0,0.05905190028606457,0.017448200654307525,0.13304252998909488,0.4993675027262813,1.16,0.2039258451472192,0.7003745318352059,YBL087C,non_ess,non_ess
0.005780346820809247,0.00017287578874578615,0.0,0.0,0.08745402533714754,0.0014992503748125937,0.0014992503748125937,0.04668746707727217,0.7135135135135134,1.0,1.2888888888888892,YMR268C,ess,ess
0.0,0.0,0.0,0.0,0.034123416428279534,0.0,0.0,0.0,0.0,1.0,3.5320512820512824,YGR082W,non_ess,non_ess
0.06647398843930635,0.023424669375054018,0.13513513513513514,1.6666666666666667,0.08949734368614631,0.016862170087976542,0.19868035190615835,0.5119223870398314,0.7770873786407766,0.21407624633431085,1.3153153153153154,YPL245W,non_ess,non_ess
0.02023121387283237,0.007347221021695911,0.054054054054054064,2.0,0.06722517368205967,0.006750241080038573,0.08196721311475409,0.4442573917591488,0.7118644067796609,0.7193828351012537,1.0657142857142858,YGR165W,non_ess,non_ess
0.06647398843930635,0.016682513613968362,0.21621621621621626,1.3333333333333333,0.09910093992644056,0.015282392026578075,0.1282392026578073,0.4211148025101513,0.8611111111111109,0.15016611295681062,1.30635838150289,YJR051W,non_ess,non_ess
0.06936416184971098,0.020312905177629872,0.1891891891891892,0.875,0.08193706579485084,0.019154030327214685,0.18754988028731048,0.4305211795488296,0.6075949367088608,0.17158818834796488,1.1878453038674033,YNL304W,non_ess,non_ess
0.0,0.0,0.0,1.0,0.02778912954638333,0.0,0.0,0.0,0.0,1.0,1.0,YEL048C,non_ess,non_ess
0.011560693641618495,0.0025931368311867924,0.0,0.0,0.15937883122190438,0.0016736401673640164,0.012552301255230124,0.06810635713321636,0.6359447004608295,0.6648535564853556,2.720890410958904,YOL076W,ess,ess
0.005780346820809247,0.0007779410493560378,0.0,0.0,0.07458111973845526,0.0017467248908296946,0.007860262008733625,0.0337973338114203,0.21041055718475069,0.7013100436681222,1.4733944954128442,YLR291C,ess,ess
0.04624277456647399,0.00786584838793327,0.027027027027027032,1.0,0.10809154066203516,0.009773976786805132,0.055589492974954184,0.39586109675297215,0.3989389920424404,0.2467929138668296,1.3694915254237288,YPL256C,non_ess,non_ess
0.0953757225433526,0.02558561673437635,0.08108108108108109,3.0,0.1385369840621169,0.01583493282149712,0.1420345489443378,0.6344413743645989,1.2298136645962734,0.2154510556621881,1.7335907335907337,YOR384W,non_ess,non_ess
0.008670520231213872,0.0010372547324747168,0.0,0.0,0.10461789946873724,0.0018915510718789407,0.007566204287515763,0.08823962922323578,0.17694805194805194,0.4199243379571249,1.6860759493670887,YDL143W,ess,ess
0.031791907514450865,0.008298037859797734,0.054054054054054064,1.0,0.04903964037597058,0.014285714285714284,0.12467532467532468,0.3130836800739713,1.5010787486515642,0.21428571428571427,0.4881656804733728,YKL040C,non_ess,non_ess
0.04335260115606936,0.00760653470481459,0.10810810810810813,1.3333333333333333,0.10359624029423783,0.009548058561425843,0.056015276893698285,0.485359643539147,1.0986842105263157,0.2215149586250796,1.4146341463414631,YHR086W,non_ess,non_ess
0.1791907514450867,0.05886420606794018,0.16216216216216214,2.0,0.11749080506742952,0.03492957746478873,0.3836619718309859,1.165881140501546,1.4606430155210643,0.07774647887323942,0.07774647887323942,YLR028C,non_ess,non_ess
0.02890173410404624,0.003803267352407295,0.08108108108108109,3.0,0.15631385369840622,0.004264392324093817,0.018763326226012792,0.12759730757974833,0.27305737109658684,0.3074626865671642,3.004166666666667,YBR058C,non_ess,non_ess
0.08670520231213873,0.039242804045293456,0.027027027027027032,0.5,0.21127911728647325,0.00951776649746193,0.14403553299492386,0.28714761602610595,0.6370656370656372,0.2265228426395939,1.562363238512035,YDR017C,non_ess,non_ess
0.08670520231213873,0.02135015991010459,0.054054054054054064,1.0,0.17143440948099714,0.011686793922867159,0.0962212699649396,0.31368838926299,1.1904761904761905,0.1994546162835996,0.9624060150375942,YJL165C,non_ess,non_ess
0.049132947976878616,0.011669115740340566,0.0,1.0,0.17756436452799348,0.00639819345126082,0.050809183289424166,0.1127543226549182,0.30506155950752395,0.3835152427549868,1.9786407766990288,YDL117W,non_ess,non_ess
0.04046242774566474,0.009335292592272452,0.16216216216216214,1.5,0.044748671843073164,0.0198019801980198,0.15275813295615276,0.5078330617871913,0.5185185185185185,0.2489391796322489,1.011494252873563,YIL152W,non_ess,non_ess
0.01445086705202312,0.003111764197424151,0.027027027027027032,0.5,0.1293420514916224,0.0025654181631605947,0.018471010774756286,0.04332799080126282,0.4469779225479551,0.36480246280143663,0.8345070422535211,YBR123C,ess,non_ess
0.03757225433526011,0.009162416803526663,0.054054054054054064,2.0,0.14160196158561505,0.006106153123532175,0.0497886331611085,0.2051869305808415,0.7856404958677684,0.2000939408172851,0.9573033707865168,YDR146C,non_ess,non_ess
0.0,0.0,0.0,0.0,0.014303228442991419,0.0,0.0,0.0,0.0,1.0,1.4689265536723164,YPR182W,non_ess,non_ess
0.02890173410404624,0.026363557783732387,0.1891891891891892,0.7777777777777778,0.009603596240294238,0.052356020942408384,1.5968586387434556,1.8859075043630016,1.4186507936507935,0.33507853403141363,0.927536231884058,YCR108C,non_ess,non_ess
0.08092485549132948,0.014694442043391822,0.027027027027027032,2.0,0.10890886800163466,0.01697998787143723,0.10309278350515463,0.36651361575558056,0.5470085470085471,0.12977562158884173,0.5977653631284916,YJR131W,non_ess,non_ess
0.005780346820809247,0.00112369262684761,0.027027027027027032,1.0,0.014916223947691053,0.007434944237918215,0.0483271375464684,0.19460403289399567,0.8181818181818182,0.9591078066914498,1.883211678832117,YLR438C-A,non_ess,non_ess
0.01445086705202312,0.0049269599792549044,0.0,1.0,0.08009807928075195,0.004078303425774877,0.0464926590538336,0.0967868795152645,0.3191964285714286,0.6827079934747146,1.3037383177570094,YOL022C,ess,ess
0.02023121387283237,0.0025931368311867924,0.0,0.0,0.027993461381283204,0.015184381778741863,0.0650759219088937,0.32095466323345645,0.9106400665004156,0.2711496746203905,0.6906077348066298,YKL067W,non_ess,non_ess
0.13583815028901733,0.030858328291122825,0.0,1.0,0.13955864323661624,0.022391615054788,0.1700809909480705,1.0093356971964271,1.2182990051842508,0.1448308718437351,0.8660968660968662,YDL214C,non_ess,non_ess
0.08670520231213873,0.022646728325697984,0.10810810810810813,2.0,0.07866775643645281,0.024896265560165973,0.2174273858921162,0.7875967253560614,1.25,1.0,4.350180505415163,YOR368W,non_ess,non_ess
0.07803468208092486,0.019880715705765408,0.027027027027027032,2.0,0.15222721700040867,0.011816192560175057,0.10065645514223197,0.4043130948300863,0.9879518072289156,0.16761487964989058,0.8380743982494528,YOL036W,non_ess,non_ess
0.1213872832369942,0.024289048318782952,0.054054054054054064,2.0,0.1076828769922354,0.02575107296137339,0.17228694052728388,0.7467811158798283,1.3295454545454546,0.1508277130594727,1.5769230769230769,YLR023C,non_ess,non_ess
0.0,0.0,0.2972972972972973,1.2222222222222223,0.06661217817736004,0.0,0.0,0.0,0.0,1.0,3.2024922118380066,YLR265C,non_ess,non_ess
0.04335260115606936,0.0060506526061025155,0.027027027027027032,2.0,0.10972619534123418,0.009030704394942806,0.042143287176399764,0.2299868734023549,0.7704918032786885,0.20891029500301025,1.1377049180327867,YLR433C,non_ess,non_ess
0.08670520231213873,0.016682513613968362,0.5675675675675675,2.333333333333333,0.040049039640375976,0.047021943573667714,0.30250783699059564,0.68329303982695,1.1944066809089144,0.2382445141065831,0.6846846846846847,YNR014W,non_ess,non_ess
0.060693641618497114,0.009421730486645344,0.08108108108108109,0.6,0.08929301185124643,0.015429831006612785,0.08008817046289493,0.582371864884723,0.9099099099099098,0.19324026451138868,0.95985401459854,YLR231C,non_ess,non_ess
0.0028901734104046237,0.0003457515774915723,0.054054054054054064,2.0,0.006129955046996323,0.0071428571428571435,0.028571428571428567,0.17261904761904762,0.34523809523809523,1.0,1.0,YOL083C-A,non_ess,non_ess
0.03757225433526011,0.015991010458985218,0.10810810810810813,1.3333333333333333,0.10359624029423783,0.008274984086569064,0.11775938892425207,0.2707424338869278,1.4050505050505049,0.2310630171865054,0.8601895734597156,YMR029C,non_ess,non_ess
0.05202312138728323,0.01149623995159478,0.13513513513513514,0.625,0.11626481405803026,0.01024473534433694,0.07569721115537849,0.3926891788378174,0.6649231775089899,0.20375640295959024,1.292418772563177,YKR078W,non_ess,non_ess
0.0,0.0,0.0,0.0,0.021250510829587253,0.0,0.0,0.0,0.0,1.0,3.3831775700934577,YOL005C,non_ess,non_ess
0.04624277456647399,0.00898954101478088,0.16216216216216214,6.0,0.15079689415610953,0.00706713780918728,0.04593639575971732,0.3755115457309557,0.8037209302325582,0.2482332155477032,0.8528072837632776,YER162C,non_ess,non_ess
0.01445086705202312,0.005964214711729622,0.2972972972972973,1.5714285714285714,0.01920719248058848,0.015060240963855422,0.2078313253012048,0.3152610441767068,0.5654761904761905,0.8855421686746988,0.9607843137254902,YAL044W-A,non_ess,non_ess
0.02890173410404624,0.006915031549831446,0.0,0.0,0.085002043318349,0.007704160246533128,0.061633281972265024,0.13013729260766513,1.0158311345646438,0.2642526964560863,1.0685358255451711,YMR085W,non_ess,non_ess
0.02023121387283237,0.0045812084017633325,0.0,0.0,0.09174499387004496,0.005010737294201861,0.03793843951324266,0.13824015413536347,0.5179127725856697,0.5275590551181102,2.448504983388704,YNL317W,ess,ess
0.06647398843930635,0.017201140980205722,0.054054054054054064,1.0,0.04822231303637107,0.03034300791556728,0.26253298153034305,1.669484680415702,0.9585392051557464,0.21635883905013192,1.0718954248366013,YPR158W,non_ess,non_ess
0.023121387283236997,0.001901633676203648,0.10810810810810813,1.0,0.0067429505516959564,0.053691275167785234,0.1476510067114094,1.6031253130321546,0.9419568822553896,0.4429530201342282,1.0,YOR293C-A,non_ess,non_ess
0.060693641618497114,0.01486731783213761,0.2702702702702703,0.7692307692307693,0.05496526358806703,0.024504084014002333,0.20070011668611434,1.6870797411079304,1.0397799407532795,0.23570595099183203,1.2023809523809523,YDR098C,non_ess,non_ess
0.0,0.0,0.0,1.0,0.05394360441356764,0.0,0.0,0.0,0.0,1.0,1.0,YOL127W,non_ess,non_ess
0.01445086705202312,0.001210130521220503,0.1891891891891892,1.4,0.018798528810788726,0.015337423312883437,0.04294478527607362,0.7334507308944936,0.73559670781893,0.3282208588957055,0.6604938271604938,YLL014W,non_ess,non_ess
0.04624277456647399,0.005186273662373585,0.0,1.0,0.18001634654679197,0.005941329372447085,0.02227998514667657,0.18597525902302994,0.41492726122707146,0.2369105087263275,1.219885277246654,YER047C,non_ess,non_ess
0.03757225433526011,0.011150488374103209,0.08108108108108109,1.0,0.04515733551287291,0.0182328190743338,0.18092566619915848,0.5822244746425919,1.1122994652406415,0.2468443197755961,0.8461538461538461,YFR043C,non_ess,non_ess
0.0,0.0,0.054054054054054064,0.5,0.003064977523498161,0.0,0.0,0.0,0.0,1.0,1.0,YBR141W-A,non_ess,non_ess
0.17630057803468208,0.0536779324055666,0.0,0.0,0.35492439722108704,0.01159475384907812,0.11803839574225433,0.32902121448741345,0.7231138992993318,0.16783881391370462,1.5656028368794326,YER132C,non_ess,non_ess
0.04624277456647399,0.006137090500475408,0.0,0.0,0.0606865549652636,0.01700318809776833,0.07545164718384698,0.7462274176408077,1.442857142857143,0.3602550478214665,1.3346456692913389,YOR079C,non_ess,non_ess
0.008670520231213872,0.0007779410493560378,0.0,1.0,0.08786268900694727,0.002238805970149254,0.006716417910447761,0.05173208033904552,0.6635802469135803,0.942537313432836,2.0570032573289905,YDL084W,ess,ess
0.05202312138728323,0.00760653470481459,0.13513513513513514,0.625,0.0860237024928484,0.013709063214013708,0.06702208682406703,0.2435374759195376,0.6250245917765098,0.23914699162223915,1.2868852459016396,YGR254W,non_ess,non_ess
0.005780346820809247,0.0009508168381018238,0.08108108108108109,1.0,0.04577033101757255,0.002770083102493075,0.015235457063711913,0.0691883974910052,0.17241379310344826,0.628808864265928,2.092165898617512,YPL199C,non_ess,non_ess
0.08959537572254335,0.021868787276341943,0.13513513513513514,5.0,0.15181855333060892,0.013602457218078104,0.11101360245721807,0.3111283349757947,0.7027407786885247,0.2044756472136902,0.7114503816793893,YBL011W,non_ess,non_ess
0.005780346820809247,0.0014694442043391822,0.0,1.0,0.0063342868818962,0.013986013986013986,0.11888111888111888,0.3623277307487834,0.7246554614975668,1.0,1.0,YDR354C-A,non_ess,non_ess
0.13583815028901733,0.0987120753738439,0.13513513513513514,0.7142857142857143,0.023293829178586026,0.11989795918367345,2.9132653061224483,2.701388097138296,1.1500558659217877,0.21428571428571427,1.1666666666666663,YHL005C,non_ess,non_ess
0.05491329479768786,0.017892644135188866,0.08108108108108109,1.0,0.11789946873722927,0.010668163952835484,0.11622683885457608,0.6468946331071229,0.6606995884773662,0.2537900056148231,0.7902097902097902,YAL067C,non_ess,non_ess
0.08092485549132948,0.025672054628749243,0.027027027027027032,0.5,0.11422149570903148,0.016213086276780544,0.17197452229299362,0.348331153002066,0.6704077815188927,0.4140127388535032,3.685567010309279,YOL122C,non_ess,non_ess
0.04046242774566474,0.0060506526061025155,0.2972972972972973,2.2,0.056599918267266035,0.015891032917139614,0.07945516458569807,0.5624092139415635,0.7897435897435897,0.246311010215664,1.3231707317073171,YGR222W,non_ess,non_ess
0.0,0.0,0.0,1.0,0.03964037597057622,0.0,0.0,0.0,0.0,1.0,1.0,YCR039C,non_ess,non_ess
0.10982658959537572,0.02532630305125767,0.0,1.0,0.2092357989374745,0.012171684817424729,0.09385009609224856,0.4458177889990077,0.8259613923088615,0.2549647661755285,1.158660844250364,YER114C,non_ess,non_ess
0.05491329479768786,0.019362088339528048,0.10810810810810813,1.3333333333333333,0.06436452799346139,0.019095477386934675,0.22512562814070355,0.5072817269869949,0.8664904163912757,0.2221105527638191,0.8769841269841271,YJL213W,non_ess,non_ess
0.017341040462427744,0.0035439536692886157,0.0,0.0,0.06640784634246016,0.005853658536585366,0.04,0.4628358825961141,0.6101694915254237,0.4439024390243903,1.0270880361173815,YGR163W,non_ess,non_ess
0.06647398843930635,0.023597545163799808,0.2702702702702703,2.0,0.016550878626890073,0.07849829351535836,0.931740614334471,1.2063732523013038,0.7095058504980177,0.16382252559726962,0.9411764705882352,YMR194C-B,non_ess,non_ess
0.01445086705202312,0.0014694442043391822,0.054054054054054064,2.0,0.08173273395995098,0.004,0.0136,0.18860273972602745,0.3503688092729189,0.38,1.4797507788161997,YCL052C,non_ess,non_ess
0.0028901734104046237,8.643789437289306e-05,0.0,0.0,0.04188802615447487,0.001503759398496241,0.001503759398496241,0.025053939195815632,0.13768115942028986,0.5233082706766917,1.2608695652173911,YLR075W,ess,ess
0.05780346820809248,0.016250324142103898,0.054054054054054064,4.0,0.05598692276256642,0.022935779816513763,0.21559633027522931,0.5124042194962719,1.4178705189941148,0.19839449541284404,0.7361702127659574,YPL232W,non_ess,non_ess
0.02890173410404624,0.005013397873627798,0.0,1.0,0.035962402942378416,0.017301038062283742,0.10034602076124567,0.3494809688581315,0.6269841269841271,0.444636678200692,1.9323308270676691,YER148W-A,non_ess,non_ess
0.005780346820809247,0.00224738525369522,0.0,1.0,0.046791990192071926,0.0027137042062415195,0.035278154681139755,0.1502289687924016,0.2743055555555555,0.38670284938941657,1.0674157303370786,YML064C,non_ess,non_ess
0.02023121387283237,0.0033710778805428297,0.0,0.0,0.085002043318349,0.00539291217257319,0.0300462249614792,0.18978556753980488,0.455,0.3998459167950693,1.9080882352941173,YOL097C,ess,ess
0.011560693641618495,0.0010372547324747168,0.054054054054054064,1.0,0.040049039640375976,0.006269592476489028,0.01880877742946709,0.2013155272074945,0.9294797687861274,0.4717868338557994,1.0273037542662116,YDR298C,non_ess,non_ess
0.27167630057803466,0.05047973031376955,0.13513513513513514,10.0,0.3839395177768696,0.016528925619834708,0.10269034640407948,0.487810387996762,0.6808630442015816,0.10902057323720768,1.0820244328097732,YGR032W,non_ess,non_ess
0.026011560693641616,0.0017287578874578616,0.0,1.0,0.3447078054760932,0.0017609078458227351,0.003913128546272745,0.048609441820163794,0.43071428571428577,0.7364507924085306,4.397196261682243,YOR290C,ess,ess
0.1184971098265896,0.02532630305125767,0.0,0.0,0.08622803432774828,0.031155015197568383,0.22264437689969604,0.6725186039199246,0.6988636363636365,0.25835866261398177,1.7525773195876289,YLR085C,non_ess,non_ess
0.02023121387283237,0.0029388884086783643,0.0,0.0,0.027176134041683696,0.0155902004454343,0.0757238307349666,0.5020415738678545,1.3416666666666668,0.4120267260579065,0.6468531468531469,YDR063W,non_ess,non_ess
0.005780346820809247,0.0006050652606102515,0.027027027027027032,0.5,0.05598692276256642,0.002293577981651377,0.008027522935779817,0.05855623034845156,0.43568075117370897,0.9483944954128442,3.0182481751824817,YNL075W,ess,ess
0.04335260115606936,0.005877776817356729,0.0,0.0,0.21557008581937068,0.004665629860031105,0.021150855365474338,0.15107557219339654,0.5120101137800253,0.27744945567651635,1.4743801652892563,YKR086W,ess,ess
0.01445086705202312,0.0028524505143054713,0.0,0.0,0.1309767061708214,0.002534211860111505,0.016725798276735936,0.12605660284812711,1.3575268817204298,0.329954384186518,0.7177508269018744,YPL023C,ess,ess
0.04335260115606936,0.007347221021695911,0.0,1.0,0.2932161830813241,0.003444316877152698,0.019517795637198614,0.14495135657743669,0.6842105263157894,0.2934557979334099,1.5250596658711215,YGR116W,ess,ess
0.023121387283236997,0.006828593655458553,0.054054054054054064,0.6666666666666666,0.0939926440539436,0.0055944055944055935,0.055244755244755236,0.19193364774760124,0.8118393234672304,0.2251748251748252,0.6598360655737705,YGR117C,non_ess,non_ess
0.2167630057803468,0.319301581813467,0.4594594594594595,1.8888888888888888,0.02881078872088272,0.15856236786469344,7.809725158562367,3.107822410147991,1.2913043478260866,0.08456659619450317,1.0,YCR006C,non_ess,non_ess
0.02890173410404624,0.005704901028610943,0.054054054054054064,2.0,0.10380057212913772,0.006353240152477764,0.04193138500635324,0.1386367761844255,0.511904761904762,0.4409148665819568,2.2679738562091503,YNL295W,non_ess,non_ess
0.049132947976878616,0.013743625205290001,0.16216216216216214,1.0,0.12872905598692275,0.008762886597938144,0.08195876288659794,0.31948359027712103,0.9791029561671762,0.36237113402061855,0.8034285714285714,YGL107C,non_ess,non_ess
0.05202312138728323,0.012619932578442388,0.0,0.0,0.22292603187576626,0.005416792055371653,0.0439362022269034,0.15501873991190873,0.7575757575757576,0.24405657538368944,1.2955271565495208,YOR109W,non_ess,non_ess
0.09248554913294796,0.033883654594174084,0.2432432432432433,1.8,0.08316305680425011,0.025177025963808025,0.3084185680566483,0.6173898025368925,1.1301463414634147,0.15814319433516916,0.7230215827338129,YOR212W,non_ess,non_ess
0.0028901734104046237,0.0002593136831186792,0.0,0.0,0.10032693093583983,0.0006565988181221272,0.001969796454366382,0.11276303035987867,0.4166666666666667,0.9107025607353908,1.4066937119675456,YML043C,ess,ess
0.02023121387283237,0.012792808367188177,0.054054054054054064,2.0,0.02022885165508786,0.02017291066282421,0.4265129682997118,0.6179634966378482,0.7388888888888888,0.5677233429394812,1.858490566037736,YLR184W,non_ess,non_ess
0.02890173410404624,0.007174345232950125,0.1891891891891892,1.0,0.0651818553330609,0.009930486593843098,0.08242303872889771,0.3697302275077915,1.3783160322952708,0.522343594836147,0.906896551724138,YMR041C,non_ess,non_ess
0.03468208092485549,0.009162416803526663,0.054054054054054064,4.0,0.15222721700040867,0.00525164113785558,0.046389496717724285,0.2185165622877839,0.8924949290060852,0.2376367614879649,1.1907894736842104,YOR112W,non_ess,non_ess
0.04335260115606936,0.00786584838793327,0.2432432432432433,1.0,0.063342868818962,0.015306122448979591,0.09285714285714286,0.35266013920018874,0.8422791081750619,0.14285714285714285,0.8383233532934132,YIL041W,non_ess,non_ess
0.02890173410404624,0.0037168294580344026,0.027027027027027032,2.0,0.20760114425827544,0.003227888960619755,0.013879922530664944,0.08688117970847066,0.391578947368421,0.5497094899935442,1.5246195165622198,YIL128W,non_ess,non_ess
0.02023121387283237,0.003284639986169937,0.0,1.0,0.046996322026971814,0.00945945945945946,0.05135135135135136,0.20343582448845607,0.4490812830893803,0.2743243243243243,0.9902439024390244,YKR091W,non_ess,non_ess
0.01445086705202312,0.0013830063099662892,0.13513513513513514,1.6666666666666667,0.027993461381283204,0.010845986984815618,0.03470715835140998,0.4522776572668113,1.4142857142857144,0.3904555314533623,1.0404624277456649,YLR315W,non_ess,non_ess
0.18208092485549127,0.10943037427608264,0.08108108108108109,3.0,0.1409889660809154,0.029716981132075482,0.5971698113207548,1.2082365747460089,1.5237315875613748,0.15518867924528304,1.4059829059829059,YPL155C,non_ess,non_ess
0.005780346820809247,0.0007779410493560378,0.0,1.0,0.02472415202288517,0.0048426150121065395,0.021791767554479417,0.17070217917675545,0.20386904761904764,0.4576271186440678,0.9642857142857144,YOR012W,non_ess,non_ess
0.017341040462427744,0.006396404183594088,0.0,0.0,0.03902738046587659,0.009630818619582664,0.1187800963081862,0.16692457781067074,0.7868263473053891,0.2391653290529695,0.5775193798449613,YOL008W,non_ess,non_ess
0.049132947976878616,0.010891174690984528,0.054054054054054064,0.3333333333333333,0.07335512872905599,0.015084294587400175,0.11180124223602483,0.6012767425810904,0.9278752436647176,0.19964507542147286,0.6944444444444444,YDR142C,non_ess,non_ess
0.005780346820809247,0.0003457515774915723,0.08108108108108109,3.0,0.013077237433592155,0.008264462809917356,0.016528925619834708,0.3218417945690673,0.5476190476190477,0.5082644628099173,0.8310810810810811,YGL194C-A,non_ess,non_ess
0.026011560693641616,0.008298037859797734,0.0,0.0,0.02063751532488762,0.025495750708215296,0.2719546742209632,0.570922703358964,0.6170280612244898,0.5354107648725213,2.5540540540540544,YGR182C,non_ess,non_ess
0.2803468208092485,0.0961189385426571,0.13513513513513514,1.0,0.1385369840621169,0.04654510556621881,0.5335892514395394,1.8053859128715173,1.157386363636364,0.09692898272552784,1.1160220994475138,YMR246W,non_ess,non_ess
0.04046242774566474,0.006655717866712767,0.2432432432432433,4.5,0.08255006129955048,0.01109350237717908,0.06101426307448495,0.22394012693453846,0.5039872408293461,0.8098256735340729,1.3255512321660181,YER149C,non_ess,non_ess
0.0838150289017341,0.03785979773532717,0.1891891891891892,1.1666666666666667,0.06885982836125869,0.027332704995287463,0.41281809613572096,0.9745725781115402,1.2801358234295417,0.2064090480678605,1.3773584905660377,YFR007W,non_ess,non_ess
0.04335260115606936,0.013743625205290001,0.1891891891891892,1.4,0.09297098487944422,0.01060070671378092,0.11236749116607772,0.6767130880620801,0.9395424836601312,0.21484098939929328,0.4742589703588143,YDR316W,non_ess,non_ess
0.0028901734104046237,8.643789437289306e-05,0.027027027027027032,0.5,0.03105843890478137,0.001976284584980237,0.001976284584980237,0.06427556818181818,0.55859375,0.9743083003952572,1.6378737541528239,YHR039C-A,non_ess,non_ess
0.03757225433526011,0.0060506526061025155,0.054054054054054064,2.0,0.12423375561912547,0.006937033084311633,0.03735325506937033,0.16558553450729274,0.9072916666666668,0.5608324439701174,1.6499215070643642,YOR171C,non_ess,non_ess
0.02890173410404624,0.009335292592272452,0.0,1.0,0.06620351450756028,0.009784735812133072,0.10567514677103718,0.5272721922222385,1.1560150375939848,0.2622309197651663,0.6218097447795823,YNL332W,non_ess,non_ess
0.008670520231213872,0.0016423199930849686,0.054054054054054064,0.4,0.10175725378013896,0.0019430051813471504,0.012305699481865284,0.03554509886856297,0.15486194477791118,0.8471502590673575,2.544747081712062,YCR053W,non_ess,ess
0.011560693641618495,0.0006915031549831446,0.0,0.0,0.06947282386595832,0.003738317757009346,0.007476635514018692,0.07632679408380344,0.4124124124124125,0.6093457943925233,0.9954198473282442,YMR079W,ess,ess
0.01445086705202312,0.005272711556746477,0.21621621621621626,4.0,0.060890886800163475,0.005296610169491525,0.0646186440677966,0.10960607760053173,0.3499455337690632,0.2828389830508475,0.9206896551724141,YKL216W,non_ess,non_ess
0.0,0.0,0.0,1.0,0.027380465876583573,0.0,0.0,0.0,0.0,1.0,1.0,YIL171W-A,non_ess,non_ess
0.017341040462427744,0.0018151957818307548,0.054054054054054064,2.0,0.02554147936248468,0.014117647058823532,0.04941176470588235,0.6060130718954249,1.0793650793650793,0.9529411764705882,1.0714285714285714,YDL062W,non_ess,non_ess
0.04046242774566474,0.009940357852882704,0.2702702702702703,1.4285714285714286,0.01818553330608909,0.04416403785488959,0.3627760252365931,1.0280406589554856,0.8611111111111109,1.0,1.0,YML101C-A,non_ess,non_ess
0.04335260115606936,0.015558820987120752,0.2702702702702703,1.4285714285714286,0.0335104209235799,0.027675276752767528,0.33210332103321033,3.102284789971187,1.2123287671232874,0.16974169741697415,0.71875,YBL006C,non_ess,non_ess
0.02890173410404624,0.0036303915636615096,0.054054054054054064,1.0,0.03821005312627708,0.016366612111292964,0.06873977086743044,0.5085340191723171,0.8829365079365079,0.32078559738134205,1.9029126213592231,YGL200C,non_ess,non_ess
0.011560693641618495,0.0009508168381018238,0.0,0.0,0.018798528810788726,0.012269938650306749,0.033742331288343565,0.42007498295841855,0.5617283950617283,0.6411042944785276,2.9027777777777777,YNL244C,non_ess,non_ess
0.0,0.0,0.0,1.0,0.00878626890069473,0.0,0.0,0.0,0.0,1.0,1.0,YMR251W-A,non_ess,non_ess
0.008670520231213872,0.0006050652606102515,0.027027027027027032,0.5,0.04372701266857377,0.004335260115606936,0.010115606936416185,0.09174212302449128,0.7413294797687859,0.4161849710982659,1.0,YHR038W,non_ess,non_ess
0.02023121387283237,0.006655717866712767,0.21621621621621626,1.0,0.05557825909276666,0.008083140877598153,0.08891454965357967,0.2186327944572748,0.4716923076923077,0.4618937644341801,1.4285714285714286,YGL221C,non_ess,non_ess
0.1445086705202312,0.053245742933702135,0.10810810810810813,0.8,0.12893338782182265,0.02573340195573855,0.3170355120946989,0.9008528784648188,1.2462006079027357,0.1224909933093155,1.7500000000000002,YIL101C,non_ess,non_ess
0.005780346820809247,0.0008643789437289308,0.0,0.0,0.038823048630976714,0.0032258064516129032,0.016129032258064516,0.13815668202764975,0.4114285714285714,0.9064516129032258,2.3032786885245904,YDR167W,ess,ess
0.03757225433526011,0.01037254732474717,0.0,1.0,0.20392317123007767,0.0042706964520367935,0.039421813403416564,0.114303934451573,0.42018995098039214,0.1954664914586071,1.0456942003514935,YDR028C,non_ess,non_ess
0.005780346820809247,0.0006915031549831446,0.16216216216216214,1.5,0.05598692276256642,0.002293577981651377,0.009174311926605505,0.05489789878662327,0.4580645161290323,1.0,1.164218958611482,YBR101C,non_ess,non_ess
0.017341040462427744,0.002506698936813899,0.10810810810810813,0.6666666666666666,0.03555373927257867,0.01048951048951049,0.050699300699300696,0.5225087412587414,0.5332031250000001,0.2255244755244755,1.048780487804878,YHR189W,non_ess,non_ess
0.011560693641618495,0.0014694442043391822,0.08108108108108109,6.0,0.007764609726195342,0.024390243902439025,0.10365853658536583,0.4935992453847191,0.4483030781373323,0.7317073170731707,1.9672131147540983,YER175W-A,non_ess,non_ess
0.05491329479768786,0.015472383092747859,0.21621621621621626,1.6,0.1219861054352268,0.010320478001086366,0.09722976643128736,0.2266915428760362,0.626449275362319,0.24443237370994025,1.3513513513513509,YGR224W,non_ess,non_ess
0.0028901734104046237,0.00017287578874578615,0.027027027027027032,1.0,0.022680833673886392,0.0026109660574412533,0.0052219321148825075,0.06229019022752705,0.4126984126984127,1.0,1.0,YJR037W,non_ess,non_ess
0.08670520231213873,0.032154896706716216,0.054054054054054064,1.0,0.045565999182672665,0.04172461752433936,0.5173852573018081,1.6561781351987774,1.4002828854314004,0.15577190542420027,0.7777777777777778,YDR410C,non_ess,non_ess
0.0,0.0,0.0,1.0,0.09031467102574582,0.0,0.0,0.0,0.0,1.0,1.0,YCL069W,ess,ess
0.04046242774566474,0.008903103120407986,0.027027027027027032,2.0,0.1240294237842256,0.007482629609834314,0.055050774986638164,0.21355333095060874,1.2649191299498046,0.25387493319080706,0.9538152610441768,YDL203C,non_ess,non_ess
0.08092485549132948,0.01581813467023943,0.0,1.0,0.19677155700858195,0.009527050017012591,0.06226607689690373,0.40966315073154136,1.064788732394366,0.20347056822048315,0.7899603698811095,YKL015W,non_ess,non_ess
0.005780346820809247,0.0004321894718644654,0.027027027027027032,1.0,0.04781364936657132,0.002659574468085107,0.006648936170212766,0.07212308396247998,0.14424616792495995,0.9680851063829788,0.9680851063829788,YLR052W,non_ess,non_ess
0.026011560693641616,0.0028524505143054713,0.0,0.0,0.17225173682059666,0.003489724699495929,0.012795657231485073,0.0930689388865567,0.3923553719008264,0.3854207056998837,2.175054704595186,YLR115W,ess,ess
0.0838150289017341,0.017633330452070186,0.40540540540540543,1.25,0.12729873314262366,0.015112037519541427,0.10630536737884316,0.2839174048983846,1.192434210526316,0.2006253256904638,1.2183544303797469,YJR130C,non_ess,non_ess
0.0,0.0,0.027027027027027032,1.0,0.0406620351450756,0.0,0.0,0.0,0.0,1.0,1.7299465240641712,YBR154C,non_ess,non_ess
0.011560693641618495,0.0014694442043391822,0.0,0.0,0.031262770739681235,0.007858546168958742,0.033398821218074665,0.3166994106090373,1.36,0.6424361493123772,1.6029411764705883,YOL143C,non_ess,non_ess
0.005780346820809247,0.0002593136831186792,0.0,0.0,0.035962402942378416,0.0034602076124567475,0.005190311418685121,0.1099086276145836,0.32624113475177297,0.8287197231833909,2.2918660287081343,YFR054C,ess,ess
0.049132947976878616,0.012187743106577923,0.10810810810810813,1.0,0.06722517368205967,0.016393442622950817,0.1359691417550627,0.4480874316939891,1.409009009009009,0.2806171648987464,1.102272727272727,YKR087C,non_ess,non_ess
0.03757225433526011,0.01149623995159478,0.054054054054054064,0.2857142857142857,0.019615856150388238,0.038461538461538464,0.39349112426035504,1.0004690431519698,1.333148558758315,0.5207100591715976,1.093167701863354,YLR390W,non_ess,non_ess
0.0,0.0,0.0,1.0,0.03964037597057622,0.0,0.0,0.0,0.0,1.0,1.0,YCL067C,non_ess,non_ess
0.031791907514450865,0.008557351542916414,0.054054054054054064,2.0,0.032897425418880265,0.020637898686679174,0.18574108818011256,1.720263994783974,1.7943262411347516,0.2701688555347092,0.3711340206185567,YJR025C,non_ess,non_ess
0.06936416184971098,0.014780879937764715,0.0,0.0,0.08888434818144668,0.017712177121771217,0.12619926199261994,0.4473784518064961,0.6593406593406593,0.18302583025830252,2.48,YBR177C,non_ess,non_ess
0.03757225433526011,0.01521306940962918,0.027027027027027032,1.0,0.1158561503882305,0.007424328954882925,0.1005139920045688,0.3420902341519132,0.55,0.1907481439177613,0.5218750000000001,YCL051W,non_ess,non_ess
0.05491329479768786,0.013570749416544212,0.0,0.0,0.105026563138537,0.01193467336683417,0.0986180904522613,0.5369011725293132,1.413333333333333,0.22738693467336685,1.4655870445344132,YLR313C,non_ess,non_ess
0.06358381502890173,0.01037254732474717,0.2702702702702703,2.5,0.1319983653453208,0.011066398390342052,0.060362173038229376,0.2651780993125991,0.5036210771664029,0.15895372233400398,1.2793522267206476,YFR048W,non_ess,non_ess
0.02023121387283237,0.01633676203647679,0.027027027027027032,1.0,0.008990600735594606,0.038461538461538464,1.0384615384615383,1.0874350729656197,1.0316184351554127,0.3021978021978022,0.5392156862745098,YGL041C-B,non_ess,non_ess
0.049132947976878616,0.00959460627539113,0.027027027027027032,0.25,0.12832039231712306,0.008790072388831437,0.05739400206825233,0.25854937060942124,0.6839080459770115,0.2264736297828335,1.46,YNL115C,non_ess,non_ess
0.005780346820809247,0.001210130521220503,0.10810810810810813,1.3333333333333333,0.045361667347772784,0.002793296089385475,0.019553072625698324,0.07110679726745996,0.126912874923485,0.8645251396648045,2.3358490566037737,YJL121C,non_ess,non_ess
0.06358381502890173,0.012101305212205031,0.054054054054054064,4.0,0.1836943195749898,0.008008736803785948,0.05096468875136512,0.2955707629799928,0.6285714285714286,0.14779759737895887,0.6733001658374793,YMR273C,non_ess,non_ess
0.011560693641618495,0.003198202091797044,0.0,1.0,0.07355946056395588,0.003539823008849557,0.032743362831858414,0.1062094395280236,0.9583333333333331,0.3725663716814159,0.8734439834024896,YBR161W,ess,ess
0.02023121387283237,0.0045812084017633325,0.08108108108108109,0.75,0.04188802615447487,0.010526315789473684,0.07969924812030076,0.361016333938294,1.1310344827586207,0.3172932330827068,1.5984848484848486,YPR174C,non_ess,non_ess
0.049132947976878616,0.009162416803526663,0.0,0.0,0.028606456885982838,0.03617021276595744,0.22553191489361696,0.6627710967211429,1.017094017094017,0.2297872340425532,0.7552447552447552,YPR193C,non_ess,non_ess
0.15895953757225434,0.040625810355259744,0.13513513513513514,5.0,0.08193706579485084,0.04389465283320032,0.3750997605746209,0.7186292720479699,0.7408025825123838,1.0,7.8805031446540905,YGL004C,non_ess,non_ess
0.031791907514450865,0.006828593655458553,0.0,0.0,0.039436044135676335,0.017488076311605722,0.12559618441971382,0.5967245526069055,0.8649572649572648,0.17806041335453102,0.5283018867924528,YJL170C,non_ess,non_ess
0.0028901734104046237,0.00017287578874578615,0.0,0.0,0.002451982018798529,0.011627906976744186,0.02325581395348837,0.2611972437553833,0.5223944875107666,0.9418604651162792,0.9418604651162792,YGR174W-A,non_ess,non_ess
0.09826589595375723,0.024548362001901632,0.13513513513513514,1.6666666666666667,0.038618716796076834,0.055105348460291734,0.460291734197731,1.4453345681870804,1.3222222222222222,0.22204213938411668,1.650602409638554,YKL147C,non_ess,non_ess
0.023121387283236997,0.01037254732474717,0.0,0.0,0.04944830404577034,0.010309278350515464,0.15463917525773194,0.2603561387066541,0.6654545454545454,0.2860824742268041,0.6646706586826346,YOR039W,non_ess,non_ess
0.05491329479768786,0.031895583023597546,0.027027027027027032,1.0,0.021863506334286884,0.05121293800539083,0.9946091644204852,1.2557322155859267,1.8246696035242287,0.18059299191374664,0.5403225806451614,YPR077C,non_ess,non_ess
0.05780346820809248,0.014089376782781571,0.027027027027027032,2.0,0.08541070698814876,0.015337423312883437,0.125,0.40290584475221336,0.9923011120615912,0.19248466257668712,0.8776223776223776,YNL128W,non_ess,non_ess
0.0,0.0,0.054054054054054064,4.0,0.032080098079280764,0.0,0.0,0.0,0.0,1.0,3.6433566433566433,YAL033W,non_ess,non_ess
0.023121387283236997,0.0016423199930849686,0.08108108108108109,6.0,0.07008581937065796,0.007414272474513438,0.017608897126969416,0.2165956132221193,0.4078431372549021,0.5199258572752549,2.157692307692308,YJR139C,non_ess,non_ess
0.008670520231213872,0.0012965684155933962,0.0,0.0,0.046791990192071926,0.004070556309362279,0.0203527815468114,0.09045323150685666,0.2727272727272727,0.4287652645861601,2.257142857142857,YGL189C,ess,ess
0.02023121387283237,0.0033710778805428297,0.0,0.0,0.2885165508786269,0.0016332244517032195,0.00909939337377508,0.046334353965443394,0.2251971772519717,0.34227718152123193,1.5186335403726707,YNL088W,ess,ess
0.10115606936416184,0.035612412481631946,0.027027027027027032,0.5,0.2374335921536576,0.009898190045248868,0.1165158371040724,0.2526472442697129,1.2518628912071537,0.13857466063348414,0.7550077041602467,YPR049C,non_ess,non_ess
0.005780346820809247,0.0002593136831186792,0.0,0.0,0.0768287699223539,0.001697792869269949,0.0025466893039049238,0.047847860674205295,0.14968553459119496,0.6910016977928692,2.466666666666667,YKL080W,ess,ess
0.04624277456647399,0.014002938888408678,0.13513513513513514,1.25,0.030854107069881488,0.03180914512922465,0.3220675944333996,0.9093673254590106,1.5424836601307188,0.30417495029821073,1.0,YJL065C,non_ess,non_ess
0.07514450867052022,0.010718298902238741,0.054054054054054064,0.6666666666666666,0.09889660809154067,0.017310252996005325,0.08255659121171771,0.5054166461179332,1.5903479236812568,0.12383488681757655,1.0813953488372094,YDR330W,non_ess,non_ess
0.04335260115606936,0.013138559944679749,0.027027027027027032,0.3333333333333333,0.05905190028606457,0.016357688113413302,0.16575790621592149,0.3050629937549748,1.282958199356913,0.1897491821155944,0.8613861386138614,YNL096C,non_ess,non_ess
0.01445086705202312,0.001210130521220503,0.16216216216216214,1.2,0.014303228442991419,0.019230769230769232,0.05384615384615385,0.4203893932154802,1.0364906832298135,0.5576923076923077,1.1417322834645671,YDL130W-A,non_ess,non_ess
0.05202312138728323,0.009248854697899558,0.21621621621621626,2.0,0.1121781773600327,0.01060695344725987,0.06305244549204478,0.30123091012914793,0.8602941176470588,0.20565704183853856,0.8512195121951219,YJR052W,non_ess,non_ess
0.0028901734104046237,0.0006050652606102515,0.054054054054054064,0.6666666666666666,0.039436044135676335,0.001589825119236884,0.011128775834658187,0.04221295397765987,0.349025974025974,0.9379968203497616,1.6434540389972143,YCR027C,non_ess,non_ess
0.04624277456647399,0.009681044169764024,0.054054054054054064,1.0,0.15345320800980794,0.006947459834997829,0.0486322188449848,0.1744909385926823,0.6616541353383458,0.3634389926183239,2.4617647058823526,YER091C,non_ess,non_ess
0.017341040462427744,0.011928429423459244,0.1891891891891892,2.333333333333333,0.028606456885982838,0.01276595744680851,0.2936170212765957,0.3782791676408698,0.41098901098901097,0.4893617021276596,1.352941176470588,YLR170C,non_ess,non_ess
0.10693641618497107,0.03232777249546201,0.08108108108108109,0.75,0.07744176542705354,0.031171019376579606,0.3150800336983993,0.7516833598552217,1.1318244170096021,1.0,7.758169934640522,YOL053W,non_ess,non_ess
0.026011560693641616,0.0049269599792549044,0.08108108108108109,1.0,0.045565999182672665,0.012517385257301807,0.07927677329624479,0.5492002781641168,0.2506793478260869,0.3143254520166898,2.173076923076924,YGR036C,non_ess,non_ess
0.06647398843930635,0.019362088339528048,0.08108108108108109,6.0,0.13894564773191664,0.011004784688995215,0.10717703349282297,0.2394593039976992,0.7279143897996357,0.1382775119617225,0.9763513513513514,YBL061C,non_ess,non_ess
0.03757225433526011,0.0045812084017633325,0.0,1.0,0.17981201471189212,0.00483271375464684,0.019702602230483268,0.07984324815296884,0.19290130524387453,0.27360594795539034,2.152046783625732,YDR074W,non_ess,ess
0.03468208092485549,0.01659607571959547,0.027027027027027032,1.0,0.10993052717613404,0.007211538461538463,0.1153846153846154,0.15005244755244754,0.7231168831168832,0.2331730769230769,1.2435897435897436,YMR036C,non_ess,non_ess
0.12716763005780346,0.05255423977871899,0.10810810810810813,2.0,0.051287290559869234,0.0547945205479452,0.7571606475716065,2.472328767123288,1.7725714285714285,0.1843088418430884,0.7512690355329948,YFL013W-A,non_ess,non_ess
0.05202312138728323,0.009248854697899558,0.10810810810810813,1.3333333333333333,0.07519411524315489,0.015597920277296359,0.0927209705372617,0.3613748255394856,0.9785082174462706,0.15944540727902945,0.9435897435897436,YOL065C,non_ess,non_ess
0.017341040462427744,0.00449477050739044,0.1891891891891892,1.1666666666666667,0.026767470371883945,0.013544018058690743,0.11738148984198644,0.4143922292906491,0.8225108225108224,0.23927765237020315,0.9814814814814814,YMR225C,non_ess,non_ess
0.049132947976878616,0.01581813467023943,0.10810810810810813,1.3333333333333333,0.0670208418471598,0.016441005802707933,0.1769825918762089,0.2970868210113773,0.9544603867747968,0.3239845261121857,0.9795321637426899,YBR128C,non_ess,non_ess
0.07803468208092486,0.016509637825222582,0.0,1.0,0.12791172864732325,0.014004149377593363,0.09906639004149376,0.30040528804400274,0.7441860465116279,0.2432572614107884,1.5326797385620916,YNL299W,non_ess,non_ess
0.0028901734104046237,8.643789437289306e-05,0.0,0.0,0.04903964037597058,0.001298701298701299,0.001298701298701299,0.046073833573833566,0.2106481481481481,0.9012987012987012,1.3094339622641509,YEL051W,ess,ess
0.060693641618497114,0.0174604546633244,0.13513513513513514,1.25,0.01838986514098897,0.065625,0.63125,1.435,1.1925925925925926,0.478125,0.9935064935064936,YHR028W-A,non_ess,non_ess
0.12716763005780346,0.04702221453885383,0.027027027027027032,1.0,0.11646914589293013,0.025,0.3090909090909091,1.0574468085106383,1.026950354609929,1.0,1.0,YNR055C,non_ess,non_ess
0.0028901734104046237,8.643789437289306e-05,0.0,0.0,0.08827135267674703,0.0007429420505200594,0.0007429420505200594,0.01946428286120564,0.12567204301075266,1.0,1.9592430858806409,YBR243C,ess,ess
0.05202312138728323,0.011582677845967672,0.054054054054054064,0.2857142857142857,0.07458111973845526,0.01572052401746725,0.11703056768558953,0.4898386953034489,1.3224489795918368,0.2104803493449781,0.3783359497645212,YGR295C,non_ess,non_ess
0.005780346820809247,0.0002593136831186792,0.08108108108108109,6.0,0.016959542296689827,0.006688963210702341,0.010033444816053512,0.2150081108685639,1.9880239520958085,0.9832775919732442,1.1011235955056178,YPL046C,non_ess,non_ess
0.005780346820809247,0.0002593136831186792,0.0,0.0,0.10666121781773599,0.0012376237623762374,0.0018564356435643566,0.05933632425742575,0.42,0.8514851485148515,1.318007662835249,YDL207W,ess,ess
0.008670520231213872,0.0028524505143054713,0.027027027027027032,0.2,0.042092357989374746,0.004491017964071856,0.04940119760479042,0.07396254003620666,0.106312292358804,0.6751497005988024,5.567901234567901,YNR017W,non_ess,non_ess
0.06936416184971098,0.010286109430374276,0.054054054054054064,2.0,0.13710666121781775,0.0116335433834222,0.05768298594280175,0.4827920504120213,0.7879746835443037,0.15996122152205525,1.2547528517110265,YDR444W,non_ess,non_ess
0.0,0.0,0.08108108108108109,1.5,0.030241111565181864,0.0,0.0,0.0,0.0,1.0,2.0245901639344264,YKR020W,non_ess,non_ess
0.10404624277456646,0.03803267352407296,0.10810810810810813,1.3333333333333333,0.03105843890478137,0.07114624505928854,0.8695652173913043,2.012836556928148,1.0338760238649003,0.18379446640316205,1.0333333333333332,YLL059C,non_ess,non_ess
0.0838150289017341,0.024807675685020316,0.027027027027027032,0.25,0.061095218635063335,0.03062302006335797,0.30306230200633577,1.1047312049924176,1.0045649838882922,0.25131995776135163,0.9520000000000001,YPL157W,non_ess,non_ess
0.03468208092485549,0.003889705246780188,0.027027027027027032,2.0,0.12832039231712306,0.0062047569803516025,0.02326783867631851,0.17262317011849754,1.067889908256881,0.4270941054808687,0.7454873646209387,YEL030W,non_ess,non_ess
0.05491329479768786,0.012706370472815282,0.054054054054054064,2.0,0.1448712709440131,0.008727606798346348,0.06752411575562701,0.22026634073888207,1.0044052863436124,0.2131373449701424,2.0,YJR106W,non_ess,non_ess
0.06647398843930635,0.012706370472815282,0.0,1.0,0.17429505516959545,0.008815638175546186,0.05634342660022997,0.14078900671464872,0.5062433862433863,0.36834036029129935,3.3252595155709344,YIL066C,non_ess,non_ess
0.008670520231213872,0.0006915031549831446,0.0,0.0,0.016959542296689827,0.010033444816053512,0.026755852842809364,0.2326803631151457,0.4653607262302914,0.4548494983277592,0.4548494983277592,YIL008W,non_ess,non_ess
0.06647398843930635,0.01849770939579912,0.027027027027027032,1.0,0.15079689415610953,0.010159010600706713,0.09452296819787986,0.3996621752805498,0.763986013986014,0.32685512367491165,1.6742081447963797,YER098W,non_ess,non_ess
0.03468208092485549,0.006396404183594088,0.08108108108108109,3.0,0.09174499387004496,0.008589835361488905,0.05297065139584824,0.30286839145106864,0.4801587301587302,0.28060128847530424,0.503209242618742,YPR178W,non_ess,non_ess
0.005780346820809247,0.0012965684155933962,0.16216216216216214,0.75,0.00939926440539436,0.010638297872340424,0.0797872340425532,0.3016123670212766,0.49609375,0.6170212765957447,1.2340425531914894,YPL271W,non_ess,non_ess
0.0028901734104046237,0.00017287578874578615,0.0,1.0,0.11463015937883125,0.0005770340450086555,0.001154068090017311,0.016250526348622136,0.07357357357357358,0.7541834968263128,1.7473262032085564,YER165W,ess,ess
0.01445086705202312,0.0014694442043391822,0.0,0.0,0.2174090723334696,0.0015422578655151142,0.005243676742751388,0.05966735300479902,0.3361344537815126,0.8084515731030228,2.6555217831813573,YHR102W,ess,ess
0.01445086705202312,0.005704901028610943,0.054054054054054064,4.0,0.019615856150388238,0.014792899408284025,0.1952662721893491,0.24543774543774546,0.5963105963105962,0.33136094674556216,0.5894736842105264,YGR139W,non_ess,non_ess
0.07803468208092486,0.016163886247731005,0.027027027027027032,0.5,0.12791172864732325,0.014004149377593363,0.09699170124481328,0.34757435063154624,1.0064384954252796,0.26348547717842324,1.200945626477541,YGR054W,non_ess,non_ess
0.023121387283236997,0.0029388884086783643,0.13513513513513514,10.0,0.03841438496117695,0.013029315960912051,0.05537459283387622,0.8277303177432241,1.2075471698113212,0.3680781758957655,1.036697247706422,YMR052W,non_ess,non_ess
0.008670520231213872,0.0016423199930849686,0.08108108108108109,3.0,0.010420923579893748,0.014778325123152709,0.09359605911330048,0.4178321955237356,0.6631832797427654,1.0,1.0,YGL041C,non_ess,non_ess
0.026011560693641616,0.012101305212205031,0.054054054054054064,2.0,0.10747854515733553,0.005528255528255528,0.085995085995086,0.1902664427790056,1.243718592964824,0.3095823095823096,0.5029940119760479,YGL028C,non_ess,non_ess
0.005780346820809247,0.002074509464949433,0.0,0.0,0.027176134041683696,0.004454342984409799,0.0534521158129176,0.10157593527106652,1.7911392405063291,0.9309576837416479,1.0,YJL104W,non_ess,non_ess
0.017341040462427744,0.0017287578874578616,0.027027027027027032,0.3333333333333333,0.11176951369023294,0.0035481963335304554,0.011827321111768185,0.06400559611769335,0.3735408560311284,0.4299231224127735,1.84517766497462,YCR054C,ess,ess
0.0028901734104046237,8.643789437289306e-05,0.027027027027027032,0.25,0.0678381691867593,0.0009560229445506693,0.0009560229445506693,0.0243389247455476,0.07121263016459521,0.887189292543021,4.017316017316017,YOL086C,ess,ess
0.0838150289017341,0.036131039847869306,0.2702702702702703,2.5,0.1401716387413159,0.013757115749525616,0.198292220113852,0.4788786482334871,1.404491341991342,0.23481973434535106,0.23481973434535106,YDR176W,non_ess,non_ess
0.0,0.0,0.0,1.0,0.037188393951777685,0.0,0.0,0.0,0.0,1.0,1.6239782016348774,YER012W,non_ess,non_ess
0.18497109826589594,0.054974500821160004,0.21621621621621626,1.6,0.09991826726604006,0.04218852999340804,0.4192485168094924,0.9295941237404652,0.9917675544794188,0.14765985497692816,1.435897435897436,YNL241C,non_ess,non_ess
0.02023121387283237,0.003457515774915723,0.08108108108108109,0.75,0.08561503882304862,0.005355776587605203,0.030604437643458306,0.30698656545373754,0.3790393013100437,0.4254016832440704,1.2086956521739132,YAR018C,non_ess,non_ess
0.026011560693641616,0.01097761258535742,0.027027027027027032,0.5,0.007560277891295466,0.05590062111801242,0.7888198757763976,0.8684699744923693,0.4844547563805104,0.5838509316770186,1.7735849056603772,YBR072C-A,non_ess,non_ess
0.05491329479768786,0.015472383092747859,0.40540540540540543,1.875,0.04944830404577034,0.024484536082474227,0.2306701030927835,0.6603623408126137,0.76,0.2615979381443299,1.3904109589041096,YNL228W,non_ess,non_ess
0.026011560693641616,0.005186273662373585,0.027027027027027032,0.25,0.05762157744176542,0.010044642857142858,0.06696428571428571,0.5412778598281418,4.161654135338345,0.38950892857142855,0.8790931989924432,YNL333W,non_ess,non_ess
0.05491329479768786,0.005877776817356729,0.054054054054054064,1.0,0.10155292194523907,0.012329656067488644,0.04412719013627515,0.29737956181823805,0.8877551020408163,0.14860480207657364,0.6755162241887905,YGR123C,non_ess,non_ess
0.0028901734104046237,0.0003457515774915723,0.054054054054054064,2.0,0.019411524315488357,0.0029850746268656717,0.011940298507462687,0.08581501939123283,0.11811023622047245,1.0,1.425531914893617,YGL024W,non_ess,non_ess
0.023121387283236997,0.012101305212205031,0.0,1.0,0.04495300367797303,0.011267605633802821,0.19718309859154928,0.4230377570587847,1.0641627543035996,0.6014084507042253,0.8661257606490872,YJR056C,non_ess,non_ess
0.09248554913294796,0.014175814677154463,0.0,0.0,0.1863506334286882,0.01148600143575018,0.058865757358219674,0.4189893567214957,0.7588932806324109,1.0,14.28717948717949,YKL171W,non_ess,non_ess
0.0,0.0,0.0,1.0,0.04127503064977524,0.0,0.0,0.0,0.0,1.0,2.359712230215828,YLR363C,ess,ess
0.07514450867052022,0.02048578096637566,0.027027027027027032,0.3333333333333333,0.09889660809154067,0.017310252996005325,0.1577896138482024,0.5825122059476253,0.8282828282828283,0.2436750998668442,1.1124620060790271,YGL202W,non_ess,non_ess
0.07803468208092486,0.01685538940271415,0.054054054054054064,4.0,0.2020841847159788,0.008949287371561155,0.06463374212794168,0.20857318731271104,0.7871720116618076,0.16804772953264832,0.9168173598553344,YIL073C,non_ess,non_ess
0.060693641618497114,0.017201140980205722,0.027027027027027032,0.3333333333333333,0.031262770739681235,0.0412573673870334,0.3909626719056975,1.0059027196560564,3.2645739910313893,0.2298624754420432,1.0173913043478262,YFR026C,non_ess,non_ess
0.031791907514450865,0.0187570230789178,0.027027027027027032,0.14285714285714285,0.036575398447078064,0.018739352640545142,0.3696763202725724,0.7065706509566505,0.4645418326693228,0.626916524701874,3.315315315315315,YNL282W,non_ess,non_ess
0.08092485549132948,0.03846486299593742,0.08108108108108109,0.75,0.02063751532488762,0.07932011331444759,1.2606232294617563,2.0804953560371517,1.3136461062157656,0.7025495750708215,0.9117647058823528,YHL006W-A,non_ess,non_ess
0.03757225433526011,0.01149623995159478,0.08108108108108109,0.42857142857142855,0.05087862689006948,0.01631116687578419,0.1668757841907152,0.4540912349883491,1.1290584415584417,0.3450439146800502,1.273148148148148,YLR102C,non_ess,non_ess
0.03468208092485549,0.006569279972339874,0.0,0.0,0.020841847159787496,0.033707865168539325,0.21348314606741567,1.2601555747623163,1.811965811965812,0.3848314606741573,0.8011695906432749,YIL032C,non_ess,non_ess
0.06358381502890173,0.009940357852882704,0.08108108108108109,0.6,0.2923988557417245,0.005065622841353903,0.02647939212525904,0.07812225333561112,0.5143369175627239,0.2707805664287359,1.62655601659751,YMR190C,non_ess,non_ess
0.005780346820809247,0.0006050652606102515,0.1891891891891892,1.1666666666666667,0.029628116060482226,0.004123711340206186,0.01443298969072165,0.12383536159987599,2.0300751879699246,0.6350515463917525,0.8392370572207084,YIL138C,non_ess,non_ess
0.0028901734104046237,8.643789437289306e-05,0.027027027027027032,2.0,0.03759705762157745,0.0016611295681063125,0.0016611295681063125,0.03829481052463269,0.0512739855300409,0.8837209302325582,2.5700483091787443,YEL034C-A,non_ess,non_ess
0.005780346820809247,0.0013830063099662892,0.027027027027027032,0.5,0.017436316578122873,0.006535947712418301,0.05228758169934642,0.21367521367521367,0.6923076923076922,0.9379084967320259,1.091254752851711,YDR139C,non_ess,non_ess
0.0722543352601156,0.014694442043391822,0.0,0.0,0.10257458111973848,0.01606683804627249,0.10925449871465297,0.4009236563639624,0.9572975140336808,0.18894601542416453,1.0208333333333337,YLR392C,non_ess,non_ess
0.01445086705202312,0.0027660126199325783,0.0,0.0,0.2319166326113609,0.0014471780028943561,0.009261939218523878,0.0292498970074049,0.15370578326782705,0.5629522431259045,2.969465648854962,YIL048W,ess,ess
0.04624277456647399,0.007001469444204339,0.10810810810810813,0.6666666666666666,0.08786268900694727,0.011940298507462687,0.06044776119402985,0.21531137416366444,0.5186781609195401,0.2388059701492537,1.1594202898550725,YHR004C,non_ess,non_ess
0.03468208092485549,0.005186273662373585,0.0,0.0,0.2370249284838578,0.0033994334277620396,0.0169971671388102,0.15069050991501418,0.496875,0.32946175637393765,1.8372827804107423,YLR272C,ess,ess
0.0028901734104046237,0.0026795747255596854,0.0,0.0,0.04577033101757255,0.0013850415512465374,0.042936288088642666,0.047873553853674436,0.1358288770053476,0.9930747922437672,5.121428571428571,YOL142W,ess,ess
0.05780346820809248,0.01901633676203648,0.0,1.0,0.1213731099305272,0.010917030567685587,0.12008733624454147,0.4395987050143049,0.9523809523809522,1.0,2.6901615271659325,YDR143C,non_ess,non_ess
0.02890173410404624,0.004321894718644654,0.0,0.0,0.07968941561095219,0.008196721311475409,0.04098360655737705,0.1862358952522888,0.3942486085343229,0.3540983606557377,1.4496644295302012,YOL054W,non_ess,non_ess
0.05491329479768786,0.011582677845967672,0.054054054054054064,1.0,0.05312627707396813,0.02289156626506024,0.1614457831325301,0.8553425380353531,2.1929744525547443,0.26265060240963856,0.8549019607843138,YGL096W,non_ess,non_ess
0.03757225433526011,0.011323364162848992,0.10810810810810813,4.0,0.05169595422966899,0.016069221260815822,0.1619283065512979,0.5224931640259205,0.7808441558441559,0.32756489493201485,1.7666666666666668,YGR220C,non_ess,non_ess
0.08092485549132948,0.032587086178580686,0.16216216216216214,2.0,0.01818553330608909,0.08832807570977919,1.1892744479495267,3.10149316508938,1.551666666666667,0.20504731861198736,0.9848484848484848,YBR209W,non_ess,non_ess
0.12716763005780346,0.053591494511193716,0.0,1.0,0.2466285247241521,0.011985834922364479,0.1688913102696813,0.3377185251654462,0.8337595907928389,0.3108144919640425,1.5152722443559097,YPL110C,non_ess,non_ess
0.04335260115606936,0.011409802057221884,0.10810810810810813,1.3333333333333333,0.06538618716796077,0.01485148514851485,0.1306930693069307,0.5162916291629163,0.5136363636363637,0.2227722772277228,1.4610389610389611,YDR126W,non_ess,non_ess
0.12716763005780346,0.08911746909845276,0.027027027027027032,1.0,0.04515733551287291,0.06171107994389901,1.4460028050490883,2.43873045556075,0.8368368368368371,0.13043478260869565,0.7209302325581395,YNR057C,non_ess,non_ess
0.060693641618497114,0.016768951508341255,0.027027027027027032,1.0,0.09930527176134042,0.013925729442970823,0.1286472148541114,0.5112183298271289,0.9150470219435736,0.16246684350132626,0.765625,YPL026C,non_ess,non_ess
0.1329479768786127,0.07641109862563747,0.2972972972972973,1.2222222222222223,0.048086091813104484,0.060846560846560836,1.1693121693121693,1.6846274846274845,0.8297297297297297,0.10846560846560846,0.7256637168141592,YDR535C,non_ess,non_ess
0.031791907514450865,0.012274181000950816,0.08108108108108109,0.75,0.0805067429505517,0.008928571428571428,0.11525974025974026,0.2514285714285714,0.6980769230769229,0.2784090909090909,1.0,YBR036C,non_ess,non_ess
0.01445086705202312,0.002333823148068113,0.10810810810810813,1.0,0.017981201471189208,0.01592356687898089,0.08598726114649681,0.4315362813519032,0.7279562542720436,0.5191082802547771,2.116883116883117,YJL144W,non_ess,non_ess
0.04624277456647399,0.007347221021695911,0.054054054054054064,1.0,0.09031467102574582,0.011627906976744186,0.06177325581395349,0.25703794369645044,0.6939571150097466,0.16061046511627908,0.4793926247288504,YDR254W,non_ess,non_ess
0.09826589595375723,0.03656322931973377,0.08108108108108109,1.0,0.14793624846751124,0.0153015301530153,0.1903690369036904,0.5877036683260163,1.4475721323011963,0.15301530153015305,0.8762886597938144,YBR172C,non_ess,non_ess
0.011560693641618495,0.0027660126199325783,0.0,0.0,0.05006129955046997,0.005095541401273885,0.04076433121019108,0.13293368302735106,1.1666666666666667,0.4152866242038217,0.5800711743772242,YLR285W,ess,non_ess
0.023121387283236997,0.006915031549831446,0.027027027027027032,1.0,0.05006129955046997,0.01019108280254777,0.10191082802547773,0.2751592356687898,0.6222222222222221,0.2751592356687898,1.1933701657458564,YIL020C,non_ess,non_ess
0.031791907514450865,0.006223528394848302,0.054054054054054064,2.0,0.14255551014848114,0.0051329911339244045,0.033597760149323384,0.1761800495351592,0.2982692307692308,0.3616425571628558,2.549342105263158,YML017W,non_ess,non_ess
0.049132947976878616,0.014694442043391822,0.027027027027027032,0.2,0.07539844707805476,0.014693171996542784,0.14693171996542784,0.25306686700312514,0.5354768392370571,0.5946413137424373,3.7595628415300544,YCL008C,non_ess,non_ess
0.011560693641618495,0.016509637825222582,0.054054054054054064,0.4,0.008377605230894975,0.023121387283237,1.1040462427745663,0.4971509678481065,0.2552109811896289,0.4913294797687861,2.297297297297297,YGL188C,non_ess,non_ess
0.02023121387283237,0.005272711556746477,0.0,0.0,0.03003677973028198,0.014256619144602854,0.12423625254582485,0.6970948776082696,3.268867924528302,0.9511201629327902,0.9511201629327902,YOL099C,non_ess,non_ess
0.0838150289017341,0.02048578096637566,0.10810810810810813,1.3333333333333333,0.10890886800163466,0.01758641600970285,0.14372346876895087,0.5902987961989853,0.5117647058823529,0.08793208004851426,1.0139860139860142,YHR050W,non_ess,non_ess
0.017341040462427744,0.0044083326130175465,0.0,0.0,0.032897425418880265,0.01125703564727955,0.09568480300187618,0.29511535161737396,0.6572864321608041,0.2926829268292683,1.2,YEL018C-A,non_ess,non_ess
0.060693641618497114,0.01149623995159478,0.027027027027027032,0.25,0.14997956681651006,0.009325044404973356,0.05905861456483126,0.1965844289392948,0.5086722488038278,0.17539964476021316,1.5429687499999998,YJL132W,non_ess,non_ess
0.0028901734104046237,0.001210130521220503,0.1891891891891892,0.7777777777777778,0.016346546791990192,0.003448275862068965,0.04827586206896552,0.14285714285714285,0.6428571428571429,0.6241379310344828,1.0,YDR322C-A,non_ess,non_ess
0.005780346820809247,0.0012965684155933962,0.08108108108108109,0.5,0.0570085819370658,0.002254791431792559,0.01691093573844419,0.04790718250966849,0.07994670219853431,0.5253664036076663,2.824242424242424,YDL173W,non_ess,non_ess
0.11560693641618495,0.03578528827037773,0.08108108108108109,3.0,0.11381283203923173,0.023242300987797792,0.24055781522370714,0.9982568274259151,1.0666666666666669,0.08367228355607205,0.5274725274725275,YLL012W,non_ess,non_ess
0.049132947976878616,0.013830063099662893,0.0,0.0,0.07131181038005723,0.015496809480401094,0.14585232452142205,0.4610568006789677,1.1975369458128078,0.1941659070191432,0.5120192307692308,YLR056W,non_ess,non_ess
0.03468208092485549,0.006223528394848302,0.027027027027027032,0.5,0.10747854515733553,0.00737100737100737,0.044226044226044224,0.29301578806529305,0.8033946251768036,0.2401719901719901,1.7,YNL249C,non_ess,non_ess
0.01445086705202312,0.0017287578874578616,0.16216216216216214,1.2,0.06620351450756028,0.004892367906066536,0.019569471624266144,0.2074034169616746,0.432152117545376,0.3561643835616438,1.6470588235294117,YLR151C,non_ess,non_ess
0.0,0.0,0.0,0.0,0.05925623212096445,0.0,0.0,0.0,0.0,1.0,1.4375,YFR004W,ess,ess
0.0028901734104046237,0.00017287578874578615,0.0,1.0,0.04597466285247242,0.0013793103448275859,0.0027586206896551718,0.05759354365370506,0.5372340425531915,0.8524137931034482,1.9619047619047616,YBL092W,ess,ess
0.08670520231213873,0.029475321981156537,0.054054054054054064,0.6666666666666666,0.09337964854924398,0.0211118930330753,0.2399718508092893,0.2956635686379189,0.6257982120051087,0.1893033075299085,1.0386100386100383,YBR003W,non_ess,non_ess
0.05202312138728323,0.008211599965424842,0.2432432432432433,3.0,0.038618716796076834,0.029173419773095625,0.1539708265802269,1.2032312816651567,0.9249896394529632,0.3014586709886548,1.5121951219512195,YHR057C,non_ess,non_ess
0.0,0.0,0.0,0.0,0.14241928892521455,0.0,0.0,0.0,0.0,1.0,4.316532258064516,YJL061W,ess,ess
0.008670520231213872,0.002506698936813899,0.0,1.0,0.09072333469554557,0.002170767004341534,0.020984081041968163,0.05897110672798081,0.42471042471042464,0.8502170767004341,1.2265135699373697,YPL139C,ess,ess
0.026011560693641616,0.008557351542916414,0.0,1.0,0.08949734368614631,0.006598240469208211,0.07258064516129033,0.19384560513592766,0.7337837837837838,0.4706744868035191,2.0,YPR125W,non_ess,non_ess
0.04624277456647399,0.016682513613968362,0.0,1.0,0.0570085819370658,0.01803833145434048,0.217587373167982,0.5400519582373413,1.5922705314009662,0.322435174746336,1.2274678111587984,YFR041C,non_ess,non_ess
0.06647398843930635,0.014953755726510504,0.10810810810810813,4.0,0.0659991826726604,0.022571148184494603,0.16977428851815504,0.7200474927004203,0.7147722435078756,0.25024533856722275,1.6037735849056602,YPL244C,non_ess,non_ess
0.10693641618497107,0.037341170369089814,0.13513513513513514,1.6666666666666667,0.16387413158970168,0.01506514657980456,0.1758957654723127,0.5650096566832896,1.1343236409608093,0.10993485342019543,0.8132530120481927,YJR059W,non_ess,non_ess
0.06647398843930635,0.009075978909153772,0.7027027027027027,2.363636363636364,0.046791990192071926,0.03120759837177748,0.14246947082767975,0.5495815135581293,1.5154388524191589,0.1628222523744912,0.6153846153846154,YIR018W,non_ess,non_ess
0.02023121387283237,0.0029388884086783643,0.0,0.0,0.03391908459337965,0.012773722627737226,0.062043795620437964,0.3991648870047493,0.8117418728772441,0.2974452554744525,0.4822485207100592,YHR093W,non_ess,non_ess
0.02890173410404624,0.08419050911919786,0.32432432432432434,1.0909090909090908,0.017572537801389457,0.032467532467532464,3.1623376623376624,0.8733075435203095,0.946808510638298,0.2435064935064935,0.6818181818181818,YMR326C,non_ess,non_ess
0.005780346820809247,0.0005186273662373584,0.0,0.0,0.057212913771965676,0.0022471910112359553,0.0067415730337078645,0.06308407593955832,0.22068965517241385,0.5988764044943821,2.1755102040816325,YGL044C,ess,ess
0.15028901734104044,0.043391822975192326,0.16216216216216214,12.0,0.18083367388639152,0.019223659889094268,0.1855822550831793,0.2485466114864313,1.2754905732974222,0.1323475046210721,0.6392857142857142,YDR006C,non_ess,non_ess
0.03757225433526011,0.013743625205290001,0.0,0.0,0.0868410298324479,0.009811320754716982,0.12,0.2536526761648056,0.6064139941690964,0.3230188679245283,0.8646464646464647,YKL059C,non_ess,non_ess
0.017341040462427744,0.001901633676203648,0.1891891891891892,1.1666666666666667,0.031194660128047957,0.011811023622047244,0.043307086614173235,0.3210950375389123,0.8081395348837209,0.4862204724409449,0.9724409448818898,YPR063C,non_ess,non_ess
0.0953757225433526,0.01918921255078226,0.0,0.0,0.07355946056395588,0.02920353982300885,0.19646017699115045,0.7492643138927391,1.3811033608116678,0.12123893805309735,0.5805084745762712,YGL255W,non_ess,non_ess
0.21098265895953755,0.05739476186360099,0.2972972972972973,2.2,0.2787086228034328,0.017624336069531628,0.16030902945436987,0.4178702686744909,0.7245770647356266,0.0736359246740705,1.4055299539170507,YJR127C,non_ess,non_ess
0.09826589595375723,0.0761517849425188,0.5405405405405406,1.4285714285714286,0.011646914589293013,0.15384615384615385,3.986425339366516,2.667917448405253,1.1732261640798227,0.14027149321266968,0.9117647058823528,YJL156W-A,non_ess,non_ess
0.15606936416184972,0.037946235629700065,0.10810810810810813,1.3333333333333333,0.12872905598692275,0.027835051546391758,0.2262886597938145,1.2893553595826606,1.855421686746988,0.11030927835051546,0.4766146993318485,YFL054C,non_ess,non_ess
0.05491329479768786,0.016941827297087042,0.054054054054054064,0.2857142857142857,0.17245606865549656,0.0073586367157242455,0.07591014717273431,0.15661560917512524,0.920451417561244,0.4144074360960496,1.0490196078431373,YGR071C,non_ess,non_ess
0.12716763005780346,0.04970178926441352,0.08108108108108109,1.5,0.07723743359215368,0.037162162162162164,0.4856418918918919,0.7938081524147099,1.3765027322404375,0.11993243243243246,0.5,YHL004W,non_ess,non_ess
0.05491329479768786,0.008557351542916414,0.0,1.0,0.07498978340825503,0.01650738488271069,0.08601216333622938,0.6259742857321441,1.2119904076738608,0.21807124239791487,0.21807124239791487,YML067C,non_ess,non_ess
0.011560693641618495,0.0015558820987120756,0.0,1.0,0.06681651001225991,0.003879728419010669,0.017458777885548008,0.2559338201697782,0.3814367450731088,0.41125121241513096,2.058252427184466,YGR113W,ess,ess
0.026011560693641616,0.007260783127323019,0.08108108108108109,1.5,0.047609317531671434,0.012016021361815754,0.11214953271028036,0.3142347691659054,1.006578947368421,0.3604806408544726,0.7258064516129031,YDL202W,non_ess,non_ess
0.03468208092485549,0.003976143141153081,0.10810810810810813,2.0,0.07335512872905599,0.010647737355811893,0.040816326530612235,0.3947185679564832,0.7826086956521738,0.3779946761313221,1.0314769975786924,YDR171W,non_ess,non_ess
0.06647398843930635,0.022906042008816664,0.2702702702702703,1.6666666666666667,0.06722517368205967,0.022179363548698167,0.2555448408871745,0.6030333868079225,1.208294930875576,0.32883317261330763,1.6965174129353235,YPR127W,non_ess,non_ess
0.0028901734104046237,0.00017287578874578615,0.0,1.0,0.0461789946873723,0.0013736263736263735,0.0027472527472527475,0.04059206100022427,1.2244897959183672,1.0,1.0,YGR075C,ess,ess
0.0028901734104046237,0.0009508168381018238,0.054054054054054064,1.0,0.051287290559869234,0.0012453300124533,0.0136986301369863,0.033944310776336306,0.10150044130626654,0.6400996264009963,1.4397759103641457,YEL019C,non_ess,non_ess
0.06936416184971098,0.00786584838793327,0.054054054054054064,4.0,0.20187985288107888,0.007962840079628402,0.030192435301924364,0.1758158894854316,0.6397058823529411,0.2183145321831453,0.8083538083538083,YDR270W,non_ess,non_ess
0.017341040462427744,0.0029388884086783643,0.054054054054054064,1.0,0.04944830404577034,0.007731958762886598,0.04381443298969072,0.13165586140928898,1.2010309278350515,0.6945876288659794,1.7614379084967318,YGR135W,non_ess,non_ess
0.0028901734104046237,0.0003457515774915723,0.0,0.0,0.053739272578667764,0.0011918951132300355,0.004767580452920143,0.03175964417570278,0.0975609756097561,0.7163289630512515,3.664634146341464,YBR257W,ess,ess
0.026011560693641616,0.012447056789696605,0.2972972972972973,3.6666666666666665,0.01920719248058848,0.02710843373493976,0.43373493975903615,0.6084495048255849,1.375916230366492,0.4789156626506024,1.0,YJR086W,non_ess,non_ess
0.02023121387283237,0.009767482064136915,0.13513513513513514,5.0,0.024928483857785046,0.016826923076923076,0.27163461538461536,0.3184534507548526,0.8691588785046728,0.3125,0.9420289855072465,YOR333C,non_ess,non_ess
0.031791907514450865,0.00509983576800069,0.027027027027027032,0.25,0.12382509194932573,0.005888650963597432,0.031584582441113486,0.10280081097088706,0.3984295845997974,0.4004282655246253,1.040333796940195,YNR006W,non_ess,non_ess
0.005780346820809247,0.0006915031549831446,0.08108108108108109,0.75,0.09521863506334287,0.0013812154696132596,0.0055248618784530384,0.04981123388581952,0.05741935483870968,0.7479281767955801,6.084269662921348,YGL097W,non_ess,non_ess
0.031791907514450865,0.007952286282306162,0.0,0.0,0.08541070698814876,0.008435582822085891,0.0705521472392638,0.6437116564417178,2.0222222222222226,0.3113496932515337,1.1906158357771262,YPL123C,non_ess,non_ess
0.13005780346820808,0.037427608263462704,0.35135135135135137,2.1666666666666665,0.16121781773600327,0.018618121638394703,0.17914770376499792,0.5673051181581446,0.6875477463712758,0.18287132809267687,1.6870229007633588,YER144C,non_ess,non_ess
0.0953757225433526,0.030080387241766787,0.054054054054054064,0.2857142857142857,0.07846342460155292,0.027454242928452586,0.2895174708818636,0.5032947494248454,1.1638433768397665,0.1480865224625624,0.8202764976958525,YNL092W,non_ess,non_ess
0.023121387283236997,0.005532025239865157,0.0,0.0,0.16959542296689825,0.0031496062992125984,0.025196850393700787,0.1138920134983127,0.34,0.4771653543307087,2.2611940298507465,YNL126W,ess,ess
0.017341040462427744,0.00449477050739044,0.0,0.0,0.03677973028197794,0.010169491525423728,0.08813559322033898,0.465097300690521,0.35897435897435903,0.2830508474576271,1.452173913043478,YJL218W,non_ess,non_ess
0.01445086705202312,0.0019880715705765406,0.0,0.0,0.12464241928892522,0.002659574468085107,0.012234042553191491,0.07142187646452339,0.3382630585273757,0.6617021276595745,1.8594917787742904,YDR228C,ess,ess
0.17630057803468208,0.04702221453885383,0.054054054054054064,2.0,0.2785042909685329,0.0147378593863252,0.1314327132157526,0.3969864663268867,0.9596088435374148,0.16719014254650882,1.0846394984326018,YGR270W,non_ess,non_ess
0.005780346820809247,0.00112369262684761,0.08108108108108109,0.6,0.08071107478545159,0.0016194331983805667,0.010526315789473684,0.041586725434275336,0.41625615763546797,0.6510121457489878,1.4460431654676258,YML074C,non_ess,non_ess
0.011560693641618495,0.0005186273662373584,0.0,0.0,0.08581937065794852,0.003053435114503817,0.004580152671755725,0.11114503816793893,0.4313479623824451,0.7374045801526717,1.8260869565217392,YBR236C,ess,ess
0.02890173410404624,0.00786584838793327,0.10810810810810813,1.3333333333333333,0.08745402533714754,0.0074962518740629685,0.068215892053973,0.2062922027358414,0.7892882311486963,0.4295352323838081,1.019572953736655,YIL071C,non_ess,non_ess
0.0953757225433526,0.042527444031463385,0.13513513513513514,1.25,0.15222721700040867,0.014442013129102843,0.2153172866520788,0.4261000680359672,0.8100398053958425,0.15054704595185994,1.4273858921161824,YLR069C,non_ess,non_ess
0.026011560693641616,0.0047540841905091185,0.0,0.0,0.10114425827543932,0.0058631921824104215,0.035830618892508145,0.18738762214983712,0.5099999999999999,0.31205211726384363,1.5015673981191222,YMR131C,ess,non_ess
0.01445086705202312,0.0029388884086783643,0.027027027027027032,2.0,0.03105843890478137,0.009881422924901186,0.06719367588932806,0.5347167325428195,0.6333333333333333,0.6343873517786561,1.4330357142857142,YLR164W,non_ess,non_ess
0.08092485549132948,0.01581813467023943,0.10810810810810813,0.6666666666666666,0.15672251736820594,0.011909825606125057,0.07783921735431731,0.2424866105935246,0.5981890209394454,0.09825606125053167,0.8339350180505415,YPL176C,non_ess,non_ess
0.0028901734104046237,0.0002593136831186792,0.0,0.0,0.024928483857785046,0.002403846153846154,0.007211538461538463,0.056411136939983085,0.15384615384615385,1.0,1.6186770428015564,YIL040W,non_ess,non_ess
0.049132947976878616,0.006396404183594088,0.054054054054054064,0.4,0.16530445443400082,0.006863140896245457,0.02987484860718612,0.2027399550613116,0.7546517809675706,0.17763423496164715,0.4602510460251046,YPL032C,non_ess,non_ess
0.01445086705202312,0.0033710778805428297,0.1891891891891892,1.4,0.0018389865140988968,0.06493506493506493,0.5064935064935064,1.596244131455399,0.9389671361502347,1.0,1.0,YOR302W,non_ess,non_ess
0.031791907514450865,0.00561846313423805,0.4594594594594595,1.3076923076923077,0.053330608908867996,0.013205282112845138,0.07803121248499399,0.3046481750594975,1.1150097465886937,0.2845138055222089,0.6970588235294117,YKL023W,non_ess,non_ess
0.049132947976878616,0.008211599965424842,0.027027027027027032,2.0,0.30057212913771963,0.003809097019941743,0.0212861304055568,0.11758319729415405,0.5003306878306878,0.2484875644185525,2.4535398230088497,YGL197W,non_ess,non_ess
0.023121387283236997,0.005532025239865157,0.2432432432432433,0.8181818181818182,0.01920719248058848,0.024096385542168683,0.1927710843373494,0.6465297810962158,2.5446009389671365,0.39156626506024095,0.7142857142857142,YEL068C,non_ess,non_ess
0.03468208092485549,0.01884346097329069,0.054054054054054064,0.4,0.11197384552513284,0.007083825265643448,0.12868949232585594,0.282914189591583,0.666130329847144,0.269185360094451,1.1428571428571428,YPR111W,non_ess,non_ess
0.0838150289017341,0.021868787276341943,0.027027027027027032,1.0,0.18083367388639152,0.010720887245841035,0.0935304990757856,0.4631678549423466,0.8822751322751321,0.12532347504621072,0.6197440585009141,YDL154W,non_ess,non_ess
0.05780346820809248,0.009248854697899558,0.10810810810810813,8.0,0.06232120964446261,0.02072538860103627,0.11088082901554404,0.8028929188255612,0.8487654320987654,0.1803108808290156,0.9456521739130436,YLR257W,non_ess,non_ess
0.05491329479768786,0.006915031549831446,0.0,1.0,0.06620351450756028,0.01859099804305284,0.07827788649706457,0.4436255588071599,0.6701993040177159,0.1859099804305284,1.4728682170542635,YDR400W,non_ess,non_ess
0.017341040462427744,0.003457515774915723,0.16216216216216214,2.0,0.010625255414793628,0.029126213592233014,0.1941747572815534,0.7640584446794194,0.8062234794908062,0.470873786407767,1.5396825396825398,YDL085C-A,non_ess,non_ess
0.011560693641618495,0.0009508168381018238,0.0,0.0,0.03677973028197794,0.006779661016949152,0.01864406779661017,0.13195535345183962,0.7560975609756098,0.4627118644067797,1.4999999999999998,YER029C,non_ess,non_ess
0.04335260115606936,0.008557351542916414,0.054054054054054064,0.5,0.1076828769922354,0.00919681177191907,0.06069895769466585,0.25167518914931825,0.7055837563451777,0.3525444512568976,1.0,YPR198W,non_ess,non_ess
0.11271676300578035,0.044861267179531504,0.10810810810810813,2.0,0.06048222313036373,0.04157782515991471,0.5533049040511727,1.3620645430206646,1.4661654135338344,0.10021321961620468,0.9791666666666666,YOR120W,non_ess,non_ess
0.011560693641618495,0.0028524505143054713,0.027027027027027032,1.0,0.05843890478136495,0.004405286343612335,0.03634361233480176,0.11018279406552232,0.2211275314723591,0.8414096916299559,3.043824701195218,YER076C,non_ess,non_ess
0.02890173410404624,0.008816665226035093,0.0,0.0,0.09828361258684104,0.006697923643670462,0.06831882116543872,0.29078227128900386,0.9926854754440959,0.5036838580040187,1.5130784708249496,YFL027C,non_ess,non_ess
0.04624277456647399,0.027487250410580002,0.16216216216216214,0.8571428571428571,0.1219861054352268,0.008690928843020097,0.17273221075502446,0.2502136646623338,1.3240093240093238,0.3432916892992939,0.7417840375586855,YNL209W,non_ess,non_ess
0.017341040462427744,0.010113233641628491,0.027027027027027032,0.14285714285714285,0.03425963765154611,0.0108499095840868,0.2115732368896926,0.21762535408544045,0.581888246628131,0.3598553345388789,1.3266666666666669,YJR094W-A,non_ess,non_ess
0.03757225433526011,0.0060506526061025155,0.027027027027027032,0.5,0.13771965672251738,0.006274131274131275,0.03378378378378378,0.1578812468642977,0.3472008217770929,0.5019305019305019,1.8118466898954704,YMR301C,non_ess,non_ess
0.05780346820809248,0.006655717866712767,0.0,1.0,0.17899468737229265,0.007468259895444362,0.028752800597460788,0.18552729845524946,0.8625730994152049,0.3700522778192681,3.3033333333333332,YJR036C,non_ess,non_ess
0.05202312138728323,0.00959460627539113,0.1891891891891892,1.1666666666666667,0.05986922762566409,0.0193756727664155,0.11948331539289556,0.7126415027383811,0.9890109890109888,0.20990312163616792,0.9558823529411764,YOR292C,non_ess,non_ess
0.04046242774566474,0.00760653470481459,0.21621621621621626,0.8888888888888888,0.09378831221904374,0.009810791871058164,0.06166783461807989,0.7523559497536842,0.5314730694354315,0.2417659425367905,1.4618644067796611,YPL259C,non_ess,non_ess
0.011560693641618495,0.001210130521220503,0.0,0.0,0.08765835717204741,0.0029917726252804786,0.010471204188481676,0.16766221657564984,0.2767123287671233,0.4098728496634256,1.7232704402515722,YOR250C,ess,ess
0.07803468208092486,0.015472383092747859,0.10810810810810813,1.3333333333333333,0.12729873314262366,0.014069828035435123,0.09327774882751433,0.41685063243166426,1.030909090909091,0.18603439291297552,0.8771498771498772,YHR117W,non_ess,non_ess
0.05780346820809248,0.008211599965424842,0.0,1.0,0.19513690232938294,0.00686106346483705,0.03259005145797598,0.3090043442714929,0.8051761322789359,0.4706689536878216,2.8523908523908523,YDR166C,non_ess,non_ess
0.023121387283236997,0.003284639986169937,0.027027027027027032,0.25,0.1510012259910094,0.0035288928098809,0.016762240846934274,0.19342861658438087,0.5166598107774578,0.6638729598588443,1.3109756097560978,YNL059C,non_ess,non_ess
0.008670520231213872,0.0007779410493560378,0.027027027027027032,2.0,0.022885165508786276,0.007772020725388602,0.023316062176165803,0.5500563189907637,0.34347826086956523,0.5958549222797928,1.3939393939393938,YAL065C,non_ess,non_ess
0.023121387283236997,0.003803267352407295,0.13513513513513514,0.8333333333333334,0.035349407437678795,0.0140597539543058,0.0773286467486819,0.4815666582977655,1.0644897959183672,0.5659050966608085,2.050955414012739,YIL024C,non_ess,non_ess
0.049132947976878616,0.007433658916068805,0.054054054054054064,0.6666666666666666,0.04372701266857377,0.024566473988439308,0.12427745664739885,0.8933422791081751,1.1991071428571431,0.2239884393063584,1.4903846153846154,YLR168C,non_ess,non_ess
0.031791907514450865,0.006828593655458553,0.0,0.0,0.034463969486445985,0.019784172661870502,0.1420863309352518,0.3018499486125385,0.5200680272108844,0.3237410071942446,1.782178217821782,YPR153W,non_ess,non_ess
0.02023121387283237,0.00449477050739044,0.13513513513513514,2.5,0.01838986514098897,0.021875,0.1625,0.5495,0.5854545454545454,0.390625,1.9230769230769231,YKL044W,non_ess,non_ess
0.026011560693641616,0.0042354568242717605,0.0,1.0,0.0976706170821414,0.006064690026954178,0.0330188679245283,0.19388740947617966,0.6822289156626505,0.7998652291105122,3.0751295336787567,YGR091W,non_ess,non_ess
0.023121387283236997,0.005186273662373585,0.0,0.0,0.08316305680425011,0.006294256490952006,0.04720692368214005,0.13565531899902533,0.8507462686567164,0.26278520849724624,0.7405764966740576,YML080W,non_ess,non_ess
0.01445086705202312,0.0027660126199325783,0.0,1.0,0.03575807110747855,0.008695652173913044,0.05565217391304348,0.32966577935522035,0.5064247921390779,0.5495652173913044,2.2411347517730498,YER115C,non_ess,non_ess
0.15895953757225434,0.046071397700752005,0.054054054054054064,0.6666666666666666,0.12954638332652227,0.028176229508196718,0.2730532786885246,0.5199142476767254,0.9531921196859724,0.0778688524590164,0.7004608294930875,YJR004C,non_ess,non_ess
0.02023121387283237,0.007001469444204339,0.13513513513513514,0.8333333333333334,0.0253371475275848,0.016587677725118485,0.19194312796208526,0.7524410437960373,0.8674698795180723,0.919431279620853,0.9822784810126582,YPR100W,non_ess,non_ess
0.0838150289017341,0.016163886247731005,0.10810810810810813,0.8,0.1702084184715979,0.011377010592389172,0.07336210278540604,0.6517019361687397,1.364705882352941,0.1781090623774029,0.7734241908006814,YPL105C,non_ess,non_ess
0.011560693641618495,0.0009508168381018238,0.0,1.0,0.08745402533714754,0.0029985007496251873,0.008245877061469266,0.13921610623259795,0.4960317460317461,0.4917541229385307,1.2762645914396886,YDR165W,ess,ess
0.02890173410404624,0.002333823148068113,0.0,0.0,0.2470371883939518,0.0027196083763937995,0.007342942616263258,0.10391094286449598,0.2503871966959215,0.4422083220016317,3.2390438247011946,YFL008W,ess,ess
0.060693641618497114,0.010199671536001384,0.054054054054054064,0.4,0.09746628524724152,0.014179608372721137,0.07967589466576637,1.5556145634971816,1.2426966292134831,0.17285617825793384,0.7975077881619937,YLR227C,non_ess,non_ess
0.05491329479768786,0.011064050479730312,0.08108108108108109,0.75,0.031262770739681235,0.03732809430255403,0.2514734774066797,0.6199096366164704,1.3748568811541106,0.2357563850687623,0.8219178082191781,YDR073W,non_ess,non_ess
0.02890173410404624,0.004840522084882012,0.027027027027027032,2.0,0.06211687780956274,0.010395010395010396,0.058212058212058215,0.205848561111719,0.6058114035087719,0.24844074844074845,1.0482456140350878,YDL183C,non_ess,non_ess
0.07803468208092486,0.01737401676895151,0.0,0.0,0.1581528402125051,0.011382799325463743,0.08473861720067452,0.23968658742236665,0.6416510318949344,0.13406408094435074,1.0816326530612246,YBR114W,non_ess,non_ess
0.10115606936416184,0.016250324142103898,0.0,0.0,0.4530036779730282,0.00522310102969706,0.02805551410237278,0.06879570213400985,0.2372294372294372,0.11222205640949112,2.1734104046242773,YNR016C,non_ess,non_ess
0.05780346820809248,0.011669115740340566,0.08108108108108109,1.5,0.13874131589701674,0.009583133684714902,0.06468615237182558,0.3736889740722994,0.7860082304526749,0.3248682319118352,1.5804195804195804,YDR338C,non_ess,non_ess
0.060693641618497114,0.005791338922983836,0.10810810810810813,0.5,0.1356763383735186,0.010284035259549459,0.03281096963761019,0.24797794698429745,0.4847782258064514,0.2238001958863859,2.058558558558558,YPR074C,non_ess,non_ess
0.011560693641618495,0.003284639986169937,0.0,0.0,0.07008581937065796,0.003707136237256719,0.03521779425393883,0.15396573888606535,0.3817204301075269,0.8433734939759037,2.6224783861671472,YHR069C,ess,ess
0.01445086705202312,0.0029388884086783643,0.0,1.0,0.023498161013485903,0.012658227848101266,0.08607594936708861,0.3005636145246235,0.7153284671532847,1.0,1.0,YNL324W,non_ess,non_ess
0.11271676300578035,0.027746564093698675,0.054054054054054064,0.6666666666666666,0.16223947691050267,0.016036184210526317,0.13199013157894735,0.3323577786377709,0.6581485053037607,0.12664473684210525,1.4597156398104263,YOR162C,non_ess,non_ess
0.026011560693641616,0.003889705246780188,0.0,0.0,0.047132543250238385,0.012129380053908356,0.060646900269541774,0.22162023053271748,0.7620603015075376,0.3975741239892183,1.6388888888888888,YGL183C,non_ess,non_ess
0.005780346820809247,0.00017287578874578615,0.0,0.0,0.02308949734368615,0.005141388174807198,0.005141388174807198,0.13641816623821765,0.20380952380952372,1.0,1.0,YMR306C-A,non_ess,non_ess
0.04624277456647399,0.008643789437289308,0.027027027027027032,0.2,0.05680425010216592,0.01809954751131222,0.11312217194570134,0.9281447963800904,2.055757575757576,0.1493212669683258,0.6666666666666666,YOR114W,non_ess,non_ess
0.023121387283236997,0.0027660126199325783,0.0,0.0,0.1275030649775235,0.004162330905306972,0.01664932362122789,0.12550485899222208,0.461864406779661,0.5665972944849116,1.459785522788204,YPL210C,ess,ess
0.0028901734104046237,0.0006050652606102515,0.0,1.0,0.02165917449938701,0.002717391304347826,0.019021739130434784,0.191600790513834,0.8,1.0,1.0,YCL065W,non_ess,non_ess
0.0028901734104046237,8.643789437289306e-05,0.027027027027027032,0.14285714285714285,0.07887208827135267,0.0008278145695364237,0.0008278145695364237,0.029307980466920864,0.1019283746556474,0.7947019867549668,2.750716332378224,YDL105W,ess,ess
0.04624277456647399,0.011409802057221884,0.35135135135135137,1.4444444444444444,0.027584797711483453,0.035164835164835165,0.2901098901098901,0.9470941429704316,5.085910652920963,0.5846153846153846,1.1465517241379313,YHR021W-A,non_ess,non_ess
0.03757225433526011,0.007347221021695911,0.0,0.0,0.1620351450756028,0.005351996706463565,0.03499382461918485,0.22966012533735874,0.6345238095238095,0.3746397694524496,3.1597222222222228,YOR256C,non_ess,non_ess
0.0953757225433526,0.028783818826173393,0.13513513513513514,1.6666666666666667,0.08398038414384963,0.025720966484801246,0.2595479345284489,0.4815099708311919,0.8310043668122271,0.18550272798129386,1.4251497005988023,YCL011C,non_ess,non_ess
0.011560693641618495,0.0009508168381018238,0.054054054054054064,0.4,0.09113199836534533,0.002881844380403458,0.007925072046109509,0.18377628348809905,0.15587761674718195,0.4675792507204611,2.7854077253218885,YLR163C,non_ess,non_ess
0.008670520231213872,0.001210130521220503,0.16216216216216214,2.0,0.03739272578667757,0.005008347245409015,0.02337228714524207,0.14900524815761074,0.4569850039463299,0.4373956594323873,1.3299492385786795,YDR084C,non_ess,non_ess
0.0028901734104046237,0.0010372547324747168,0.0,0.0,0.007764609726195342,0.006097560975609756,0.07317073170731707,0.18553541150384767,0.37107082300769534,0.8841463414634146,0.8841463414634146,YBR200W-A,non_ess,non_ess
0.03757225433526011,0.010026795747255596,0.027027027027027032,0.3333333333333333,0.12464241928892522,0.006914893617021276,0.061702127659574474,0.2642028184581376,0.5402597402597403,1.0,1.0,YHR166C,non_ess,non_ess
0.06647398843930635,0.01737401676895151,0.1891891891891892,1.0,0.21659174499387007,0.007120743034055728,0.062229102167182665,0.12377102334532675,0.9052364864864864,0.19752321981424148,0.8035264483627204,YER033C,non_ess,non_ess
0.008670520231213872,0.0004321894718644654,0.054054054054054064,0.6666666666666666,0.029219452390682476,0.006263048016701462,0.010438413361169102,0.14634546229601372,0.4994764397905759,0.8204592901878914,1.6582278481012658,YML077W,non_ess,non_ess
0.15606936416184972,0.2971734808540064,0.13513513513513514,1.0,0.037188393951777685,0.09060402684563758,5.768456375838926,1.5345158197507192,0.8241758241758241,0.10570469798657718,0.5163934426229508,YPL067C,non_ess,non_ess
0.04046242774566474,0.006828593655458553,0.10810810810810813,2.0,0.11381283203923173,0.008134805345729227,0.04590354445090064,0.24893502493556674,0.4746528898934452,0.2306798373038931,1.4924812030075187,YOL027C,non_ess,non_ess
0.023121387283236997,0.0027660126199325783,0.0,1.0,0.022067838169186758,0.0213903743315508,0.0855614973262032,0.7537638831756479,0.8923076923076924,0.22459893048128346,0.7118644067796611,YDL071C,non_ess,non_ess
0.05202312138728323,0.006482842077966981,0.027027027027027032,1.0,0.12178177360032695,0.009793253536452664,0.040805223068552776,0.48296202966611296,1.223684210526316,0.26278563656147985,1.4815950920245398,YMR098C,non_ess,non_ess
0.017341040462427744,0.0010372547324747168,0.08108108108108109,0.75,0.06579485083776053,0.005905511811023622,0.011811023622047244,0.18635789630069827,0.1556603773584906,0.3622047244094488,3.041322314049587,YBL031W,non_ess,non_ess
0.03468208092485549,0.00561846313423805,0.08108108108108109,1.5,0.08316305680425011,0.00944138473642801,0.05114083398898505,0.3492568936357385,0.7307086614173227,0.3013375295043273,1.4507575757575757,YDR218C,non_ess,non_ess
0.04624277456647399,0.010631861007865848,0.08108108108108109,3.0,0.035349407437678795,0.0281195079086116,0.21616871704745166,1.2348282670485364,1.4913580246913585,0.2460456942003515,0.8045977011494253,YLR254C,non_ess,non_ess
0.12716763005780346,0.036131039847869306,0.16216216216216214,1.2,0.06559051900286066,0.04343534057255676,0.4126357354392892,1.055744706569696,1.6366030283080977,0.10661401776900296,0.8437500000000001,YKL151C,non_ess,non_ess
0.06647398843930635,0.009940357852882704,0.13513513513513514,2.5,0.09705762157744176,0.015593220338983053,0.07796610169491526,0.4092620599739245,1.0293706293706295,0.2033898305084746,1.3953488372093024,YCR045C,non_ess,non_ess
0.04624277456647399,0.013311435733425534,0.0,1.0,0.05598692276256642,0.01834862385321101,0.17660550458715596,0.3127212309470491,1.0136005726556907,0.1651376146788991,0.96,YGR205W,non_ess,non_ess
0.0028901734104046237,0.0004321894718644654,0.0,0.0,0.01409889660809154,0.003891050583657589,0.019455252918287938,0.16177337578115789,0.98989898989899,1.0,1.1843317972350231,YLR363W-A,non_ess,non_ess
0.15028901734104044,0.025239865156884776,0.10810810810810813,8.0,0.2595014303228443,0.013471502590673576,0.07564766839378237,0.2475711744755129,0.5851693911395405,0.08367875647668394,0.5159744408945687,YKL215C,non_ess,non_ess
0.011560693641618495,0.0007779410493560378,0.0,1.0,0.03698406211687781,0.006745362563237775,0.01517706576728499,0.15179601617872673,0.2293233082706767,0.8026981450252951,3.2162162162162162,YGL247W,non_ess,non_ess
0.026011560693641616,0.003976143141153081,0.0,0.0,0.021863506334286884,0.024258760107816708,0.12398921832884095,0.816543126684636,0.9732142857142856,0.24258760107816715,0.6521739130434783,YBR292C,non_ess,non_ess
0.011560693641618495,0.00112369262684761,0.08108108108108109,0.375,0.02751668709985016,0.00881057268722467,0.028634361233480177,0.21478218306412145,0.5111111111111112,0.4405286343612335,1.1299435028248588,YDR424C,non_ess,non_ess
0.06358381502890173,0.0312040798686144,0.40540540540540543,2.5,0.008377605230894975,0.12716763005780346,2.0867052023121397,2.9065347310669147,1.2118644067796611,0.2138728323699422,0.2138728323699422,YML100W-A,non_ess,non_ess
0.02023121387283237,0.0027660126199325783,0.0,1.0,0.14078463424601553,0.0033065658951346244,0.015115729806329713,0.0891655708613668,0.2591891891891892,0.480869154463864,3.3267973856209148,YBL035C,ess,ess
0.005780346820809247,0.0004321894718644654,0.027027027027027032,1.0,0.023293829178586026,0.005102040816326529,0.012755102040816329,0.17036379769299026,0.5163043478260869,0.5306122448979592,1.1751412429378532,YGL015C,non_ess,non_ess
0.03468208092485549,0.007001469444204339,0.027027027027027032,1.0,0.02308949734368615,0.030848329048843187,0.20822622107969152,1.1263808795942472,2.3567567567567567,0.4267352185089974,0.8469387755102041,YIL141W,non_ess,non_ess
0.04624277456647399,0.008298037859797734,0.0,1.0,0.16448712709440133,0.006490872210953347,0.03894523326572008,0.7623970150001252,1.154795821462488,0.3886409736308317,1.3195592286501376,YOR195W,non_ess,non_ess
0.04624277456647399,0.013916500994035784,0.027027027027027032,0.3333333333333333,0.05292194523906825,0.01934703748488513,0.1946795646916566,0.3498423066854486,0.8318114874815906,0.2043530834340992,1.0903225806451613,YDL051W,non_ess,non_ess
0.02023121387283237,0.0030253263030512573,0.0,1.0,0.10257458111973848,0.0044987146529562975,0.02249357326478149,0.1368161728228025,1.2997076023391814,0.5996143958868895,1.1160287081339713,YHR170W,ess,ess
0.18786127167630054,0.05056616820814245,0.054054054054054064,1.0,0.21025745811197386,0.020720433535224736,0.18648390181702265,0.4949223552985108,1.231420870234886,0.1071087025820848,1.195729537366548,YLR450W,non_ess,non_ess
0.0722543352601156,0.015645258881493648,0.08108108108108109,1.5,0.060890886800163475,0.026483050847457626,0.1917372881355932,0.5444041586580465,1.0667239404352806,0.3072033898305085,1.013986013986014,YJL133W,non_ess,non_ess
0.04624277456647399,0.011150488374103209,0.2972972972972973,1.375,0.10850020433183492,0.009738283627510651,0.07851491174680462,0.3441073773905244,1.1017543859649122,0.30310407790626903,1.3606557377049182,YMR155W,non_ess,non_ess
0.18497109826589594,0.03405653038291987,0.08108108108108109,1.5,0.2357989374744585,0.018223234624145785,0.1121867881548975,0.4830813833091738,1.0747474747474748,0.09567198177676538,1.0151057401812689,YPL006W,non_ess,non_ess
0.049132947976878616,0.010804736796611637,0.10810810810810813,1.0,0.05006129955046997,0.021656050955414008,0.1592356687898089,0.7158990690837824,1.198717948717949,0.22165605095541396,1.2167832167832169,YDR428C,non_ess,non_ess
0.049132947976878616,0.010113233641628491,0.054054054054054064,2.0,0.03575807110747855,0.02956521739130435,0.2034782608695652,1.2848015122873344,1.379710144927536,0.2591304347826087,0.6008064516129032,YLR011W,non_ess,non_ess
0.011560693641618495,0.0017287578874578616,0.10810810810810813,0.5714285714285714,0.11054352268083367,0.002390914524805738,0.011954572624028692,0.14657030556612144,0.3939393939393939,0.4423191870890616,0.9057527539779682,YPL120W,non_ess,non_ess
0.0028901734104046237,0.00017287578874578615,0.054054054054054064,0.5,0.0067429505516959564,0.006711409395973154,0.013422818791946308,0.2505145413870246,0.14666666666666667,1.0,2.0135135135135136,YBR196C-A,non_ess,non_ess
0.0838150289017341,0.013570749416544212,0.054054054054054064,4.0,0.1961585615038823,0.009897610921501706,0.05358361774744028,1.0855236913257391,1.0807453416149069,0.09180887372013652,0.4574829931972789,YBL005W,non_ess,non_ess
0.11560693641618495,0.03535309879851327,0.1891891891891892,1.75,0.16387413158970168,0.016286644951140062,0.16653094462540716,0.3561346362649294,1.0325476992143658,0.15553745928338766,1.1471471471471473,YHR028C,non_ess,non_ess
0.09248554913294796,0.0224738525369522,0.0,0.0,0.12341642827952595,0.017185821697099892,0.13963480128893666,0.4031159730115858,0.6610973131632423,0.3351235230934479,1.0097087378640777,YGR013W,non_ess,non_ess
0.07803468208092486,0.022646728325697984,0.2432432432432433,2.25,0.09154066203514508,0.01936872309899569,0.18794835007173602,0.4795428684509969,0.8236074270557029,0.20014347202295552,1.4307692307692306,YMR293C,non_ess,non_ess
0.11271676300578035,0.018670585184544904,0.054054054054054064,1.0,0.2159787494891704,0.012108040981061784,0.06705991927972679,0.3518351038699837,0.7850241545893721,0.17044396150263896,1.6840490797546013,YFL034W,non_ess,non_ess
0.05491329479768786,0.012706370472815282,0.054054054054054064,1.0,0.06885982836125869,0.0179076343072573,0.13854853911404336,0.6840948872051605,1.0487012987012991,1.0,5.226600985221675,YOR173W,non_ess,non_ess
0.011560693641618495,0.003457515774915723,0.0,1.0,0.018594196975888846,0.01238390092879257,0.1238390092879257,0.4428012179208352,0.6016528925619834,0.3808049535603715,0.7784810126582279,YDL011C,non_ess,non_ess
0.011560693641618495,0.0019880715705765406,0.0,0.0,0.027380465876583573,0.008849557522123894,0.05088495575221239,0.2858079318256309,0.364021164021164,0.3650442477876106,0.9593023255813954,YOR052C,non_ess,non_ess
0.02023121387283237,0.001901633676203648,0.08108108108108109,0.75,0.08888434818144668,0.005166051660516605,0.016236162361623615,0.16119311193111932,0.33854166666666674,0.5306273062730628,1.0893939393939394,YML097C,non_ess,non_ess
0.0,0.0,0.0,1.0,0.07069881487535759,0.0,0.0,0.0,0.0,1.0,1.0,YLR160C,non_ess,non_ess
0.08959537572254335,0.018670585184544904,0.10810810810810813,1.3333333333333333,0.16734777278299962,0.012365376944555246,0.086158755484643,0.3203158814892768,0.678973717146433,0.1790985241324292,1.3014492753623186,YPL019C,non_ess,non_ess
0.008670520231213872,0.0006050652606102515,0.0,0.0,0.02656313853698406,0.006818181818181818,0.01590909090909091,0.2878059440559441,0.24931318681318684,1.0,1.0,YDR433W,non_ess,non_ess
0.06358381502890173,0.016077448353358108,0.027027027027027032,0.3333333333333333,0.23477727829995915,0.0062911066628538745,0.05318844724049185,0.17222247890581194,0.5067685589519649,0.1389762653703174,0.1389762653703174,YBR023C,non_ess,non_ess
0.0028901734104046237,0.0002593136831186792,0.027027027027027032,0.25,0.07948508377605233,0.0008216926869350862,0.002465078060805259,0.019806322496735914,0.08711656441717792,0.95152013147083,3.055408970976253,YAL013W,ess,ess
0.005780346820809247,0.00112369262684761,0.027027027027027032,0.1111111111111111,0.035962402942378416,0.0034602076124567475,0.02249134948096886,0.07547039887069841,0.3018242122719734,0.7889273356401384,1.8688524590163933,YOR297C,non_ess,non_ess
0.008670520231213872,0.0009508168381018238,0.0,1.0,0.023906824683285657,0.007481296758104737,0.027431421446384042,0.20469659185369907,0.4093931837073981,0.4738154613466334,0.4738154613466334,YPL192C,non_ess,non_ess
0.023121387283236997,0.007347221021695911,0.08108108108108109,3.0,0.05925623212096445,0.008695652173913044,0.09239130434782608,0.2476959125227805,0.5680068434559452,0.3108695652173913,2.0875912408759123,YDR374C,non_ess,non_ess
0.049132947976878616,0.018065519923934653,0.027027027027027032,0.2,0.05190028606456886,0.020935960591133004,0.25738916256157635,0.4959073493556253,1.2633477633477634,0.8596059113300493,1.2622061482820977,YNL108C,non_ess,non_ess
0.06936416184971098,0.018929898867663584,0.027027027027027032,0.3333333333333333,0.018594196975888846,0.07430340557275543,0.6780185758513931,1.6886560292133046,0.8698955365622032,0.1176470588235294,1.027027027027027,YGR051C,non_ess,non_ess
0.0028901734104046237,0.0003457515774915723,0.0,1.0,0.015529219452390684,0.0035971223021582736,0.014388489208633094,0.07286828764836233,0.14573657529672465,1.0,1.0,YKL096W-A,non_ess,non_ess
0.03468208092485549,0.003889705246780188,0.0,0.0,0.01736820596648958,0.03934426229508197,0.14754098360655735,0.8731004989308625,0.7630434782608697,0.4819672131147541,1.1052631578947367,YGL149W,non_ess,non_ess
0.06358381502890173,0.030339700924885468,0.13513513513513514,1.25,0.010216591744993873,0.11,1.755,2.696974358974359,1.3798816568047336,0.285,1.4999999999999998,YGR240C-A,non_ess,non_ess
0.08092485549132948,0.01659607571959547,0.08108108108108109,1.0,0.1348590110339191,0.013793103448275862,0.09458128078817736,0.34627501064282673,1.1138545953360768,0.14039408866995073,0.49912434325744304,YBL009W,non_ess,non_ess
0.08959537572254335,0.017806206240815973,0.027027027027027032,1.0,0.08295872496935024,0.02444794952681388,0.16246056782334384,0.5237008135480657,0.9131648750523524,0.2310725552050473,1.7650602409638556,YPL230W,non_ess,non_ess
0.060693641618497114,0.019794277811392515,0.10810810810810813,8.0,0.08336738863914997,0.016483516483516484,0.17974882260596547,0.2878811329515555,0.6230985915492957,0.14050235478806908,1.0783132530120485,YGR202C,non_ess,non_ess
0.0,0.0,0.0,0.0,0.0615038823048631,0.0,0.0,0.0,0.0,1.0,2.4882506527415145,YBL027W,ess,ess
0.07514450867052022,0.03405653038291987,0.054054054054054064,0.6666666666666666,0.054760931753167146,0.030444964871194382,0.4613583138173302,1.1157049532496346,1.0321804511278194,0.23185011709601874,1.3026315789473684,YPL156C,non_ess,non_ess
0.10404624277456646,0.026622871466851068,0.1891891891891892,1.1666666666666667,0.15181855333060892,0.015796401930671347,0.13514699429574376,0.4875012657373342,1.1169230769230771,0.14874945151382185,1.168965517241379,YOR337W,non_ess,non_ess
0.01445086705202312,0.003111764197424151,0.0,0.0,0.10114425827543932,0.0032573289902280127,0.02345276872964169,0.09833648342515518,0.4283576505798729,0.5087947882736157,0.9689826302729532,YOR310C,ess,ess
0.04046242774566474,0.009162416803526663,0.0,1.0,0.26256640784634244,0.003585147247119078,0.027144686299615882,0.15953905249679898,0.5512500000000001,0.2140845070422535,1.1236559139784947,YDR159W,non_ess,non_ess
0.0,0.0,0.0,0.0,0.09521863506334287,0.0,0.0,0.0,0.0,1.0,3.9135135135135135,YLR359W,ess,ess
0.031791907514450865,0.0029388884086783643,0.0,1.0,0.0768287699223539,0.00933786078098472,0.028862478777589125,0.4739671760045274,0.696078431372549,0.1960950764006791,0.9871794871794872,YML062C,non_ess,non_ess
0.011560693641618495,0.0006915031549831446,0.054054054054054064,2.0,0.03453208009807928,0.007181328545780971,0.014362657091561941,0.126947826118623,1.4888438133874238,0.35547576301615796,0.685121107266436,YDL053C,non_ess,non_ess
0.04335260115606936,0.011755553634713456,0.16216216216216214,2.0,0.07355946056395588,0.01327433628318584,0.12035398230088495,0.3930828968755644,1.1873840445269015,0.1946902654867257,0.6606606606606606,YGR168C,non_ess,non_ess
0.01445086705202312,0.0015558820987120756,0.0,0.0,0.07029015120555783,0.004621072088724585,0.0166358595194085,0.13453832698582044,0.4697986577181208,0.3641404805914972,1.6765957446808508,YLR215C,ess,ess
0.05202312138728323,0.00898954101478088,0.054054054054054064,0.4,0.13955864323661624,0.00857551214864221,0.04954740352548833,0.1421899225339895,0.29969841668760994,0.4173415912339209,2.844155844155844,YJL156C,non_ess,non_ess
0.06936416184971098,0.010545423113492956,0.054054054054054064,2.0,0.37821822639967306,0.004283419596644655,0.021774049616277,0.10803465675855467,0.4636363636363636,0.3462430840621096,1.7017543859649122,YPL082C,ess,non_ess
0.049132947976878616,0.0187570230789178,0.13513513513513514,1.25,0.09358398038414384,0.011938202247191013,0.1523876404494382,0.4354771088378333,0.6470149253731343,1.0,3.342723004694836,YBR293W,non_ess,non_ess
0.06358381502890173,0.013570749416544212,0.13513513513513514,0.625,0.07846342460155292,0.018302828618968387,0.13061564059900166,0.5713620156881388,0.6939428571428572,0.17970049916805325,0.6506024096385543,YDR019C,non_ess,non_ess
0.09826589595375723,0.024202610424410062,0.16216216216216214,3.0,0.07458111973845526,0.029694323144104806,0.2445414847161572,0.8382627168653369,1.3018018018018018,0.14585152838427948,1.0844155844155845,YLL039C,non_ess,non_ess
0.08670520231213873,0.010199671536001384,0.13513513513513514,1.25,0.08561503882304862,0.022953328232593728,0.090283091048202,0.7692773868052453,0.7534411977783145,0.17980107115531752,0.17980107115531752,YLR113W,non_ess,non_ess
0.017341040462427744,0.004840522084882012,0.0,1.0,0.3132407029015121,0.0012906001290600134,0.01204560120456012,0.15128078034546935,1.7391304347826089,0.98472789847279,0.98472789847279,YJL222W,non_ess,non_ess
0.16473988439306358,0.06794018497709396,0.13513513513513514,1.0,0.2435635472006539,0.015719801434087147,0.2167677881963596,0.5125590274289158,0.7364251325492106,0.20987313844456695,0.2127481129438077,YPR122W,non_ess,non_ess
0.11271676300578035,0.031117641974241505,0.027027027027027032,0.3333333333333333,0.230077646097262,0.011376896149358226,0.10501750291715284,0.2604265922049599,0.9707423580786024,0.1353558926487748,1.15136476426799,YDR507C,non_ess,non_ess
0.0,0.0,0.0,1.0,0.030241111565181864,0.0,0.0,0.0,0.0,1.0,1.0,YPL282C,non_ess,non_ess
0.005780346820809247,0.0003457515774915723,0.0,0.0,0.03044544340008173,0.004024144869215292,0.008048289738430584,0.13183098591549294,0.3818181818181817,0.6398390342052314,1.325,YDL008W,non_ess,non_ess
0.049132947976878616,0.01823839571268044,0.08108108108108109,3.0,0.005925623212096446,0.12408759124087593,1.5401459854014599,2.135942889227561,1.4731554160125588,0.2846715328467153,0.9285714285714284,YIR018C-A,non_ess,non_ess
0.05202312138728323,0.012447056789696605,0.0,0.0,0.07212913771965672,0.016230838593327322,0.12984670874661858,0.7150342407330685,1.2857142857142858,0.22091974752028856,0.9496124031007752,YML066C,non_ess,non_ess
0.04046242774566474,0.010718298902238741,0.054054054054054064,0.3333333333333333,0.09378831221904374,0.009810791871058164,0.08689558514365803,0.1880976422307349,0.5412140575079872,0.16538192011212333,0.6035805626598465,YMR153W,non_ess,non_ess
0.05491329479768786,0.012274181000950816,0.0,0.0,0.10523089497343686,0.011912225705329151,0.0890282131661442,0.2980720502368624,2.506161570059333,0.16865203761755485,0.4063444108761329,YLL055W,non_ess,non_ess
0.031791907514450865,0.013570749416544212,0.13513513513513514,1.6666666666666667,0.037188393951777685,0.018456375838926176,0.2634228187919463,0.7876036320568496,1.4215686274509804,0.2751677852348993,1.0,YJL217W,non_ess,non_ess
0.07514450867052022,0.013657187310917106,0.0,0.0,0.19391091131998367,0.008974801518812565,0.05453917846047635,0.26439280150015393,0.8848848848848849,0.2040041422160856,1.6601123595505618,YLR067C,non_ess,non_ess
0.06647398843930635,0.012965684155933962,0.13513513513513514,1.0,0.0868410298324479,0.017358490566037738,0.11320754716981132,0.3587619539932799,1.2356592465753429,0.17735849056603772,0.4699999999999999,YBL046W,non_ess,non_ess
0.026011560693641616,0.010026795747255596,0.027027027027027032,0.2,0.04352268083367389,0.013062409288824385,0.1683599419448476,0.39289678135405104,0.8999999999999999,0.2075471698113208,0.5958333333333333,YDR486C,non_ess,non_ess
0.03468208092485549,0.0045812084017633325,0.0,1.0,0.08643236616264814,0.009097801364670205,0.0401819560272934,0.25707120779145043,0.6933333333333335,0.3062926459438969,1.2242424242424241,YLR360W,non_ess,non_ess
0.04046242774566474,0.009767482064136915,0.054054054054054064,0.6666666666666666,0.06559051900286066,0.013820335636722606,0.11154985192497532,0.31525306155118593,0.4918918918918919,0.263573543928924,1.8040540540540544,YKR088C,non_ess,non_ess
0.023121387283236997,0.006309966289221194,0.0,0.0,0.011442582754393136,0.03669724770642202,0.3348623853211009,0.5959451806546607,0.8239858906525572,0.6376146788990825,1.6547619047619049,YNR001W-A,non_ess,non_ess
0.0,0.0,0.0,1.0,0.02165917449938701,0.0,0.0,0.0,0.0,1.0,1.0,YEL075C,non_ess,non_ess
0.1213872832369942,0.02204166306508773,0.3783783783783784,2.8,0.063342868818962,0.042857142857142864,0.2602040816326531,0.5969908814589665,0.7719858156028367,0.1326530612244898,1.2380952380952381,YML004C,non_ess,non_ess
0.023121387283236997,0.003284639986169937,0.08108108108108109,3.0,0.2178177360032693,0.0024630541871921183,0.01169950738916256,0.08930557762593358,0.2691640652098509,0.33282019704433496,2.078846153846154,YLR071C,non_ess,non_ess
0.0028901734104046237,8.643789437289306e-05,0.08108108108108109,1.0,0.009603596240294238,0.005235602094240838,0.005235602094240838,0.1856291749413252,0.24827586206896554,0.5863874345549738,1.4736842105263157,YFL041W-A,non_ess,non_ess
0.02023121387283237,0.00509983576800069,0.027027027027027032,0.3333333333333333,0.09297098487944422,0.004946996466431096,0.04169611307420495,0.25444122598158897,0.5933476394849786,0.4367491166077738,1.9556962025316456,YGR108W,non_ess,non_ess
0.0953757225433526,0.0249805514737661,0.2972972972972973,1.8333333333333333,0.03821005312627708,0.05400981996726677,0.4729950900163666,1.1049773755656107,1.2694677871148459,0.12929623567921442,0.724770642201835,YJL004C,non_ess,non_ess
0.02890173410404624,0.0027660126199325783,0.027027027027027032,0.16666666666666666,0.03677973028197794,0.01694915254237288,0.05423728813559322,0.5177896063874492,0.5831037649219467,0.27288135593220336,1.9634146341463408,YMR118C,non_ess,non_ess
0.04046242774566474,0.008903103120407986,0.027027027027027032,2.0,0.07764609726195341,0.011764705882352941,0.0865546218487395,0.2987905442550852,1.046728971962617,0.2571428571428571,0.9244712990936554,YNL042W,non_ess,non_ess
0.05202312138728323,0.00509983576800069,0.0,0.0,0.16223947691050267,0.007401315789473685,0.02425986842105263,0.1858207767402377,0.4536290322580646,0.2935855263157895,2.00561797752809,YBR049C,non_ess,non_ess
0.06936416184971098,0.014953755726510504,0.16216216216216214,1.0,0.05169595422966899,0.029666254635352288,0.2138442521631644,0.6772044586893029,1.101769911504425,0.1891223733003708,0.6071428571428571,YJR144W,non_ess,non_ess
0.026011560693641616,0.00509983576800069,0.0,0.0,0.06048222313036373,0.009594882729211088,0.0628997867803838,0.18187116813362747,0.2992327365728901,0.26119402985074625,1.2189054726368158,YML125C,non_ess,non_ess
0.1213872832369942,0.029475321981156537,0.027027027027027032,0.3333333333333333,0.3310175725378014,0.008553971486761711,0.0694501018329939,0.3199637528374171,0.9145374449339208,0.14887983706720978,1.0975975975975978,YCL014W,non_ess,non_ess
0.05491329479768786,0.014089376782781571,0.054054054054054064,1.0,0.08091540662035146,0.015347334410339256,0.13166397415185785,0.3708939149165321,2.412698412698413,0.2568659127625202,0.5454545454545454,YOL083W,non_ess,non_ess
0.0838150289017341,0.02039934307200276,0.0,0.0,0.07131181038005723,0.02643573381950775,0.2151321786690976,0.5065613667407856,1.2743072634858172,0.15952597994530535,0.7,YKR042W,non_ess,non_ess
0.02023121387283237,0.00224738525369522,0.0,0.0,0.018798528810788726,0.02147239263803681,0.07975460122699386,0.6096920717319491,3.2644230769230766,0.3895705521472393,0.4334470989761092,YDL096C,non_ess,non_ess
0.0,0.0,0.027027027027027032,0.14285714285714285,0.004495300367797304,0.0,0.0,0.0,0.0,1.0,1.6111111111111112,YDR510C-A,non_ess,non_ess
0.017341040462427744,0.0044083326130175465,0.027027027027027032,0.5,0.051287290559869234,0.007471980074719802,0.06351183063511831,0.2385103480993892,0.3501400560224089,0.4844333748443338,2.576158940397351,YMR226C,non_ess,non_ess
0.04624277456647399,0.006655717866712767,0.10810810810810813,1.3333333333333333,0.02022885165508786,0.04610951008645533,0.2219020172910663,1.0603241770935932,1.3202062822315987,0.3256484149855908,0.8759689922480619,YNL303W,non_ess,non_ess
0.0,0.0,0.0,1.0,0.017572537801389457,0.0,0.0,0.0,0.0,1.0,1.0,YLR465C,non_ess,non_ess
0.0028901734104046237,0.0003457515774915723,0.13513513513513514,1.25,0.023293829178586026,0.0025510204081632647,0.010204081632653059,0.04366462031967258,0.06947524020694752,0.8903061224489796,3.597938144329897,YCL007C,non_ess,non_ess
0.0,0.0,0.0,1.0,0.019411524315488357,0.0,0.0,0.0,0.0,1.0,1.0,YAR060C,non_ess,non_ess
0.05202312138728323,0.009335292592272452,0.10810810810810813,1.3333333333333333,0.018594196975888846,0.05572755417956656,0.33436532507739936,1.586687306501548,0.8629629629629628,0.21981424148606807,1.1639344262295084,YJL119C,non_ess,non_ess
0.09248554913294796,0.04589852191200623,0.2702702702702703,3.333333333333333,0.12791172864732325,0.016597510373443983,0.2754149377593361,0.2916979775868265,0.5354330708661418,0.12655601659751034,0.8271186440677966,YNR019W,non_ess,non_ess
0.14161849710982655,0.0349209093266488,0.08108108108108109,1.5,0.3158970167552105,0.010452218430034127,0.08617747440273038,0.2705790907525749,0.9718881774168359,0.1503839590443686,0.7807308970099668,YMR247C,non_ess,non_ess
0.02890173410404624,0.011323364162848992,0.0,1.0,0.05353494074376789,0.011961722488038276,0.15669856459330145,0.357231054175027,0.6543778801843317,0.18421052631578946,0.7129629629629629,YBR146W,non_ess,non_ess
0.0838150289017341,0.04555277033451465,0.13513513513513514,0.8333333333333334,0.01675521046178995,0.09797297297297296,1.7804054054054057,1.6202364095302593,0.9968937668254296,0.15202702702702706,0.8333333333333334,YHR001W-A,non_ess,non_ess
0.11271676300578035,0.019880715705765408,0.10810810810810813,8.0,0.06661217817736004,0.03793774319066148,0.2237354085603113,0.5916755099634476,1.2160737812911724,0.15369649805447472,0.7281105990783411,YJR142W,non_ess,non_ess
0.0,0.0,0.0,1.0,0.05986922762566409,0.0,0.0,0.0,0.0,1.0,1.0,YEL076C-A,ess,ess
0.011560693641618495,0.0017287578874578616,0.10810810810810813,1.3333333333333333,0.040049039640375976,0.006269592476489028,0.03134796238244514,0.2007850162008377,2.0,0.4467084639498433,0.9531772575250836,YHR110W,non_ess,non_ess
0.05491329479768786,0.01486731783213761,0.32432432432432434,1.7142857142857142,0.04270535349407438,0.028064992614475627,0.25406203840472674,0.4554777295998052,0.7166752005461683,0.3855243722304284,2.3944954128440368,YGL166W,non_ess,non_ess
0.017341040462427744,0.0044083326130175465,0.054054054054054064,0.6666666666666666,0.053330608908867996,0.007202881152460984,0.061224489795918366,0.25667767106842737,0.7812500000000001,0.3925570228091236,0.9939209726443772,YPR116W,non_ess,non_ess
0.03757225433526011,0.010631861007865848,0.2972972972972973,1.2222222222222223,0.0813240702901512,0.01045016077170418,0.09887459807073956,0.3030158141981138,0.6234200743494426,0.2073954983922829,1.015748031496063,YDR282C,non_ess,non_ess
0.03468208092485549,0.003803267352407295,0.0,0.0,0.04944830404577034,0.015463917525773196,0.05670103092783505,0.3848063867236611,0.7429643527204505,0.3389175257731959,2.0873015873015874,YCL047C,non_ess,non_ess
0.08092485549132948,0.01918921255078226,0.08108108108108109,3.0,0.14732325296281162,0.012652507907817443,0.10031631269769543,0.38913650741486255,0.9545454545454544,0.13646633529145955,0.7723785166240409,YPL029W,non_ess,non_ess
0.011560693641618495,0.003976143141153081,0.054054054054054064,1.0,0.06838305407982563,0.003795066413662239,0.04364326375711575,0.11717267552182165,0.496875,0.5664136622390892,1.7405247813411078,YHR203C,non_ess,non_ess
0.1936416184971098,0.2557697294493906,0.054054054054054064,0.6666666666666666,0.048630976706170816,0.08769633507853403,3.8730366492146597,2.0039355754725348,1.2264406779661017,0.07198952879581152,0.3571428571428572,YNL148C,non_ess,non_ess
0.049132947976878616,0.0075200968104416985,0.027027027027027032,1.0,0.15222721700040867,0.007439824945295405,0.03807439824945296,0.2002679408743804,0.4033515845362535,0.2175054704595186,1.2487437185929648,YER017C,non_ess,non_ess
0.0028901734104046237,0.0004321894718644654,0.0,0.0,0.04025337147527585,0.0015600624024961,0.007800312012480499,0.06601240793817799,0.7499999999999999,0.9516380655226208,1.142322097378277,YOL139C,ess,ess
0.011560693641618495,0.001210130521220503,0.08108108108108109,1.5,0.017163874131589704,0.01324503311258278,0.046357615894039736,0.5773125400555438,0.8929032258064518,0.6125827814569537,1.0393258426966292,YDR340W,non_ess,non_ess
0.026011560693641616,0.004149018929898867,0.13513513513513514,2.5,0.06225309903282932,0.00933609958506224,0.04979253112033195,0.19913307646710127,0.9642857142857142,0.229253112033195,0.8983739837398375,YDL082W,non_ess,non_ess
0.07803468208092486,0.025153427262511883,0.32432432432432434,1.0909090909090908,0.0606865549652636,0.02869287991498405,0.3092454835281616,0.6630437701653897,0.6847472924187724,0.16259298618490967,1.1590909090909092,YKL094W,non_ess,non_ess
0.2254335260115607,0.08384475754170627,0.08108108108108109,3.0,0.13158970167552106,0.039354187689202826,0.4894046417759839,0.9058575371111084,0.7590361445783133,0.1296670030272452,1.3316062176165804,YLR299W,non_ess,non_ess
0.01445086705202312,0.005013397873627798,0.0,1.0,0.046791990192071926,0.0067842605156038,0.07869742198100407,0.2047749221805412,0.4816176470588236,0.7082767978290366,2.0551181102362204,YPL027W,non_ess,non_ess
0.01445086705202312,0.0019880715705765406,0.0,0.0,0.08438904781364938,0.003878975950349108,0.017843289371605897,0.10982535725072397,0.3625954198473281,0.4321179208688906,1.5690140845070422,YPR186C,ess,ess
0.0953757225433526,0.02221453885383352,0.16216216216216214,1.5,0.09276665304454433,0.023371104815864026,0.1820113314447592,0.6913172804532578,1.452,0.10977337110481586,0.82010582010582,YPR068C,non_ess,non_ess
0.15895953757225434,0.0511712334687527,0.10810810810810813,2.0,0.2451982018798529,0.015068493150684932,0.16219178082191782,0.4010129268763265,0.8956866197183098,0.07780821917808219,0.5098743267504489,YBR295W,non_ess,non_ess
0.06936416184971098,0.0076929725991874845,0.027027027027027032,0.25,0.26890069472823863,0.006003001500750375,0.02226113056528264,0.09619772479756088,0.4959030993943713,0.2526263131565783,1.5256797583081572,YBR081C,non_ess,non_ess
0.005780346820809247,0.0010372547324747168,0.0,1.0,0.06198065658629615,0.0020833333333333333,0.0125,0.09468688362919132,0.09861932938856018,0.9916666666666668,3.8387096774193545,YGL103W,ess,ess
0.0953757225433526,0.01659607571959547,0.1891891891891892,1.0,0.1248467511238251,0.017525225703664358,0.10196494954859267,0.3671206502591824,0.7147903690620061,0.1571959638874137,1.3896713615023475,YHL040C,non_ess,non_ess
0.05202312138728323,0.014521566254646038,0.10810810810810813,1.0,0.08173273395995098,0.0144,0.1344,0.4905600000000001,0.7679999999999999,0.1736,1.4276315789473684,YHR115C,non_ess,non_ess
0.0,0.0,0.0,1.0,0.020024519820187988,0.0,0.0,0.0,0.0,1.0,1.0,YLR161W,non_ess,non_ess
0.0,0.0,0.027027027027027032,0.25,0.010420923579893748,0.0,0.0,0.0,0.0,1.0,1.5984251968503935,YLR264W,non_ess,non_ess
0.2052023121387283,0.03967499351715792,0.027027027027027032,2.0,0.3583980384143849,0.013365963855421686,0.08640813253012049,0.4889194628983223,0.7841971112999151,0.10768072289156627,1.6725146198830412,YFL033C,non_ess,non_ess
0.03757225433526011,0.010804736796611637,0.054054054054054064,1.0,0.0443400081732734,0.018544935805991442,0.1783166904422254,0.5148524995862266,1.54932912391476,0.3409415121255349,1.231958762886598,YEL057C,non_ess,non_ess
0.07514450867052022,0.04503414296827729,0.10810810810810813,0.8,0.02022885165508786,0.07492795389048991,1.5014409221902016,2.054335357152849,2.019417475728155,1.0,2.628787878787879,YMR107W,non_ess,non_ess
0.06936416184971098,0.01097761258535742,0.10810810810810813,4.0,0.09889660809154067,0.015978695073235686,0.08455392809587217,0.7111474209685891,0.361683699982678,1.0,11.920634920634921,YPL061W,non_ess,non_ess
0.05780346820809248,0.01901633676203648,0.16216216216216214,1.2,0.06640784634246016,0.01951219512195122,0.2146341463414634,0.7604181184668989,1.2952380952380949,0.2790243902439025,1.906666666666667,YDR411C,non_ess,non_ess
0.10693641618497107,0.027314374621834208,0.054054054054054064,1.0,0.09215365753984472,0.02637205987170349,0.22523164647184604,0.5248710390567428,0.7715209634255129,0.09693513898788313,0.7513812154696132,YEL040W,non_ess,non_ess
0.08092485549132948,0.024375486213155845,0.0,0.0,0.07315079689415611,0.02491103202846975,0.2508896797153025,0.7701874747771214,1.3211736716891356,0.2090747330960854,1.1298076923076923,YDR459C,non_ess,non_ess
0.05491329479768786,0.0112369262684761,0.0,1.0,0.11197384552513284,0.011216056670602123,0.07674144037780402,0.3917020857929949,0.8829411764705881,0.19244391971664696,0.8882833787465939,YNR072W,non_ess,non_ess
0.08092485549132948,0.04425620191892125,0.0,0.0,0.0778504290968533,0.02347024308466052,0.4291701592623638,0.7757349973611499,0.628322440087146,0.2095557418273261,1.8248175182481752,YLR019W,non_ess,non_ess
0.03757225433526011,0.016768951508341255,0.054054054054054064,1.0,0.013894564773191663,0.05118110236220472,0.7637795275590551,0.7786906719839318,1.7829944547134935,0.2204724409448819,0.5283018867924528,YCL001W-B,non_ess,non_ess
0.0,0.0,0.0,1.0,0.010420923579893748,0.0,0.0,0.0,0.0,1.0,1.0,YLR154W-E,non_ess,non_ess
0.008670520231213872,0.0014694442043391822,0.0,1.0,0.022680833673886392,0.007832898172323759,0.044386422976501305,0.2373422921725793,0.6797202797202797,0.8668407310704961,0.8668407310704961,YMR172C-A,non_ess,non_ess
0.09826589595375723,0.024461924107528742,0.10810810810810813,1.3333333333333333,0.08357172047404986,0.02662490211433046,0.22161315583398591,0.8310143289062216,1.1911984618671223,0.12764291307752546,1.0061728395061729,YKR061W,non_ess,non_ess
0.09248554913294796,0.028438067248681826,0.027027027027027032,1.0,0.10114425827543932,0.020846905537459284,0.21433224755700325,0.4140652156397832,0.7067137809187278,0.1029315960912052,0.6781115879828326,YJR010W,non_ess,non_ess
0.031791907514450865,0.00950816838101824,0.0,1.0,0.11115651818553332,0.006539833531510107,0.06539833531510107,0.16963585666886474,0.6364628820960699,0.2336504161712248,1.31,YPR072W,non_ess,non_ess
0.060693641618497114,0.023424669375054018,0.027027027027027032,1.0,0.0960359624029424,0.014383561643835616,0.1856164383561644,0.4556008323218311,0.9026898734177214,0.3746575342465753,1.2574712643678159,YBL103C,non_ess,non_ess
0.1329479768786127,0.033019275650445164,0.2432432432432433,1.8,0.07580711074785453,0.03955288048151333,0.3284608770421324,0.9561091033689124,0.9058360186179734,0.13155631986242478,1.2142857142857144,YOR084W,non_ess,non_ess
0.01445086705202312,0.0060506526061025155,0.027027027027027032,1.0,0.06661217817736004,0.004863813229571985,0.06809338521400778,0.18210295220076392,0.5550458715596329,0.3754863813229572,1.5078125,YHR106W,non_ess,non_ess
0.06647398843930635,0.019362088339528048,0.2972972972972973,2.75,0.12893338782182265,0.011837364899639732,0.1152856407617087,0.2917064921696934,0.802721088435374,0.12969634585692227,1.0499999999999998,YPL253C,non_ess,non_ess
0.060693641618497114,0.017633330452070186,0.0,0.0,0.19431957498978344,0.007233895969686531,0.07027213227695488,0.2196766488031036,0.601967213114754,0.2714433344815708,1.3288364249578413,YOL155C,non_ess,non_ess
0.09248554913294796,0.020572218860748552,0.027027027027027032,0.5,0.13220269718022068,0.01607232546459066,0.11953792064289302,0.3326117973357987,1.1278608483368937,1.0,7.93227091633466,YDR508C,non_ess,non_ess
0.05202312138728323,0.019275650445155158,0.0,0.0,0.22415202288516556,0.005387608500448967,0.06674648308889554,0.4696474182998735,0.6385702854094425,0.5471415743789285,1.379622641509434,YMR047C,non_ess,non_ess
0.0,0.0,0.0,0.0,0.008581937065794852,0.0,0.0,0.0,0.0,1.0,1.0797546012269938,YHR072W-A,non_ess,non_ess
0.05780346820809248,0.02912957040366497,0.027027027027027032,0.5,0.05823457294646505,0.02209944751381216,0.3723756906077348,0.4204419889502761,1.7062500000000005,0.17458563535911606,0.5766423357664234,YPL054W,non_ess,non_ess
0.04335260115606936,0.017633330452070186,0.8918918918918919,3.0,0.002860645688598284,0.16304347826086954,2.217391304347826,3.2147251845775227,0.8436139332365749,1.0,1.0,YEL008C-A,non_ess,non_ess
0.05491329479768786,0.017114703085832832,0.32432432432432434,1.0909090909090908,0.0570085819370658,0.021420518602029308,0.22322435174746336,0.6222096956031566,1.65,0.3585118376550169,0.8736263736263736,YBR037C,non_ess,non_ess
0.05202312138728323,0.02221453885383352,0.21621621621621626,1.1428571428571428,0.034123416428279534,0.032667876588021776,0.4664246823956443,0.6039927404718692,1.2399999999999998,0.2450090744101633,0.6923076923076923,YCR003W,non_ess,non_ess
0.008670520231213872,0.0015558820987120756,0.027027027027027032,0.5,0.07580711074785453,0.002579535683576957,0.015477214101461738,0.05439595872742907,1.5750000000000002,0.6526225279449699,0.7080223880597015,YGR072W,non_ess,non_ess
0.005780346820809247,0.0007779410493560378,0.21621621621621626,1.6,0.032897425418880265,0.00375234521575985,0.016885553470919325,0.06498608610247178,0.8389261744966443,0.7185741088180112,1.2435064935064934,YBR122C,non_ess,non_ess
0.017341040462427744,0.009421730486645344,0.13513513513513514,0.7142857142857143,0.06456885982836126,0.006012024048096192,0.1092184368737475,0.12520693561035115,0.1637492941840768,1.0,5.638418079096046,YPL055C,non_ess,non_ess
0.049132947976878616,0.01149623995159478,0.054054054054054064,1.0,0.11013485901103393,0.010197960407918415,0.07978404319136173,0.2169899353462641,0.6236413043478262,0.2699460107978404,1.102941176470588,YDR387C,non_ess,non_ess
0.0,0.0,0.0,0.0,0.041683694319574985,0.0,0.0,0.0,0.0,1.0,3.9879518072289164,YNL110C,ess,ess
0.07803468208092486,0.016163886247731005,0.0,0.0,0.09215365753984472,0.01924447612259444,0.13328581610833928,0.5077581007730687,1.3541842772612005,0.14397719173200285,0.44591611479028703,YBR093C,non_ess,non_ess
0.0028901734104046237,0.0003457515774915723,0.0,0.0,0.06742950551695955,0.0009615384615384617,0.003846153846153847,0.026079277864992152,0.16439909297052152,0.7432692307692308,1.927680798004988,YML015C,ess,ess
0.03757225433526011,0.011150488374103209,0.027027027027027032,2.0,0.06232120964446261,0.013471502590673576,0.13367875647668392,0.29167206390328154,0.6281828703703705,0.4103626943005181,2.64,YNR034W,non_ess,non_ess
0.0838150289017341,0.025239865156884776,0.2972972972972973,3.6666666666666665,0.06375153248876175,0.029411764705882363,0.2961460446247465,0.5966976264189886,1.013119755911518,0.21196754563894524,1.5367647058823528,YGR015C,non_ess,non_ess
0.02023121387283237,0.003803267352407295,0.08108108108108109,0.5,0.06272987331426237,0.007209062821833163,0.045314109165808435,0.20188180983942905,0.4977007428369296,0.8692070030895983,1.7295081967213115,YJL006C,non_ess,non_ess
0.060693641618497114,0.028178753565563142,0.0,0.0,0.019411524315488357,0.0626865671641791,0.9731343283582088,1.4735310787832985,1.164929262844378,0.19402985074626866,0.9701492537313432,YGR069W,non_ess,non_ess
0.05780346820809248,0.005877776817356729,0.0,0.0,0.14241928892521455,0.009341429238673515,0.03176085941148996,0.2448396453396865,0.4761904761904762,0.16020551144325082,0.7571743929359823,YCR084C,non_ess,non_ess
0.03757225433526011,0.00561846313423805,0.054054054054054064,0.6666666666666666,0.01409889660809154,0.05058365758754864,0.2529182879377432,1.4138948161164804,0.9027777777777778,0.2840466926070039,1.1774193548387095,YNL042W-B,non_ess,non_ess
0.060693641618497114,0.011323364162848992,0.1891891891891892,3.5,0.07172047404985697,0.019038984587488667,0.11876699909338168,1.1092475067996377,1.6875,0.1885766092475068,0.9857819905213272,YDR322W,non_ess,non_ess
0.02023121387283237,0.0028524505143054713,0.16216216216216214,1.5,0.05087862689006948,0.00878293601003764,0.041405269761606016,0.3078311962542461,1.0884146341463414,0.5282308657465495,0.8881856540084387,YDR152W,non_ess,non_ess
0.017341040462427744,0.0027660126199325783,0.054054054054054064,2.0,0.02554147936248468,0.014117647058823532,0.07529411764705883,0.3550295857988166,1.5177514792899411,0.5458823529411765,1.099526066350711,YKR033C,non_ess,non_ess
0.008670520231213872,0.00224738525369522,0.08108108108108109,1.0,0.0126685737637924,0.012711864406779662,0.11016949152542373,0.2911476414131101,0.8493975903614457,1.0,1.0,YBL068W-A,non_ess,non_ess
0.04335260115606936,0.013397873627798429,0.0,0.0,0.09705762157744176,0.010169491525423728,0.10508474576271186,0.46809867427420704,0.6169078446306169,0.271864406779661,1.6434426229508197,YLR190W,non_ess,non_ess
0.0,0.0,0.0,1.0,0.16571311810380054,0.0,0.0,0.0,0.0,1.0,2.515704154002026,YJL087C,ess,ess
0.09248554913294796,0.019621402022646728,0.10810810810810813,1.3333333333333333,0.08255006129955048,0.02535657686212361,0.17987321711568938,0.6533678799922857,1.0229276895943562,0.11727416798732172,0.7047619047619048,YNL009W,non_ess,non_ess
0.05491329479768786,0.013830063099662893,0.054054054054054064,1.0,0.07029015120555783,0.01756007393715342,0.1478743068391867,0.93091346211929,1.3660130718954246,0.17744916820702406,0.8687782805429864,YIL079C,non_ess,non_ess
0.026011560693641616,0.00509983576800069,0.0,1.0,0.06722517368205967,0.008678881388621022,0.056894889103182265,0.2550255915733254,1.1188811188811187,0.3510125361620058,1.6697247706422018,YLR372W,non_ess,non_ess
0.023121387283236997,0.004667646296136226,0.08108108108108109,0.5,0.03677973028197794,0.013559322033898305,0.09152542372881356,0.3475346687211094,0.2781818181818182,0.31186440677966104,2.7058823529411766,YML028W,non_ess,non_ess
0.06647398843930635,0.01737401676895151,0.0,0.0,0.1681651001225991,0.009130607383882492,0.07979356887653831,0.3788827859090584,0.8295081967213115,0.5363239380706629,2.3133561643835616,YFR002W,non_ess,non_ess
0.0028901734104046237,8.643789437289306e-05,0.0,0.0,0.01982018798528811,0.0029325513196480947,0.0029325513196480947,0.08699902248289346,0.03812893081761006,0.7331378299120235,3.333333333333333,YOL026C,non_ess,non_ess
0.03757225433526011,0.003284639986169937,0.32432432432432434,3.0,0.12443808745402535,0.0069259456579648365,0.02024507192328184,0.15173508965637938,0.8702553485162181,0.3825253063399041,1.44466800804829,YAL011W,non_ess,non_ess
0.06647398843930635,0.01823839571268044,0.054054054054054064,0.3333333333333333,0.06007355946056396,0.02467811158798283,0.2263948497854077,0.5492577863527188,0.9516100017988848,0.2585836909871245,1.2552083333333337,YBR061C,non_ess,non_ess
0.008670520231213872,0.0013830063099662892,0.0,0.0,0.08561503882304862,0.002295332823259373,0.01224177505738332,0.06947721705361562,0.19495798319327728,0.7765876052027544,2.5826972010178118,YHR118C,ess,ess
0.06358381502890173,0.040020745094649486,0.0,1.0,0.06259365209099578,0.022703818369453045,0.47781217750258,0.6925213004093068,1.1918564527260178,0.5902992776057792,0.9947826086956522,YER014C-A,non_ess,non_ess
0.03757225433526011,0.006223528394848302,0.054054054054054064,2.0,0.06497752349816102,0.012948207171314742,0.07171314741035857,0.3620102921646747,1.0156250000000002,0.2330677290836653,0.8417266187050358,YNL316C,non_ess,non_ess
0.05491329479768786,0.010631861007865848,0.2432432432432433,1.5,0.0939926440539436,0.013286713286713287,0.08601398601398601,0.2980019980019981,0.732857142857143,0.213986013986014,0.7555555555555555,YLR142W,non_ess,non_ess
0.13872832369942195,0.053591494511193716,0.5405405405405406,2.2222222222222223,0.0425010216591745,0.0712166172106825,0.9198813056379822,2.249020771513353,1.1542857142857141,1.0,1.0,YDR476C,non_ess,non_ess
0.011560693641618495,0.0019880715705765406,0.0,0.0,0.10175725378013896,0.0025906735751295338,0.01489637305699482,0.07385894854955283,0.14573248407643313,0.3963730569948187,2.8073394495412844,YJL025W,ess,ess
0.008670520231213872,0.003284639986169937,0.16216216216216214,1.0,0.020841847159787496,0.008426966292134831,0.10674157303370786,0.15540814945173953,0.3995983935742972,0.6179775280898876,1.0,YJL003W,non_ess,non_ess
0.04624277456647399,0.00786584838793327,0.054054054054054064,4.0,0.0651818553330609,0.015888778550148957,0.0903674280039722,0.4956462656143835,0.7043062200956939,0.29096325719960275,1.890322580645161,YDL230W,non_ess,non_ess
0.0,0.0,0.0,0.0,0.0406620351450756,0.0,0.0,0.0,0.0,1.0,2.588,YFL005W,non_ess,ess
0.05780346820809248,0.02091797043824012,0.054054054054054064,2.0,0.10420923579893747,0.012658227848101266,0.15316455696202533,0.2587577274065352,0.6384515383504261,0.15379746835443034,0.6377952755905512,YOR360C,non_ess,non_ess
0.03757225433526011,0.00898954101478088,0.0,0.0,0.1781773600326931,0.0048762190547636895,0.03900975243810953,0.12969388180378427,0.2532181571815718,0.4332333083270818,3.6320754716981134,YER070W,ess,ess
0.03468208092485549,0.006223528394848302,0.054054054054054064,0.4,0.2278299959133633,0.0035346097201767305,0.021207658321060384,0.12613066045154925,0.2366504854368932,0.31281296023564065,2.64179104477612,YNL192W,non_ess,non_ess
0.0,0.0,0.0,0.0,0.07539844707805476,0.0,0.0,0.0,0.0,1.0,2.0017301038062283,YGR046W,ess,ess
0.026011560693641616,0.0036303915636615096,0.0,0.0,0.08724969350224766,0.0067618332081142,0.03155522163786627,0.20865085327895244,0.3694246929541047,0.35687453042824946,1.7723880597014927,YMR208W,non_ess,non_ess
0.017341040462427744,0.004149018929898867,0.054054054054054064,1.0,0.024928483857785046,0.014423076923076926,0.1153846153846154,0.3300711275026344,1.0438356164383562,1.0,2.567901234567901,YER050C,non_ess,non_ess
0.09248554913294796,0.015126631515256287,0.0,1.0,0.2180220678381692,0.009843125192248541,0.0538295908951092,0.3182029763476453,1.1061946902654871,0.2556136573362042,1.2292899408284022,YPR115W,non_ess,non_ess
0.06647398843930635,0.015299507304002076,0.0,1.0,0.16632611360850022,0.009229534510433388,0.07102728731942215,0.3358073836276084,0.8586666666666667,1.0,4.934653465346536,YNL085W,non_ess,non_ess
0.05202312138728323,0.0087302273316622,0.0,1.0,0.1720474049856968,0.006987577639751553,0.03920807453416149,0.23794540699575026,1.05,0.4165372670807453,1.8063973063973064,YNL201C,non_ess,non_ess
0.060693641618497114,0.0261906819949866,0.0,0.0,0.060277891295463834,0.022459893048128343,0.3240641711229946,0.5132363989923543,0.7747933884297521,0.2192513368983957,0.9808612440191388,YGL146C,non_ess,non_ess
0.011560693641618495,0.0017287578874578616,0.0,1.0,0.09378831221904374,0.002803083391730904,0.01401541695865452,0.1420873305463596,0.33004926108374383,0.5094604064470918,1.923280423280424,YMR211W,ess,ess
0.0,0.0,0.054054054054054064,1.0,0.0020433183489987745,0.0,0.0,0.0,0.0,1.0,1.0,YOR161W-A,non_ess,non_ess
0.008670520231213872,0.0009508168381018238,0.0,0.0,0.03228442991418063,0.005725190839694657,0.02099236641221374,0.1782476826608506,0.29166666666666663,0.4618320610687023,2.0,YNL310C,non_ess,non_ess
0.03468208092485549,0.014089376782781571,0.0,0.0,0.0551695954229669,0.013953488372093023,0.18953488372093025,0.1947393744987971,0.25994694960212195,0.4220930232558139,3.2410714285714284,YBR002C,non_ess,non_ess
0.017341040462427744,0.003111764197424151,0.08108108108108109,1.0,0.013894564773191663,0.023622047244094488,0.14173228346456693,0.6377952755905512,2.1580381471389645,0.4606299212598425,0.7452229299363058,YPR012W,non_ess,non_ess
0.008670520231213872,0.002333823148068113,0.0,1.0,0.05598692276256642,0.0034403669724770644,0.03096330275229358,0.17945959179466034,0.3033707865168539,0.4850917431192661,1.2740963855421688,YIL082W,non_ess,non_ess
0.03468208092485549,0.006396404183594088,0.16216216216216214,0.75,0.02370249284838578,0.03015075376884422,0.18592964824120609,1.2872696817420437,7.833333333333332,0.5226130653266332,0.5226130653266332,YOR200W,non_ess,non_ess
0.27167630057803466,0.12135880369954187,0.1891891891891892,1.75,0.17286473232529628,0.03632148377125193,0.5425038639876353,0.7973151518173206,0.8528225806451611,0.08809891808346214,0.5314685314685315,YLR001C,non_ess,non_ess
0.017341040462427744,0.00224738525369522,0.0,1.0,0.10993052717613404,0.003605769230769232,0.015625,0.0965164953580902,0.5195924764890283,0.40865384615384615,2.048192771084337,YOR372C,ess,ess
0.06358381502890173,0.014694442043391822,0.4324324324324325,1.3333333333333333,0.1193297915815284,0.01220865704772475,0.09433962264150944,0.2618953850560309,0.90568356374808,0.17147613762486127,0.8930635838150289,YGR194C,non_ess,non_ess
0.017341040462427744,0.0028524505143054713,0.0,0.0,0.041070698814875364,0.009188361408882085,0.05053598774885146,0.2443313738082301,1.038709677419355,0.3476263399693721,1.0,YLR051C,non_ess,non_ess
0.09826589595375723,0.013743625205290001,0.0,1.0,0.12709440130772376,0.017745302713987474,0.08298538622129438,0.7494321240529929,0.8047004303210856,0.12630480167014613,1.1,YNL020C,non_ess,non_ess
0.09826589595375723,0.0662114270896361,0.32432432432432434,1.7142857142857142,0.06272987331426237,0.035015447991761074,0.7888774459320288,0.7756091708077951,1.2978817299205652,0.33470648815653964,2.5390625,YGR007W,non_ess,non_ess
0.08670520231213873,0.03639035353098798,0.21621621621621626,1.6,0.09501430322844301,0.020761245674740483,0.2913494809688581,0.6696788584174554,1.1019283746556474,0.11695501730103805,0.8407960199004976,YFR044C,non_ess,non_ess
0.0028901734104046237,8.643789437289306e-05,0.0,0.0,0.013281569268492034,0.004081632653061225,0.004081632653061225,0.09525448733710352,0.19050897467420705,1.0,1.0,YDR406W-A,non_ess,non_ess
0.0,0.0,0.0,1.0,0.2791172864732325,0.0,0.0,0.0,0.0,1.0,1.0,YLR466W,non_ess,non_ess
0.12427745664739885,0.03405653038291987,0.054054054054054064,0.5,0.11360850020433184,0.025029103608847497,0.22933643771827705,0.6097837840077224,1.0891773079338498,1.0,6.955465587044535,YGR124W,non_ess,non_ess
0.08092485549132948,0.046590025066989366,0.027027027027027032,1.0,0.10706988148753577,0.01726263871763255,0.3323057953144266,0.6582566631888457,0.8615384615384615,0.1781750924784217,0.9003115264797508,YPL214C,non_ess,non_ess
0.11560693641618495,0.024375486213155845,0.027027027027027032,1.0,0.1836943195749898,0.01456133964324718,0.1026574444848926,0.551250715065786,0.8688387635756056,0.08846013833272663,0.641160949868074,YKR021W,non_ess,non_ess
0.0722543352601156,0.011755553634713456,0.13513513513513514,0.7142857142857143,0.19288925214548427,0.008674531575294934,0.047189451769604436,0.15932589007282216,0.596745027124774,0.2772380291464261,1.7072649572649572,YMR086W,non_ess,non_ess
0.07514450867052022,0.015472383092747859,0.2432432432432433,1.2857142857142858,0.13710666121781775,0.012603005332040715,0.08676684440135725,0.2940977625838712,0.7355263157894736,0.2394571013087736,1.5833333333333333,YBL060W,non_ess,non_ess
0.026011560693641616,0.003111764197424151,0.0,1.0,0.14507560277891296,0.004128440366972477,0.01651376146788991,0.12746559633027524,0.4921875,0.4018348623853211,1.6466165413533835,YDL116W,ess,ess
0.04335260115606936,0.005445587345492263,0.054054054054054064,2.0,0.08459337964854925,0.011609907120743036,0.04876160990712074,0.7890066189815308,0.4422788605697152,0.17879256965944273,0.9352226720647776,YDR263C,non_ess,non_ess
0.05491329479768786,0.008816665226035093,0.10810810810810813,1.0,0.1029832447895382,0.012163892445582587,0.06530089628681178,0.2694770018713681,1.047337278106509,0.28104993597951344,1.579136690647482,YBL019W,non_ess,non_ess
0.07514450867052022,0.0199671536001383,0.13513513513513514,1.0,0.027993461381283204,0.05639913232104121,0.5010845986984815,1.2092786930097124,2.0229320229320225,0.21041214750542306,0.8738738738738739,YNR036C,non_ess,non_ess
0.09826589595375723,0.012792808367188177,0.40540540540540543,2.5,0.13812832039231712,0.016361886429258902,0.0712223291626564,0.3527350016041065,0.9862179487179488,0.1814244465832532,1.135542168674699,YOR354C,non_ess,non_ess
0.07803468208092486,0.014521566254646038,0.0,0.0,0.1538618716796077,0.011693373754872241,0.07275877003031615,0.19078514143190345,0.6371416701287911,0.1905586834127328,1.257142857142857,YOL006C,non_ess,non_ess
0.17341040462427745,0.04131731351024289,0.10810810810810813,2.0,0.13179403351042093,0.030226700251889168,0.2408060453400504,0.4331291367836338,0.9785202863961812,1.0,5.1159793814432994,YNR008W,non_ess,non_ess
0.0,0.0,0.0,0.0,0.019411524315488357,0.0,0.0,0.0,0.0,1.0,2.838983050847458,YIR009W,non_ess,non_ess
0.049132947976878616,0.0045812084017633325,0.027027027027027032,0.2,0.05578259092766653,0.01956271576524741,0.060989643268124276,0.7967360602573491,0.8366370471633631,0.3705408515535098,0.3705408515535098,YFL028C,non_ess,non_ess
0.023121387283236997,0.006828593655458553,0.08108108108108109,6.0,0.017572537801389457,0.025974025974025976,0.2564935064935065,0.5278793063224201,1.06187624750499,0.7727272727272727,0.9444444444444444,YDR112W,non_ess,non_ess
0.04624277456647399,0.010199671536001384,0.21621621621621626,2.0,0.02472415202288517,0.0387409200968523,0.2857142857142857,0.8775726392251817,0.5043103448275863,0.2493946731234867,1.4927536231884058,YGR230W,non_ess,non_ess
0.0,0.0,0.027027027027027032,0.16666666666666666,0.04515733551287291,0.0,0.0,0.0,0.0,1.0,1.0469897209985315,YGR024C,ess,non_ess
0.0722543352601156,0.013397873627798429,0.16216216216216214,1.2,0.052717613404168376,0.03033980582524272,0.18810679611650485,1.1223795683631193,0.8787449870252418,0.17354368932038836,0.89937106918239,YBR213W,non_ess,non_ess
0.02023121387283237,0.0035439536692886157,0.054054054054054064,2.0,0.08520637515324889,0.005380476556495004,0.03151421983089931,0.3020822513520438,0.26195426195426197,0.4604150653343582,4.188811188811187,YNL330C,non_ess,non_ess
0.06358381502890173,0.014694442043391822,0.054054054054054064,2.0,0.07805476093175318,0.01839464882943144,0.14214046822742474,0.3803312629399586,0.8238095238095238,0.1362876254180602,0.9209039548022596,YEL037C,non_ess,non_ess
0.049132947976878616,0.007779410493560376,0.10810810810810813,0.6666666666666666,0.13547200653861874,0.008337420304070623,0.04413928396272683,0.09503389488726184,0.3944887599709935,0.23688082393330065,1.932,YHL029C,non_ess,non_ess
0.008670520231213872,0.0008643789437289308,0.027027027027027032,0.2,0.046996322026971814,0.004054054054054054,0.013513513513513514,0.15558166862514688,0.19806763285024154,0.5027027027027027,1.2317880794701983,YDR174W,non_ess,non_ess
0.0028901734104046237,0.0017287578874578616,0.054054054054054064,2.0,0.012872905598692277,0.0041841004184100415,0.08368200836820082,0.14628854796218813,0.9814814814814816,0.5564853556485355,0.59375,YCL048W-A,non_ess,non_ess
0.0028901734104046237,0.0002593136831186792,0.10810810810810813,8.0,0.023906824683285657,0.002493765586034913,0.007481296758104737,0.13206345837533826,0.2851063829787234,1.0,2.50625,YHR191C,non_ess,non_ess
0.04046242774566474,0.005445587345492263,0.0,0.0,0.11442582754393135,0.008092485549132947,0.03641618497109827,0.12640865931180245,0.33669100982120365,0.292485549132948,2.2,YIR010W,non_ess,non_ess
0.011560693641618495,0.0017287578874578616,0.0,0.0,0.032080098079280764,0.007677543186180422,0.03838771593090212,0.21460366725201124,0.8670212765957446,0.7965451055662188,0.7965451055662188,YKL131W,non_ess,non_ess
0.03757225433526011,0.006915031549831446,0.08108108108108109,1.0,0.20004086636698,0.004352192835621024,0.026782725142283227,0.1890095174326845,0.8400380107697182,0.21627050552393706,0.7764423076923077,YIL169C,non_ess,non_ess
0.0722543352601156,0.016768951508341255,0.0,0.0,0.18287699223539028,0.009140767824497258,0.07093235831809871,0.5743897193246585,1.1974789915966386,0.2877513711151737,1.8344988344988344,YLR309C,non_ess,non_ess
0.026011560693641616,0.005704901028610943,0.027027027027027032,2.0,0.1755210461789947,0.003425961172440045,0.02512371526456033,0.15518875183244374,0.6941489361702128,0.2329653597259231,1.1746641074856046,YDR285W,non_ess,non_ess
0.005780346820809247,0.0005186273662373584,0.027027027027027032,0.5,0.05108295872496935,0.0025,0.0075,0.050908430232558144,0.2209302325581395,0.79125,2.089108910891089,YDL043C,non_ess,non_ess
0.07803468208092486,0.01832483360705333,0.35135135135135137,3.25,0.08520637515324889,0.0207532667179093,0.16295157571099156,0.4237662381063778,1.03269042170644,0.1398923904688701,0.6319444444444444,YOL124C,non_ess,non_ess
0.0,0.0,0.0,1.0,0.029423784225582342,0.0,0.0,0.0,0.0,1.0,1.0,YGR296C-B,non_ess,non_ess
0.24277456647398846,0.11392514478347307,0.5405405405405406,1.5384615384615383,0.09011033919084592,0.06117989803350327,0.9599417334304444,1.6050726189966156,0.9456601198888837,0.06846321922796796,1.160493827160494,YAL062W,non_ess,non_ess
0.1329479768786127,0.0237704209525456,0.21621621621621626,1.3333333333333333,0.14895790764201064,0.02056325435851587,0.12293249888243182,0.3915338720054987,0.6097269284432929,0.124273580688422,1.6646706586826348,YCL039W,non_ess,non_ess
0.03757225433526011,0.005791338922983836,0.2432432432432433,1.125,0.03555373927257867,0.022727272727272728,0.11713286713286715,0.4588174982911825,0.5221606648199446,0.2290209790209789,1.4239130434782608,YGR016W,non_ess,non_ess
0.02023121387283237,0.010631861007865848,0.027027027027027032,0.5,0.04658765835717205,0.009536784741144414,0.16757493188010902,0.1798286823890507,0.598978288633461,0.32833787465940056,1.2617801047120418,YER174C,non_ess,non_ess
0.008670520231213872,0.001210130521220503,0.054054054054054064,0.4,0.05353494074376789,0.003588516746411484,0.01674641148325359,0.1378184404500194,0.6405405405405405,0.42105263157894735,1.1174603174603177,YGL019W,non_ess,non_ess
0.023121387283236997,0.006396404183594088,0.027027027027027032,2.0,0.0913363302002452,0.005751258087706686,0.05319913731128685,0.18556409641959606,0.6017094017094018,0.5758447160316319,2.419939577039275,YDR179W-A,non_ess,non_ess
0.01445086705202312,0.0025931368311867924,0.16216216216216214,1.2,0.09031467102574582,0.0036337209302325577,0.02180232558139535,0.07030240633074934,2.233796296296296,0.5421511627906976,0.9551856594110116,YBR118W,non_ess,non_ess
0.09248554913294796,0.012274181000950816,0.0,1.0,0.256640784634246,0.008381351492928235,0.03719224724986904,0.3140979063519154,1.1764705882352942,0.33708748035620745,2.1557788944723617,YOR124C,non_ess,non_ess
0.060693641618497114,0.008816665226035093,0.054054054054054064,2.0,0.1129955046996322,0.012287887653598594,0.05968402574605033,0.4420642509526325,0.5954268292682928,0.18782913984786426,1.3264462809917357,YLR253W,non_ess,non_ess
0.005780346820809247,0.003889705246780188,0.027027027027027032,1.0,0.016959542296689827,0.006688963210702341,0.1505016722408027,0.3500557413600892,0.2678062678062678,0.5919732441471572,1.3937007874015748,YLR012C,non_ess,non_ess
0.05491329479768786,0.012274181000950816,0.08108108108108109,1.0,0.10053126277073968,0.012450851900393184,0.09305373525557012,0.20341540672999686,0.6084130922840599,0.5117955439056356,0.961822660098522,YMR020W,non_ess,non_ess
0.04624277456647399,0.02696862304434264,0.054054054054054064,1.0,0.06048222313036373,0.017057569296375266,0.3326226012793177,0.43567874911158494,0.8421052631578946,0.3400852878464819,1.8875739644970413,YML087C,non_ess,non_ess
0.031791907514450865,0.009681044169764024,0.1891891891891892,3.5,0.08009807928075195,0.00897226753670473,0.09135399673735728,0.19711381603714392,0.6970695970695971,0.3091353996737357,1.3251748251748252,YJR125C,non_ess,non_ess
0.026011560693641616,0.00760653470481459,0.0,0.0,0.12913771965672252,0.004624871531346352,0.045220966084275435,0.42644805988093626,1.3715529753265605,0.5467625899280576,3.06628242074928,YLR273C,non_ess,non_ess
0.023121387283236997,0.0049269599792549044,0.027027027027027032,0.5,0.03923171230077646,0.012779552715654952,0.09105431309904154,0.36963334854708657,0.9227513227513228,0.3785942492012779,0.3785942492012779,YMR132C,non_ess,non_ess
0.008670520231213872,0.0010372547324747168,0.13513513513513514,1.0,0.05762157744176542,0.003348214285714285,0.013392857142857142,0.07086711218229623,0.19171779141104286,0.5290178571428571,1.0215517241379308,YIL044C,non_ess,non_ess
0.1213872832369942,0.04261388192583628,0.1891891891891892,0.875,0.0968532897425419,0.02853260869565217,0.3349184782608696,0.5248392529087569,0.5821596244131455,0.11209239130434782,1.2595419847328244,YDL048C,non_ess,non_ess
0.08092485549132948,0.035525974587259056,0.10810810810810813,8.0,0.08908868001634655,0.020618556701030927,0.3026509572901325,0.3587753074152279,1.1596385542168677,0.1251840942562592,1.0967741935483872,YJL155C,non_ess,non_ess
0.03757225433526011,0.005704901028610943,0.027027027027027032,0.25,0.07866775643645281,0.010788381742738587,0.054771784232365145,0.5135626350262337,0.7571822117276663,0.17178423236514526,1.0247524752475248,YPR023C,non_ess,non_ess
0.005780346820809247,0.0007779410493560378,0.16216216216216214,0.6,0.032080098079280764,0.003838771593090211,0.01727447216890595,0.11088144101579804,0.31501831501831506,0.8483685220729367,2.351063829787234,YNL133C,non_ess,non_ess
0.0028901734104046237,0.0003457515774915723,0.0,1.0,0.018594196975888846,0.0030959752321981426,0.01238390092879257,0.07166272081588053,0.25098039215686274,1.0,1.0,YCL046W,non_ess,non_ess
0.16184971098265896,0.0473679661163454,0.027027027027027032,2.0,0.0958316305680425,0.038435140700068635,0.3761153054221002,1.0603127123476646,1.1695013305565198,0.12971859986273165,0.836283185840708,YFR053C,non_ess,non_ess
0.04046242774566474,0.01797908202956176,0.0,0.0,0.1113608500204332,0.00830860534124629,0.12344213649851632,0.27040733746965195,0.5677830940988836,0.3228486646884273,1.5722543352601157,YJL016W,non_ess,non_ess
0.10693641618497107,0.02411617253003717,0.32432432432432434,1.7142857142857142,0.09113199836534533,0.026657060518731988,0.2010086455331412,0.4203060546985365,0.957244008714597,0.14121037463976946,0.6202531645569621,YML005W,non_ess,non_ess
0.08670520231213873,0.02627711988935949,0.10810810810810813,0.8,0.1213731099305272,0.016375545851528384,0.16593886462882096,0.3748540792943923,0.9225922592259224,0.1779475982532751,1.0316455696202531,YLR248W,non_ess,non_ess
0.005780346820809247,0.00017287578874578615,0.0,0.0,0.03814194251464378,0.003278688524590164,0.003278688524590164,0.10251236783393153,0.2189349112426036,0.7475409836065574,3.060402684563759,YLL050C,ess,ess
0.0028901734104046237,8.643789437289306e-05,0.0,1.0,0.017981201471189208,0.0031847133757961785,0.0031847133757961785,0.10305081065431383,0.4630681818181818,0.5318471337579618,1.3359999999999999,YEL030C-A,non_ess,non_ess
0.017341040462427744,0.0036303915636615096,0.0,0.0,0.03964037597057622,0.00949367088607595,0.06645569620253164,0.4738631036099391,1.4666666666666666,0.4398734177215189,1.4946236559139785,YOR247W,non_ess,non_ess
0.0028901734104046237,8.643789437289306e-05,0.054054054054054064,1.0,0.05094673750170277,0.0012531328320802006,0.0012531328320802006,0.03174197629997323,0.14805825242718446,0.6390977443609023,1.7708333333333337,YHR021C,non_ess,non_ess
0.02023121387283237,0.003111764197424151,0.0,0.0,0.04781364936657132,0.009308510638297872,0.04787234042553192,0.3645644135962636,0.5975609756097561,0.3617021276595745,0.9220338983050848,YER100W,non_ess,non_ess
0.02023121387283237,0.00224738525369522,0.08108108108108109,1.0,0.09624029423784226,0.004784688995215311,0.0177717019822283,0.0914809660878019,0.4880478087649402,0.4272043745727957,1.3706140350877194,YCR066W,non_ess,non_ess
0.2745664739884393,0.4445500907597891,0.054054054054054064,4.0,0.14977523498161013,0.04224099599822143,2.2867941307247666,1.2857843361327776,1.0978151048244504,0.17874610938194754,2.4363636363636365,YLL029W,non_ess,non_ess
0.03757225433526011,0.011323364162848992,0.13513513513513514,2.5,0.02840212505108296,0.0278372591006424,0.28051391862955033,1.0313704496788008,2.302857142857143,0.3233404710920771,0.9320987654320988,YKR074W,non_ess,non_ess
0.01445086705202312,0.005704901028610943,0.0,1.0,0.022067838169186758,0.013368983957219251,0.17647058823529413,0.4488965880846577,1.0827464788732395,0.5802139037433155,0.96875,YCR104W,non_ess,non_ess
0.0,0.0,0.2972972972972973,1.375,0.003269309358398039,0.0,0.0,0.0,0.0,1.0,1.0,YNR003W-A,non_ess,non_ess
0.005780346820809247,0.0013830063099662892,0.0,0.0,0.041683694319574985,0.0030211480362537764,0.024169184290030208,0.11075835936299863,0.1963276836158192,0.8746223564954683,0.8746223564954683,YPR113W,ess,ess
0.05202312138728323,0.006915031549831446,0.0,0.0,0.15590519002860648,0.007695596408721676,0.034202650705429674,0.2451802631526373,0.6168224299065421,0.4390765284309534,2.474698795180723,YLR144C,non_ess,non_ess
0.011560693641618495,0.002160947359322327,0.1891891891891892,1.1666666666666667,0.029628116060482226,0.00824742268041237,0.05154639175257732,0.15436685469752967,0.4528301886792453,0.32989690721649484,0.6956521739130435,YJL096W,non_ess,non_ess
0.04624277456647399,0.015991010458985218,0.21621621621621626,1.6,0.05986922762566409,0.017222820236813777,0.1991388589881593,0.4923094528822118,0.7884828349944629,0.21420882669537136,0.8432203389830507,YGL043W,non_ess,non_ess
0.06936416184971098,0.02333823148068113,0.2432432432432433,1.8,0.08724969350224766,0.018031555221637862,0.202854996243426,0.4493068349062915,0.8036529680365297,0.1728024042073629,1.4556962025316456,YKL090W,non_ess,non_ess
0.01445086705202312,0.0013830063099662892,0.13513513513513514,1.25,0.049856967715570084,0.00639386189258312,0.020460358056265983,0.14313116550968213,0.45,0.39130434782608703,1.137546468401487,YLR201C,non_ess,non_ess
0.15317919075144507,0.04149018929898868,0.16216216216216214,6.0,0.1338373518594197,0.026302729528535983,0.2382133995037221,1.0410589219903974,0.9467455621301776,0.14838709677419354,1.7383720930232556,YOR138C,non_ess,non_ess
0.3728323699421965,0.12438413000259313,0.32432432432432434,3.0,0.15610952186350635,0.05508112724167378,0.6144321093082835,0.6981314301980399,0.7522614780679296,0.03800170794192997,0.4863387978142077,YBR001C,non_ess,non_ess
0.005780346820809247,0.0003457515774915723,0.0,0.0,0.05414793624846752,0.0023668639053254447,0.004733727810650889,0.056135963828271525,0.10584010584010584,0.7029585798816568,2.0412371134020617,YDL006W,ess,ess
0.03468208092485549,0.0028524505143054713,0.054054054054054064,2.0,0.04781364936657132,0.015957446808510637,0.043882978723404256,0.4315720328120995,0.6347891566265061,0.3723404255319149,1.5730337078651686,YER062C,non_ess,non_ess
0.0,0.0,0.027027027027027032,0.3333333333333333,0.0067429505516959564,0.0,0.0,0.0,0.0,1.0,1.0,YJR140W-A,non_ess,non_ess
0.02890173410404624,0.005964214711729622,0.08108108108108109,0.75,0.06129955046996322,0.010526315789473684,0.07263157894736842,0.28723196881091617,0.7763532763532763,0.3547368421052632,1.2254545454545456,YDR492W,non_ess,non_ess
0.005780346820809247,0.0010372547324747168,0.0,0.0,0.07172047404985697,0.001813236627379873,0.010879419764279237,0.036418038268279725,0.10405920610002244,0.9283771532184948,4.24896265560166,YOL010W,ess,ess
0.011560693641618495,0.0018151957818307548,0.0,0.0,0.04495300367797303,0.0056338028169014105,0.029577464788732393,0.12920843840334584,0.7292576419213972,0.9535211267605632,1.3704453441295548,YKL009W,non_ess,non_ess
0.008670520231213872,0.0010372547324747168,0.0,1.0,0.10747854515733553,0.0018427518427518426,0.00737100737100737,0.06212706212706213,0.25917560700169395,0.4545454545454545,1.0709117221418234,YNL189W,ess,ess
0.049132947976878616,0.007087907338577231,0.027027027027027032,2.0,0.08970167552104619,0.012435991221653257,0.05998536942209218,0.2798098024871982,0.9069767441860463,0.2377468910021946,0.8977900552486188,YDL091C,non_ess,non_ess
0.026011560693641616,0.004321894718644654,0.0,1.0,0.0813240702901512,0.007234726688102894,0.04019292604501608,0.5127009646302251,0.5022222222222222,0.3496784565916399,1.7827868852459017,YDR317W,non_ess,non_ess
0.017341040462427744,0.001901633676203648,0.0,0.0,0.08398038414384963,0.004676539360872954,0.0171473109898675,0.16610006467554436,0.29521276595744683,0.4715510522213562,2.7752293577981653,YKL181W,ess,ess
0.026011560693641616,0.003111764197424151,0.0,0.0,0.09746628524724152,0.006076975016880486,0.024307900067521943,0.18261975287953985,0.5192909280500522,0.5482781904118839,1.2265861027190332,YNL119W,non_ess,non_ess
0.05491329479768786,0.00786584838793327,0.10810810810810813,0.8,0.12545974662852474,0.01004228329809725,0.04809725158562368,0.1958245243128964,0.8759645061728395,0.2135306553911205,0.6516129032258065,YHL038C,non_ess,non_ess
0.02023121387283237,0.0112369262684761,0.0,0.0,0.019411524315488357,0.020895522388059702,0.3880597014925373,0.6446835589494389,2.5142118863049094,0.808955223880597,0.9783393501805054,YHR063W-A,non_ess,non_ess
0.04046242774566474,0.0035439536692886157,0.21621621621621626,1.6,0.03923171230077646,0.022364217252396158,0.06549520766773162,0.55634819904591,0.6652397260273972,0.22364217252396165,0.7486631016042781,YBL057C,non_ess,non_ess
0.04335260115606936,0.01236061889532371,0.08108108108108109,6.0,0.11565181855333062,0.008581235697940505,0.08180778032036612,0.2150995285489785,0.8189006024096385,0.40045766590389015,1.2499999999999998,YLR133W,non_ess,non_ess
0.026011560693641616,0.005186273662373585,0.027027027027027032,0.5,0.05353494074376789,0.01076555023923445,0.07177033492822966,0.2947803392779469,1.4386363636363635,0.19617224880382766,0.5015290519877675,YBR185C,non_ess,non_ess
0.02890173410404624,0.010113233641628491,0.054054054054054064,1.0,0.017776869636289334,0.03215434083601286,0.3762057877813505,1.0172237593160347,1.7958656330749352,1.0,1.1561338289962826,YGL193C,non_ess,non_ess
0.04046242774566474,0.012619932578442388,0.16216216216216214,1.5,0.038823048630976714,0.022580645161290318,0.23548387096774195,0.5490107526881721,0.5559420289855073,0.3564516129032258,2.7625,YJR073C,non_ess,non_ess
0.10693641618497107,0.017892644135188866,0.2972972972972973,1.5714285714285714,0.12975071516142214,0.01892583120204604,0.10588235294117647,1.1823529411764706,0.8214285714285715,0.119693094629156,0.8417266187050358,YLR429W,non_ess,non_ess
0.026011560693641616,0.002074509464949433,0.0,1.0,0.08541070698814876,0.006901840490797546,0.018404907975460124,0.21280674846625766,1.0317460317460316,0.6418711656441718,1.0,YKL082C,ess,non_ess
0.0,0.0,0.0,1.0,0.13976297507151614,0.0,0.0,0.0,0.0,1.0,1.0,YBL111C,ess,non_ess
0.005780346820809247,0.0003457515774915723,0.0,0.0,0.04495300367797303,0.0028169014084507052,0.0056338028169014105,0.07193057333902404,0.22474747474747472,0.4661971830985915,1.8186813186813189,YOR214C,ess,ess
0.023121387283236997,0.004840522084882012,0.054054054054054064,0.6666666666666666,0.0813240702901512,0.006430868167202572,0.04501607717041802,0.22096852772093928,0.30707070707070705,0.4983922829581994,1.2301587301587302,YGR159C,non_ess,non_ess
0.08092485549132948,0.02005359149451119,0.0,0.0,0.0968532897425419,0.019021739130434784,0.15760869565217392,0.33871134936618885,0.8759713391865979,0.1766304347826087,0.9252669039145908,YDR523C,non_ess,non_ess
0.017341040462427744,0.0012965684155933962,0.0,0.0,0.04454434000817328,0.008522727272727272,0.02130681818181818,0.17475895316804407,0.28030303030303033,0.40625,2.75,YLR250W,ess,non_ess
0.04335260115606936,0.010631861007865848,0.08108108108108109,0.5,0.06742950551695955,0.014423076923076926,0.11826923076923075,0.31939404934687954,0.7311320754716981,0.3576923076923077,1.0,YOR315W,non_ess,non_ess
0.1184971098265896,0.02826519145993604,0.08108108108108109,0.75,0.2037188393951778,0.013482407102926669,0.107530417625781,0.3851009385146296,0.9739463601532568,0.26274251890825384,1.604417670682731,YPL183C,non_ess,non_ess
0.0722543352601156,0.008038724176679056,0.027027027027027032,1.0,0.14180629342051493,0.01172607879924953,0.04362101313320826,0.6592778410613775,0.7326007326007326,0.13227016885553472,0.7440633245382586,YDR436W,non_ess,non_ess
0.0028901734104046237,8.643789437289306e-05,0.027027027027027032,2.0,0.025745811197384557,0.002336448598130841,0.002336448598130841,0.08497381851925498,0.3215130023640662,0.8130841121495327,1.74,YIL029C,non_ess,non_ess
0.10982658959537572,0.022906042008816664,0.027027027027027032,2.0,0.03555373927257867,0.06643356643356642,0.4632867132867133,1.5455679455679456,1.313127413127413,0.2447552447552448,0.9032258064516128,YDR136C,non_ess,non_ess
0.06936416184971098,0.00950816838101824,0.054054054054054064,1.0,0.2834082550061299,0.00569935882213251,0.026122061268107337,0.1297700162577864,0.5587044534412955,0.2168131085252909,2.128205128205128,YGL131C,non_ess,non_ess
0.05202312138728323,0.011582677845967672,0.08108108108108109,0.6,0.07703310175725378,0.015241320914479255,0.11346316680779,0.4651267445509614,0.6788211788211789,0.31329381879762913,1.804878048780488,YDL204W,non_ess,non_ess
0.03757225433526011,0.02472123779064742,0.2432432432432433,3.0,0.011646914589293013,0.05882352941176471,1.2941176470588236,2.0500381970970203,0.6038961038961038,0.21266968325791846,0.7704918032786885,YGR035W-A,non_ess,non_ess
0.03468208092485549,0.0045812084017633325,0.054054054054054064,2.0,0.1040049039640376,0.007609384908053266,0.03360811667723525,0.2423691922740749,1.0945945945945943,0.24857324032974,0.9158878504672896,YBR028C,non_ess,non_ess
0.011560693641618495,0.0015558820987120756,0.0,0.0,0.17797302819779326,0.0015020653398422831,0.006759294029290274,0.05668615241479422,0.3144278606965174,0.4532482162974089,0.4532482162974089,YPR112C,ess,ess
0.12716763005780346,0.08177024807675684,0.10810810810810813,0.5,0.022476501838986515,0.11578947368421053,2.4894736842105263,1.7290599206774575,1.2801862089031135,0.11315789473684212,0.5972222222222222,YMR007W,non_ess,non_ess
0.017341040462427744,0.0028524505143054713,0.027027027027027032,1.0,0.03780138945647732,0.009917355371900829,0.054545454545454536,0.2777525098452493,0.3733984136668701,0.3256198347107438,1.7589285714285714,YOL029C,non_ess,non_ess
0.06358381502890173,0.014435128360273143,0.21621621621621626,0.8888888888888888,0.06579485083776053,0.021653543307086614,0.1643700787401575,0.6898041590954976,0.8517948717948718,0.15059055118110234,1.033783783783784,YER156C,non_ess,non_ess
0.0028901734104046237,0.0004321894718644654,0.0,1.0,0.04849475548290424,0.0013123359580052493,0.006561679790026247,0.02145596112753564,0.07269723254853366,0.5236220472440944,2.2931034482758617,YER056C-A,non_ess,ess
0.06358381502890173,0.013570749416544212,0.0,0.0,0.08193706579485084,0.017557861133280128,0.12529928172386273,0.4040406609793865,1.4988047808764942,0.16919393455706305,0.3291925465838509,YIL160C,non_ess,non_ess
0.011560693641618495,0.0035439536692886157,0.0,1.0,0.021046178994687373,0.011142061281337049,0.11420612813370473,0.3693748682151616,0.3417441345728198,0.4261838440111421,1.457142857142857,YJL215C,non_ess,non_ess
0.04046242774566474,0.006223528394848302,0.027027027027027032,0.3333333333333333,0.16244380874540254,0.0057494866529774116,0.029568788501026694,0.14058516348930047,0.6718966312874942,0.34661190965092403,1.3418124006359302,YLR176C,non_ess,non_ess
0.04335260115606936,0.008211599965424842,0.1891891891891892,0.875,0.12832039231712306,0.007755946225439502,0.04912099276111686,0.2052669603773853,0.7371167645140249,0.4710444674250258,1.490998363338789,YPL269W,non_ess,non_ess
0.03757225433526011,0.0029388884086783643,0.13513513513513514,1.25,0.1264814058030241,0.00681699003670687,0.01782905086523335,0.19134406385474168,0.3931297709923664,0.3875196643943367,2.4715719063545154,YGL023C,non_ess,non_ess
0.05780346820809248,0.01797908202956176,0.16216216216216214,1.5,0.1285247241520229,0.010325245224574084,0.10738255033557048,0.2268895087975077,0.7426758723642469,0.20237480640165206,0.9584352078239609,YOL117W,non_ess,non_ess
0.06936416184971098,0.013311435733425534,0.3783783783783784,1.4,0.02063751532488762,0.0679886685552408,0.43626062322946174,1.655741064432524,0.9872340425531916,0.1671388101983003,0.9076923076923076,YJR146W,non_ess,non_ess
0.07514450867052022,0.016423199930849685,0.13513513513513514,5.0,0.13056804250102166,0.013218098627351295,0.09659379766141332,0.3009504736904166,0.8897338403041826,0.14489069649211994,0.6658878504672897,YOL113W,non_ess,non_ess
0.0,0.0,0.054054054054054064,0.6666666666666666,0.004290968532897425,0.0,0.0,0.0,0.0,1.0,1.0,YMR272W-A,non_ess,non_ess
0.08959537572254335,0.08220243754862132,0.054054054054054064,0.6666666666666666,0.017572537801389457,0.10064935064935067,3.0876623376623376,2.5992939099735217,0.9697950377562028,0.2922077922077922,1.6666666666666663,YEL059W,non_ess,non_ess
0.40462427745664736,0.12274181000950815,0.8378378378378379,3.4444444444444446,0.13710666121781775,0.06786233640329617,0.6883179835191469,2.1820619633224383,0.6376131004190029,0.1289384391662627,1.285024154589372,YAR035W,non_ess,non_ess
0.060693641618497114,0.008816665226035093,0.027027027027027032,0.3333333333333333,0.12321209644462608,0.011296395911780529,0.054868208714362564,0.2572514838486155,0.7800847457627118,1.0,3.2844522968197882,YOR175C,non_ess,non_ess
0.03757225433526011,0.005186273662373585,0.027027027027027032,0.5,0.11095218635063343,0.007742703990470519,0.0357355568790947,0.36343061346039307,0.9684210526315788,0.2394282310899345,1.3958333333333337,YDL106C,non_ess,non_ess
0.017341040462427744,0.0033710778805428297,0.027027027027027032,0.16666666666666666,0.09521863506334287,0.004143646408839779,0.026933701657458564,0.08399081839500774,0.24876940552820895,0.4516574585635359,2.050156739811912,YDR388W,ess,non_ess
0.0722543352601156,0.012879246261561068,0.0,0.0,0.13833265222721702,0.01201345506967804,0.07160019221528112,0.43465222402474224,0.6813909774436089,0.1830850552618933,1.6493506493506491,YBR169C,non_ess,non_ess
0.04624277456647399,0.01884346097329069,0.16216216216216214,0.6,0.08316305680425011,0.012588512981904013,0.17151848937844216,0.5357985837922896,1.2000000000000002,0.3933910306845004,1.5432098765432096,YOL140W,non_ess,non_ess
0.0028901734104046237,0.00017287578874578615,0.0,1.0,0.022067838169186758,0.00267379679144385,0.0053475935828877,0.05888001807637265,0.11776003615274533,0.8582887700534759,0.8582887700534759,YOL014W,non_ess,non_ess
0.049132947976878616,0.007779410493560376,0.0,1.0,0.21638741315897014,0.005268050821196158,0.0278896808180973,0.4142506358941608,0.6678437431030678,0.2847846296870158,1.8019607843137253,YHR211W,non_ess,non_ess
0.017341040462427744,0.001901633676203648,0.16216216216216214,1.5,0.05762157744176542,0.006696428571428571,0.024553571428571428,0.18512450851900392,0.383909668313338,0.20200892857142852,1.1602564102564104,YJR150C,non_ess,non_ess
0.017341040462427744,0.0017287578874578616,0.0,0.0,0.09521863506334287,0.004143646408839779,0.013812154696132596,0.10770969362129584,0.8499999999999999,0.6436464088397789,1.5303776683087027,YLR394W,ess,ess
0.11271676300578035,0.026795747255596854,0.054054054054054064,1.0,0.2308949734368615,0.011337209302325582,0.09011627906976744,0.2353820598006645,0.6616071428571428,0.2441860465116279,1.4634146341463412,YGR097W,non_ess,non_ess
0.005780346820809247,0.0004321894718644654,0.13513513513513514,1.6666666666666667,0.027993461381283204,0.0043383947939262466,0.010845986984815618,0.15119731189655905,0.792156862745098,0.7180043383947939,1.0122324159021407,YOR382W,non_ess,non_ess
0.11560693641618495,0.04321894718644654,0.027027027027027032,1.0,0.19248058847568453,0.013908205841446454,0.17385257301808066,0.3385778859527121,0.8799342105263158,0.1888038942976356,1.696875,YGL227W,non_ess,non_ess
0.0953757225433526,0.0249805514737661,0.027027027027027032,1.0,0.36493665713118106,0.006102071005917161,0.05343934911242604,0.2215556457712328,0.7761711972238288,0.20414201183431951,1.1973969631236443,YDR420W,non_ess,non_ess
0.060693641618497114,0.016250324142103898,0.21621621621621626,1.0,0.07928075194115244,0.01729818780889621,0.15485996705107086,0.3201505689437186,0.7976744186046513,0.19110378912685336,0.8140350877192982,YNR021W,non_ess,non_ess
0.005780346820809247,0.0009508168381018238,0.0,0.0,0.04045770331017573,0.003105590062111801,0.017080745341614908,0.1049430641821946,0.2725694444444444,0.9782608695652174,2.0257234726688105,YLR268W,ess,ess
0.07803468208092486,0.017806206240815973,0.1891891891891892,1.4,0.10237024928483858,0.017385705086928525,0.13264649066323245,1.0619472515342259,0.9183673469387754,0.15904700579523506,0.98015873015873,YIL085C,non_ess,non_ess
0.06358381502890173,0.010113233641628491,0.13513513513513514,1.6666666666666667,0.08071107478545159,0.017813765182186234,0.09473684210526316,0.4871226012599626,0.7686846038863975,0.31659919028340083,0.9376498800959234,YOR042W,non_ess,non_ess
0.06358381502890173,0.010113233641628491,0.0,1.0,0.2950551695954229,0.005020538566864446,0.026700136923779098,0.1061999265577124,0.6822149837133549,0.2727065267001369,1.2193877551020411,YIL115C,non_ess,non_ess
0.023121387283236997,0.00509983576800069,0.0,0.0,0.15161422149570905,0.0035149384885764497,0.02592267135325132,0.07717357593300941,0.2703619909502263,0.4428822495606327,2.930232558139535,YMR179W,ess,ess
0.06936416184971098,0.012014867317832138,0.054054054054054064,0.6666666666666666,0.06211687780956274,0.02494802494802495,0.1444906444906445,0.8946238037147128,0.8278835788717213,1.0,8.016666666666666,YKR080W,non_ess,non_ess
0.02890173410404624,0.005359149451119371,0.027027027027027032,0.5,0.05619125459746629,0.011428571428571429,0.07085714285714285,0.30841487279843444,0.9497716894977168,0.4811428571428572,1.725409836065574,YBR152W,non_ess,non_ess
0.02023121387283237,0.0026795747255596854,0.054054054054054064,2.0,0.021250510829587253,0.01933701657458564,0.0856353591160221,0.5423428867403315,0.8613281250000001,0.2320441988950276,0.608695652173913,YJR038C,non_ess,non_ess
0.005780346820809247,0.0010372547324747168,0.0,0.0,0.029423784225582342,0.004149377593360996,0.024896265560165973,0.17057611426313266,0.5487528344671202,0.9522821576763484,1.4664536741214056,YLR010C,non_ess,non_ess
0.02890173410404624,0.0045812084017633325,0.0,0.0,0.10012259910093993,0.006578947368421052,0.034868421052631576,0.2767586032388664,0.7988165680473371,0.2276315789473685,0.9942528735632185,YDR168W,non_ess,non_ess
0.12716763005780346,0.19024980551473766,0.4594594594594595,1.0,0.019411524315488357,0.13134328358208955,6.570149253731342,5.200786763855144,1.1062225015713387,0.8985074626865671,0.9647435897435898,YDR094W,non_ess,non_ess
0.017341040462427744,0.001901633676203648,0.0,0.0,0.06763383735185942,0.005752636625119847,0.02109300095877277,0.1741441543060177,0.6577540106951871,0.4477468839884947,1.2553763440860215,YOR262W,ess,non_ess
0.1445086705202312,0.04909672400380328,0.0,1.0,0.1248467511238251,0.026553372278279343,0.3016463090812533,0.4226556380503461,1.0127774833657186,0.241635687732342,1.2709497206703908,YIL055C,non_ess,non_ess
0.005780346820809247,0.0012965684155933962,0.0,1.0,0.04944830404577034,0.002577319587628866,0.019329896907216496,0.0637390959555908,0.168467895740623,0.6224226804123711,2.289099526066351,YBR088C,ess,ess
0.03468208092485549,0.006223528394848302,0.08108108108108109,1.0,0.115038823048631,0.006900517538815411,0.04140310523289247,0.15804411137286908,0.4243176178660049,0.19091431857389304,1.5734597156398105,YPR083W,non_ess,non_ess
0.05202312138728323,0.01348431152217132,0.0,1.0,0.05782590927666531,0.02002224694104561,0.1735261401557286,0.6086555585653605,0.7121997173810645,0.2513904338153504,0.8862745098039215,YPR066W,non_ess,non_ess
0.008670520231213872,0.002333823148068113,0.0,0.0,0.011442582754393136,0.013761467889908258,0.12385321100917432,0.3120778304264543,0.9377289377289378,0.5,1.0186915887850467,YNL162W-A,non_ess,non_ess
0.005780346820809247,0.0010372547324747168,0.0,0.0,0.0939926440539436,0.0013986013986013984,0.008391608391608392,0.025604271247424776,0.04457617071724957,0.42097902097902096,2.7488584474885847,YJL002C,ess,ess
0.04046242774566474,0.02048578096637566,0.2432432432432433,2.25,0.01736820596648958,0.045901639344262286,0.7770491803278688,1.5037100949094049,1.5789473684210529,0.9704918032786886,1.0,YOR121C,non_ess,non_ess
0.049132947976878616,0.006569279972339874,0.10810810810810813,0.6666666666666666,0.15079689415610953,0.0075088339222614845,0.03356890459363958,0.188295687017093,0.8904558045832284,0.4257950530035336,4.155172413793103,YPL074W,non_ess,non_ess
0.02890173410404624,0.003198202091797044,0.054054054054054064,2.0,0.018798528810788726,0.030674846625766868,0.11349693251533742,0.7060692375109553,0.6071428571428572,0.2177914110429448,0.8068181818181818,YJR034W,non_ess,non_ess
0.01445086705202312,0.00112369262684761,0.08108108108108109,1.5,0.07703310175725378,0.004233700254022015,0.01100762066045724,0.32750695536470303,0.7142857142857143,0.6435224386113463,1.0439560439560438,YJR032W,non_ess,non_ess
0.0953757225433526,0.024375486213155845,0.0,1.0,0.10747854515733553,0.020270270270270268,0.1732186732186732,0.6131084665567426,0.8253126184160668,0.22604422604422605,1.5081967213114755,YIL166C,non_ess,non_ess
0.023121387283236997,0.006828593655458553,0.10810810810810813,1.3333333333333333,0.027993461381283204,0.01735357917570499,0.17136659436008678,0.524503076718757,0.6530612244897959,0.2754880694143167,0.2754880694143167,YCR087C-A,non_ess,non_ess
0.03757225433526011,0.005359149451119371,0.08108108108108109,0.6,0.04658765835717205,0.017711171662125342,0.08446866485013624,0.4023929174170069,1.0754954388172382,0.43460490463215257,1.4700460829493087,YLR301W,non_ess,non_ess
0.03468208092485549,0.006482842077966981,0.027027027027027032,2.0,0.12893338782182265,0.0061760164693772535,0.03860010293360782,0.16828228361514164,0.8156797331109257,0.4534225424601132,2.0536130536130535,YDR014W,non_ess,non_ess
0.04624277456647399,0.009767482064136915,0.2432432432432433,1.2857142857142858,0.031262770739681235,0.03143418467583497,0.2220039292730845,0.8839105064070609,1.6238805970149257,0.16306483300589392,0.5684931506849316,YCR046C,non_ess,non_ess
0.005780346820809247,0.00017287578874578615,0.027027027027027032,0.5,0.05169595422966899,0.002472187886279357,0.002472187886279357,0.05913473423980223,0.7942857142857144,0.7873918417799752,1.5498783454987834,YDR025W,non_ess,non_ess
0.10115606936416184,0.035612412481631946,0.16216216216216214,0.6666666666666666,0.02308949734368615,0.08997429305912596,1.0591259640102828,2.8838312206364685,1.4120689655172416,0.1928020565552699,0.6756756756756757,YLR279W,non_ess,non_ess
0.04046242774566474,0.00959460627539113,0.08108108108108109,0.42857142857142855,0.047609317531671434,0.018691588785046728,0.14819759679572764,0.552923277548359,2.808139534883721,0.3017356475300401,0.7313915857605178,YHR163W,non_ess,non_ess
0.05202312138728323,0.012101305212205031,0.10810810810810813,1.3333333333333333,0.07928075194115244,0.014827018121911038,0.11532125205930807,0.4373970345963756,0.8717805151175813,0.17380560131795714,0.7757352941176471,YLR107W,non_ess,non_ess
0.026011560693641616,0.0112369262684761,0.0,0.0,0.0670208418471598,0.008704061895551255,0.12572533849129594,0.4271134372511093,1.08,0.2872340425531915,1.2692307692307694,YPL118W,non_ess,non_ess
0.011560693641618495,0.0014694442043391822,0.0,0.0,0.13220269718022068,0.0020090406830738324,0.008538422903063787,0.04836270991482396,0.19430051813471505,0.6428930185836264,2.17687074829932,YLR002C,ess,ess
0.011560693641618495,0.0027660126199325783,0.0,0.0,0.11360850020433184,0.002328288707799767,0.018626309662398137,0.07153095076275008,0.13728323699421965,0.39988358556461,1.6594202898550725,YLR259C,ess,ess
0.1329479768786127,0.06163021868787276,0.027027027027027032,2.0,0.0659991826726604,0.045142296368989206,0.6997055937193327,0.8652273470722932,0.7407407407407408,0.06869479882237488,0.7692307692307692,YJR129C,non_ess,non_ess
0.05780346820809248,0.0199671536001383,0.0,1.0,0.1219861054352268,0.010863661053775122,0.12547528517110265,0.22227519451033406,0.7423152387181164,0.19880499728408474,1.1261538461538465,YOR092W,non_ess,non_ess
0.011560693641618495,0.0033710778805428297,0.0,0.0,0.09644462607274214,0.002728512960436562,0.02660300136425648,0.0795658479693236,0.1813880126182965,0.4836289222373806,1.8707124010554093,YPL254W,ess,ess
0.05202312138728323,0.006828593655458553,0.1891891891891892,3.5,0.09726195341234163,0.012178619756427604,0.05345060893098782,0.2595568335588633,0.5397727272727273,0.19688768606224627,1.1781376518218625,YER051W,non_ess,non_ess
0.0,0.0,0.0,1.0,0.009194932570494484,0.0,0.0,0.0,0.0,1.0,1.0,YHR053C,non_ess,non_ess
0.005780346820809247,0.0005186273662373584,0.054054054054054064,0.6666666666666666,0.010012259910093994,0.01015228426395939,0.030456852791878174,0.183181049069374,1.3066666666666669,0.8578680203045685,1.0,YPR002C-A,non_ess,non_ess
0.05491329479768786,0.00786584838793327,0.13513513513513514,0.625,0.056599918267266035,0.021566401816118047,0.10329171396140747,0.3624714522106587,1.3734939759036144,0.9920544835414302,3.3875968992248064,YPL068C,non_ess,non_ess
0.05202312138728323,0.009335292592272452,0.054054054054054064,4.0,0.07478545157335513,0.0156794425087108,0.0940766550522648,0.5479430101634631,0.9471810089020768,0.19250871080139373,0.7864768683274022,YGL256W,non_ess,non_ess
0.0,0.0,0.0,0.0,0.09113199836534533,0.0,0.0,0.0,0.0,1.0,4.463022508038585,YDR023W,ess,ess
0.0028901734104046237,0.00017287578874578615,0.2432432432432433,1.125,0.013894564773191663,0.003937007874015748,0.007874015748031496,0.12110148242642856,0.7709497206703911,1.0,1.0,YNR077C,non_ess,non_ess
0.031791907514450865,0.006655717866712767,0.10810810810810813,0.8,0.18083367388639152,0.0040665434380776355,0.028465804066543438,0.1274484836037516,0.7429193899782135,0.499815157116451,1.1595197255574614,YLR373C,non_ess,non_ess
0.04335260115606936,0.008643789437289308,0.054054054054054064,0.2,0.105026563138537,0.009422110552763818,0.06281407035175879,0.20371446786169653,0.4853731343283582,0.7952261306532663,8.3841059602649,YJR049C,non_ess,non_ess
0.0028901734104046237,8.643789437289306e-05,0.0,0.0,0.015733551287290558,0.0035587188612099642,0.0035587188612099642,0.05637084051803206,0.11274168103606412,0.7366548042704626,0.7366548042704626,YJR005C-A,non_ess,non_ess
0.011560693641618495,0.002074509464949433,0.054054054054054064,1.0,0.0588475684511647,0.00437636761487965,0.0262582056892779,0.08874462011100323,0.2576760987357014,0.4824945295404814,1.2819767441860466,YKR052C,non_ess,non_ess
0.023121387283236997,0.003284639986169937,0.054054054054054064,0.6666666666666666,0.037188393951777685,0.013422818791946308,0.06375838926174497,0.21988948163444808,0.5387205387205387,0.44966442953020136,1.2582159624413145,YJR014W,non_ess,non_ess
0.14161849710982655,0.026882185149969744,0.0,1.0,0.06926849203105845,0.045923149015932516,0.2914714151827554,1.378153701968135,1.9306,0.10121836925960637,0.5934065934065934,YMR244W,non_ess,non_ess
0.05491329479768786,0.03958855562278503,0.16216216216216214,2.0,0.017981201471189208,0.06050955414012739,1.4585987261146496,2.8065974679562795,0.8535665294924555,0.16878980891719744,1.2325581395348837,YAL069W,non_ess,non_ess
0.011560693641618495,0.0044083326130175465,0.0,1.0,0.029015120555782595,0.008403361344537815,0.10714285714285714,0.14354496246897336,0.5599051008303677,1.0,1.0,YML009W-B,non_ess,non_ess
0.02023121387283237,0.002333823148068113,0.0,1.0,0.0651818553330609,0.0069513406156901675,0.02681231380337637,0.1619550245058782,0.3881048387096775,0.2939424031777557,1.2282157676348548,YOL120C,non_ess,non_ess
0.017341040462427744,0.0076929725991874845,0.16216216216216214,3.0,0.003473641193297916,0.0594059405940594,0.8811881188118812,1.586274658000151,3.7099236641221367,0.3465346534653465,0.3804347826086956,YOR008W-B,non_ess,non_ess
0.02890173410404624,0.01097761258535742,0.027027027027027032,2.0,0.06293420514916225,0.01026694045174538,0.13039014373716631,0.3879631480438298,0.7160096540627512,0.3521560574948665,2.3175675675675675,YLL062C,non_ess,non_ess
0.01445086705202312,0.0033710778805428297,0.0,1.0,0.18430731507968945,0.00181422351233672,0.014150943396226415,0.035215272690874516,0.0686106346483705,0.4169085631349782,2.316532258064516,YGL008C,ess,ess
0.031791907514450865,0.0087302273316622,0.10810810810810813,1.0,0.12545974662852474,0.005813953488372093,0.053382663847780135,0.16525504832998375,0.5262345679012346,0.4788583509513742,1.6563071297989032,YIL014W,non_ess,non_ess
0.04335260115606936,0.007952286282306162,0.0,1.0,0.1908459337964855,0.005259467040673212,0.03225806451612903,0.09366327474560593,0.4746317512274959,0.2615708274894811,2.0,YGL167C,non_ess,non_ess
0.1445086705202312,0.04762727979946409,0.13513513513513514,5.0,0.12729873314262366,0.02605523710265764,0.2871287128712871,0.4982479023193842,0.8058351382341701,0.2699322563835331,1.0769230769230769,YIL123W,non_ess,non_ess
0.09248554913294796,0.02109084622698591,0.2702702702702703,2.5,0.1520228851655088,0.014022787028921999,0.10692375109553023,0.3504890849929987,0.6809568188878535,0.16476774758983348,1.3286219081272086,YCL045C,non_ess,non_ess
0.01445086705202312,0.0030253263030512573,0.0,0.0,0.08663669799754803,0.0037821482602118,0.0264750378214826,0.11963030295325393,0.5555555555555556,0.6883509833585476,2.692307692307692,YHR111W,ess,ess
0.08092485549132948,0.011755553634713456,0.027027027027027032,0.3333333333333333,0.3624846751123825,0.005212211466865228,0.02531645569620253,0.15181152857995747,0.9944559944559944,0.4314966492926284,1.7844495765973825,YDL058W,non_ess,non_ess
0.03468208092485549,0.009335292592272452,0.054054054054054064,2.0,0.0768287699223539,0.010186757215619695,0.09168081494057724,0.4285568760611205,0.94,0.2410865874363328,0.7117794486215541,YKL077W,non_ess,non_ess
0.005780346820809247,0.0002593136831186792,0.027027027027027032,0.25,0.03841438496117695,0.0032573289902280127,0.004885993485342019,0.09436673692278214,0.4852941176470588,0.7345276872964169,2.2550000000000003,YLR029C,non_ess,non_ess
0.17630057803468208,0.029821073558648114,0.027027027027027032,2.0,0.33612586841029835,0.012236710130391171,0.06920762286860582,0.3950329248615411,1.2612240075614367,0.16389167502507526,1.0381194409148666,YLL048C,non_ess,non_ess
0.10693641618497107,0.031722707234851766,0.054054054054054064,0.4,0.12627707396812424,0.019432773109243698,0.1927521008403361,0.5663107572574484,1.0277777777777777,0.17857142857142858,1.0303030303030305,YJL045W,non_ess,non_ess
0.0,0.0,0.0,1.0,0.0126685737637924,0.0,0.0,0.0,0.0,1.0,1.0,YOR192C-C,non_ess,non_ess
0.017341040462427744,0.0014694442043391822,0.08108108108108109,0.75,0.11115651818553332,0.0035671819262782407,0.010107015457788348,0.08404751755547081,0.2278301886792453,0.5701545778834721,1.8060263653483992,YGL084C,non_ess,non_ess
0.10115606936416184,0.029648197769902324,0.10810810810810813,4.0,0.11197384552513284,0.02066115702479339,0.2024793388429752,0.4060901219992129,0.9363799283154122,0.10330578512396696,1.0,YCR065W,non_ess,non_ess
0.10693641618497107,0.021868787276341943,0.10810810810810813,4.0,0.11667347772783,0.02098695405558707,0.14350538854225753,0.5950745332481011,1.7510288065843618,0.2274532047646058,1.5363984674329505,YIL015W,non_ess,non_ess
0.02023121387283237,0.005186273662373585,0.027027027027027032,2.0,0.1223947691050266,0.003789929615592853,0.03248511099079589,0.15288305360043314,0.17803030303030304,0.4114780725500812,1.8138424821002388,YKR019C,non_ess,non_ess
0.049132947976878616,0.008903103120407986,0.13513513513513514,1.25,0.040049039640375976,0.02664576802507837,0.1614420062695925,0.7274177288608399,0.7213076744725249,0.1536050156739812,0.8990825688073394,YOL111C,non_ess,non_ess
0.0,0.0,0.0,1.0,0.029423784225582342,0.0,0.0,0.0,0.0,1.0,1.2422680412371134,YEL027W,non_ess,non_ess
0.011560693641618495,0.0009508168381018238,0.0,0.0,0.10359624029423783,0.0025461489497135576,0.007001909611712286,0.0504527842404913,0.1623996364187244,0.354551241247613,1.9273356401384083,YLR324W,ess,ess
0.008670520231213872,0.0005186273662373584,0.08108108108108109,1.0,0.08929301185124643,0.002204261572373255,0.00440852314474651,0.07210516909267828,0.43629343629343625,0.8457016899338722,1.4122699386503068,YDR125C,non_ess,non_ess
0.04624277456647399,0.02273316622007088,0.08108108108108109,0.75,0.0670208418471598,0.015473887814313346,0.25435203094777564,0.6136922854248081,0.9931972789115644,0.2011605415860735,0.753623188405797,YDR541C,non_ess,non_ess
0.2369942196531792,0.05385080819431239,0.0,1.0,0.4346138128320393,0.012750738609858498,0.09687451407246153,0.6033614814297668,0.815279958137101,0.1795988182242264,2.2427184466019416,YFL007W,non_ess,non_ess
0.04335260115606936,0.005532025239865157,0.027027027027027032,0.3333333333333333,0.10952186350633428,0.009047044632086852,0.038600723763570564,0.2437997587454765,1.1940000000000002,0.2376357056694813,1.3355932203389829,YBR030W,non_ess,non_ess
0.0028901734104046237,0.00017287578874578615,0.0,0.0,0.022680833673886392,0.0026109660574412533,0.0052219321148825075,0.06773022967650573,0.3050847457627119,1.0,1.0,YBR099C,non_ess,non_ess
0.03757225433526011,0.008038724176679056,0.027027027027027032,0.5,0.09705762157744176,0.008813559322033898,0.06305084745762712,0.3171442407471463,0.4548104956268221,0.1783050847457627,0.1783050847457627,YPR119W,non_ess,non_ess
0.03468208092485549,0.014694442043391822,0.10810810810810813,1.0,0.052717613404168376,0.014563106796116504,0.20631067961165048,1.0821775312066575,1.3227513227513228,0.3288834951456311,1.8187919463087248,YLR412W,non_ess,non_ess
0.06647398843930635,0.010631861007865848,0.054054054054054064,4.0,0.07294646505925624,0.02051739518287244,0.10972346119536128,0.9495362243772362,0.7236160892074871,0.2649420160570919,1.202429149797571,YIR034C,non_ess,non_ess
0.04046242774566474,0.0112369262684761,0.054054054054054064,0.3333333333333333,0.08765835717204741,0.010471204188481676,0.09723261032161556,0.4728537617442445,0.8680605623648162,0.3522812266267764,2.478947368421053,YFL048C,non_ess,non_ess
0.008670520231213872,0.0010372547324747168,0.0,0.0,0.0659991826726604,0.002944062806673209,0.011776251226692836,0.1488746082497072,0.2739454094292805,0.3709519136408244,1.6363636363636365,YDL209C,ess,ess
0.03468208092485549,0.012792808367188177,0.0,1.0,0.011033919084593379,0.05660377358490566,0.6981132075471698,2.7318059299191373,1.2857142857142856,0.3443396226415094,0.5251798561151079,YPR108W-A,non_ess,non_ess
0.005780346820809247,0.0003457515774915723,0.0,0.0,0.03555373927257867,0.0034965034965034965,0.006993006993006993,0.11755186961798532,0.3022432113341205,0.715034965034965,1.3193548387096774,YDR373W,ess,ess
0.1184971098265896,0.026622871466851068,0.054054054054054064,1.0,0.08438904781364938,0.03180760279286268,0.23894491854150504,0.6105938057541725,0.7959697732997478,0.08921644685802949,0.5424528301886792,YHR003C,non_ess,non_ess
0.0,0.0,0.0,1.0,0.017163874131589704,0.0,0.0,0.0,0.0,1.0,1.0,YPL278C,non_ess,non_ess
0.02890173410404624,0.011669115740340566,0.08108108108108109,1.5,0.04903964037597058,0.012987012987012988,0.17532467532467533,0.34977908689248904,0.5018990775908845,0.2974025974025974,1.1683673469387756,YHR022C,non_ess,non_ess
0.11560693641618495,0.027660126199325785,0.08108108108108109,6.0,0.3054760931753167,0.008820286659316428,0.07056229327453142,0.3657317027941023,0.7073527456455257,0.28401323042998905,1.0943075615972813,YPL058C,non_ess,non_ess
0.15895953757225434,0.03682254300285245,0.2432432432432433,0.9,0.12321209644462608,0.02958579881656805,0.2291554599246907,0.6537052690898845,0.9420679759662812,0.07638515330823023,0.8658536585365854,YNL104C,non_ess,non_ess
0.011560693641618495,0.0015558820987120756,0.08108108108108109,1.0,0.052513281569268495,0.0048721071863581,0.02192448233861145,0.1942537794655012,0.3941176470588235,0.3714981729598051,1.1466165413533835,YKR030W,non_ess,non_ess
0.011560693641618495,0.0019880715705765406,0.35135135135135137,1.625,0.009807928075194115,0.020618556701030927,0.11855670103092784,0.5006018106651315,1.1912013536379016,0.3711340206185567,0.6428571428571429,YBR182C-A,non_ess,non_ess
0.02890173410404624,0.005877776817356729,0.027027027027027032,0.5,0.04147936248467512,0.015174506828528072,0.10318664643399088,0.615677856323328,1.0452961672473868,0.21699544764795145,0.6529680365296804,YNR061C,non_ess,non_ess
0.049132947976878616,0.011582677845967672,0.0,1.0,0.10339190845933798,0.010841836734693876,0.08545918367346939,0.23912513212456296,0.9273674532638676,0.17729591836734693,0.6420323325635103,YOR355W,non_ess,non_ess
0.05491329479768786,0.015040193620883397,0.0,1.0,0.22149570903146712,0.005754088431253785,0.052695336159903086,0.1832145736804948,0.8980891719745223,0.1665657177468201,0.6765067650676506,YPL022W,non_ess,non_ess
0.17630057803468208,0.14158527098279886,0.3783783783783784,1.0,0.12566407846342462,0.032189973614775734,0.8643799472295515,0.636631116826678,0.8249737394957983,0.07862796833773088,1.3185840707964605,YCR061W,non_ess,non_ess
0.03757225433526011,0.006223528394848302,0.027027027027027032,2.0,0.11258684102983246,0.0076335877862595426,0.042278332354668234,0.22314929877507544,0.6846785225718193,0.1802701115678215,0.8410958904109589,YPL030W,non_ess,non_ess
0.023121387283236997,0.00509983576800069,0.0,0.0,0.17756436452799348,0.003010914565299209,0.022205494919081668,0.07832559695563082,0.4259259259259259,0.32781332329695145,0.997709049255441,YDR303C,ess,ess
0.0028901734104046237,0.00017287578874578615,0.0,0.0,0.015937883122190438,0.0035211267605633804,0.007042253521126761,0.11364339885466647,0.8076923076923077,0.6795774647887324,0.6795774647887324,YDR016C,non_ess,non_ess
0.04624277456647399,0.007087907338577231,0.08108108108108109,6.0,0.09011033919084592,0.011653313911143482,0.059723233794610336,0.2389331190195143,0.8146044624746451,0.1937363437727604,0.981549815498155,YBL045C,non_ess,non_ess
0.02890173410404624,0.0076929725991874845,0.0,0.0,0.07192480588475685,0.009041591320072331,0.08047016274864376,0.3589818248689736,1.3935969868173257,0.5036166365280289,0.9893428063943162,YMR166C,non_ess,non_ess
0.017341040462427744,0.0018151957818307548,0.027027027027027032,0.5,0.09419697588884347,0.0041870202372644785,0.014654570830425682,0.10789202478937812,0.15452538631346582,0.4270760642009771,1.9490445859872607,YER019W,non_ess,non_ess
0.03757225433526011,0.005445587345492263,0.0,1.0,0.18594196975888844,0.004676258992805755,0.022661870503597126,0.1438599120703437,0.29725609756097554,0.27266187050359714,3.847715736040609,YIL109C,ess,ess
0.017341040462427744,0.0037168294580344026,0.027027027027027032,0.5,0.05619125459746629,0.006857142857142857,0.04914285714285714,0.1972881355932203,0.1961259079903147,0.4354285714285713,2.591836734693877,YOR344C,non_ess,non_ess
0.03468208092485549,0.007260783127323019,0.027027027027027032,1.0,0.06313853698406212,0.012282497441146366,0.08597748208802458,0.4120044031594601,1.6289308176100628,0.5987717502558854,0.8158995815899581,YKL163W,non_ess,non_ess
0.005780346820809247,0.00017287578874578615,0.0,0.0,0.02472415202288517,0.0048426150121065395,0.0048426150121065395,0.9089739709443101,0.8333333333333333,0.5811138014527845,1.8181818181818181,YDR209C,non_ess,non_ess
0.02023121387283237,0.00449477050739044,0.027027027027027032,1.0,0.05925623212096445,0.0076086956521739125,0.056521739130434775,0.4639190821256038,0.5941358024691358,0.5141304347826087,2.038793103448276,YKR104W,non_ess,non_ess
0.023121387283236997,0.0027660126199325783,0.16216216216216214,1.5,0.01838986514098897,0.025,0.1,0.9239919354838708,8.129032258064516,0.3125,0.3389830508474576,YOL039W,non_ess,non_ess
0.08959537572254335,0.02238741464257931,0.10810810810810813,1.3333333333333333,0.058983789674431276,0.03384279475982533,0.2827510917030568,0.6534660737417038,0.8496998527579568,0.1331877729257642,1.0517241379310347,YDL137W,non_ess,non_ess
0.04335260115606936,0.0087302273316622,0.13513513513513514,1.25,0.15794850837760524,0.006331785563528915,0.04263402279442803,0.1674869775205542,0.6783571758191046,0.38455044322498944,2.1039260969976903,YOR035C,non_ess,non_ess
0.008670520231213872,0.0013830063099662892,0.0,0.0,0.13547200653861874,0.0014713094654242274,0.007846983815595879,0.03606014086264586,0.15300084530853764,0.4992643452672879,1.351925630810093,YDR129C,ess,ess
0.0028901734104046237,0.0007779410493560378,0.08108108108108109,0.75,0.0253371475275848,0.0023696682464454982,0.02132701421800948,0.08030296319262968,0.16822429906542055,1.0,1.1988636363636365,YGL108C,non_ess,non_ess
0.1213872832369942,0.03716829458034402,0.10810810810810813,0.5,0.030241111565181864,0.08502024291497975,0.8704453441295547,3.6342780026990553,1.0101010101010102,0.5384615384615384,1.0,YFL015C,non_ess,non_ess
0.23121387283236994,0.06405047973031376,0.054054054054054064,0.5,0.18226399673069066,0.029347028613352893,0.2718268525311812,0.8244889960591816,1.1676271611125029,0.08584005869405723,0.5120350109409191,YLL026W,non_ess,non_ess
0.06358381502890173,0.02091797043824012,0.13513513513513514,1.6666666666666667,0.06538618716796077,0.02178217821782178,0.2396039603960396,0.4957413813670524,0.927710843373494,0.3217821782178218,1.4508928571428572,YNL326C,non_ess,non_ess
0.05491329479768786,0.02005359149451119,0.2972972972972973,1.8333333333333333,0.07315079689415611,0.016903914590747332,0.20640569395017794,0.6041057397554703,0.9073966220151428,0.15035587188612098,1.0903225806451613,YNR075W,non_ess,non_ess
0.01445086705202312,0.00112369262684761,0.08108108108108109,0.5,0.07008581937065796,0.0046339202965709,0.012048192771084338,0.1885932006413934,0.3117913832199546,0.6784059314179796,2.30188679245283,YGL211W,non_ess,non_ess
0.0,0.0,0.0,0.0,0.02969622667211552,0.0,0.0,0.0,0.0,1.0,2.094827586206897,YCR097W,ess,non_ess
0.05491329479768786,0.008816665226035093,0.027027027027027032,0.3333333333333333,0.07744176542705354,0.016006739679865205,0.08593091828138164,0.3878124122437517,0.9869281045751632,0.21061499578770007,0.9765625,YGR010W,non_ess,non_ess
0.07514450867052022,0.028783818826173393,0.0,0.0,0.09297098487944422,0.018374558303886925,0.2353356890459364,0.5558767890923368,1.782106782106782,0.16113074204946998,0.7102803738317757,YMR223W,non_ess,non_ess
0.060693641618497114,0.009853919958509809,0.08108108108108109,3.0,0.058643236616264825,0.02305159165751921,0.1251372118551043,0.6714653326375267,0.8452868852459016,0.2579582875960483,0.9710743801652892,YER185W,non_ess,non_ess
0.03757225433526011,0.005013397873627798,0.13513513513513514,5.0,0.1356763383735186,0.006366307541625857,0.02840352595494613,0.1654967896397867,0.8632478632478632,0.19980411361410386,0.8464730290456433,YKL126W,non_ess,non_ess
0.017341040462427744,0.0037168294580344026,0.0,0.0,0.063342868818962,0.0061224489795918356,0.04387755102040816,0.11313816261328813,0.4140575079872204,0.4551020408163266,1.2598870056497176,YOR340C,ess,non_ess
0.017341040462427744,0.0028524505143054713,0.0,0.0,0.18778095627298733,0.002137513359458497,0.011756323477021732,0.09209859448414004,0.21192452830188674,0.8332739579622372,4.783231083844581,YNL287W,ess,ess
0.0,0.0,0.0,1.0,0.010420923579893748,0.0,0.0,0.0,0.0,1.0,1.0,YHR212W-A,non_ess,non_ess
0.02023121387283237,0.0027660126199325783,0.0,0.0,0.07928075194115244,0.005766062602965404,0.026359143327841842,0.10098655223937784,0.6348837209302327,0.3962108731466227,1.3703703703703705,YBR063C,non_ess,non_ess
0.0953757225433526,0.025672054628749243,0.10810810810810813,1.3333333333333333,0.02063751532488762,0.09348441926345608,0.8413597733711048,4.670758577274158,1.0985449735449735,0.2322946175637393,2.1025641025641018,YLR255C,non_ess,non_ess
0.07803468208092486,0.02956175987552943,0.08108108108108109,1.0,0.11708214139762975,0.01526286037309214,0.1933295647258338,0.5023213018534333,0.8074468085106383,0.1695873374788016,1.1152416356877324,YGR287C,non_ess,non_ess
0.02023121387283237,0.002074509464949433,0.0,1.0,0.12178177360032695,0.0038084874863982604,0.013057671381936888,0.15823075353645266,0.3828125,0.4668117519042437,2.4375,YNL018C,ess,ess
0.0838150289017341,0.015472383092747859,0.1891891891891892,3.5,0.21843073150796896,0.008903899293828677,0.05495855081363218,0.2211916035098493,0.7763157894736842,0.15044519496469144,0.8521739130434783,YJR035W,non_ess,non_ess
0.02023121387283237,0.0036303915636615096,0.0,0.0,0.07519411524315489,0.00606585788561525,0.03639514731369151,0.25731544972747594,0.7383252818035426,0.4653379549393414,0.8788870703764321,YHR129C,non_ess,non_ess
0.017341040462427744,0.003803267352407295,0.027027027027027032,0.2,0.041683694319574985,0.00906344410876133,0.06646525679758307,0.4358383685800604,1.3649999999999998,0.26435045317220546,0.7142857142857143,YLR221C,non_ess,non_ess
0.031791907514450865,0.00959460627539113,0.027027027027027032,1.0,0.3058847568451165,0.002422373926447919,0.024443955075974456,0.059342962970664034,0.3152429738335871,0.5126624091609777,4.255941499085924,YBL034C,ess,ess
0.005780346820809247,0.00017287578874578615,0.0,0.0,0.07744176542705354,0.0016849199663016006,0.0016849199663016006,0.033644047069054536,0.3419354838709677,0.7860151642796968,3.1843003412969284,YPL050C,ess,ess
0.04624277456647399,0.013052122050306855,0.0,1.0,0.01920719248058848,0.04819277108433735,0.4548192771084337,1.5233536887275128,1.3349937733499375,0.1536144578313253,0.5099999999999999,YBR027C,non_ess,non_ess
0.05491329479768786,0.011064050479730312,0.10810810810810813,1.3333333333333333,0.08336738863914997,0.014913657770800628,0.10047095761381476,0.3088130962444149,1.0374313186813189,0.2802197802197802,1.0625,YGR263C,non_ess,non_ess
0.03757225433526011,0.007001469444204339,0.027027027027027032,1.0,0.23477727829995915,0.0037174721189591076,0.023162710895052903,0.1835011488670117,0.7011725293132327,0.5347440663425793,1.7046490428441203,YNL054W,non_ess,non_ess
0.02023121387283237,0.002333823148068113,0.0,1.0,0.14078463424601553,0.0033065658951346244,0.012753897024090695,0.045213837428898514,0.098386425632253,0.8393953708077468,9.92737430167598,YMR001C,ess,ess
0.02890173410404624,0.004321894718644654,0.027027027027027032,2.0,0.0960359624029424,0.00684931506849315,0.03424657534246575,0.1962869502523432,0.6275303643724695,0.4136986301369863,1.6063829787234043,YOR043W,non_ess,non_ess
0.023121387283236997,0.0033710778805428297,0.08108108108108109,0.75,0.0488353085410707,0.010430247718383313,0.05084745762711865,0.3266081806731045,1.7084745762711862,0.6284224250325945,1.5157232704402517,YAL014C,non_ess,non_ess
0.01445086705202312,0.00449477050739044,0.10810810810810813,1.3333333333333333,0.022680833673886392,0.013054830287206266,0.13577023498694518,0.3997911227154047,2.12,0.5117493472584856,1.053763440860215,YIR030W-A,non_ess,non_ess
0.04624277456647399,0.00449477050739044,0.0,1.0,0.14364527993461382,0.007410838351088467,0.024085224641037517,0.22797397137369346,1.006993006993007,0.142658638258453,0.6769230769230768,YMR172W,non_ess,non_ess
0.09248554913294796,0.06439623130780532,0.054054054054054064,1.0,0.02063751532488762,0.0906515580736544,2.1104815864022664,2.4206713022577047,1.4480808080808083,0.13031161473087818,0.8214285714285714,YIL163C,non_ess,non_ess
0.017341040462427744,0.003284639986169937,0.027027027027027032,1.0,0.03044544340008173,0.012072434607645876,0.07645875251509053,0.3310316444119261,4.534090909090909,0.4748490945674044,0.4748490945674044,YPL034W,non_ess,non_ess
0.04046242774566474,0.00561846313423805,0.0,0.0,0.12893338782182265,0.007205352547606794,0.03345342254246012,0.31249613998970666,1.1523076923076925,0.3993823983530623,1.173978819969743,YNL167C,non_ess,non_ess
0.06358381502890173,0.014002938888408678,0.16216216216216214,1.2,0.1485492439722109,0.009861048857014791,0.07261317794710892,0.26023377870178754,0.6994375152849108,0.2572837292693859,2.3524590163934427,YDL093W,non_ess,non_ess
0.04335260115606936,0.010026795747255596,0.027027027027027032,0.3333333333333333,0.05680425010216592,0.016968325791855202,0.13122171945701358,0.3597529216445847,0.7891187050359711,0.2341628959276018,1.019704433497537,YHR029C,non_ess,non_ess
0.0028901734104046237,8.643789437289306e-05,0.0,0.0,0.038618716796076834,0.0016207455429497568,0.0016207455429497568,0.0412758721470893,0.1540983606557377,1.0,2.319548872180451,YLR435W,ess,ess
0.01445086705202312,0.0014694442043391822,0.027027027027027032,0.3333333333333333,0.04597466285247242,0.006896551724137931,0.02344827586206897,0.124539671911617,0.9029126213592232,0.4206896551724138,1.1821705426356588,YGL250W,non_ess,non_ess
0.0,0.0,0.0,0.0,0.004290968532897425,0.0,0.0,0.0,0.0,1.0,1.0,YLR163W-A,non_ess,non_ess
0.031791907514450865,0.0045812084017633325,0.0,1.0,0.06129955046996322,0.011578947368421052,0.055789473684210535,0.4631954887218046,0.5198412698412699,0.38,1.6334841628959278,YCR100C,non_ess,non_ess
0.008670520231213872,0.002420261042441006,0.0,0.0,0.1475275847977115,0.0013537906137184115,0.01263537906137184,0.040212595266746885,0.3116883116883117,0.8470216606498195,2.74014598540146,YKL054C,ess,ess
0.005780346820809247,0.0007779410493560378,0.027027027027027032,1.0,0.0190028606456886,0.0060790273556231,0.02735562310030395,0.2520033158331031,0.395959595959596,0.5288753799392097,1.1756756756756757,YLR364W,non_ess,non_ess
0.05202312138728323,0.017114703085832832,0.054054054054054064,0.3333333333333333,0.04842664487127095,0.02365308804204994,0.2601839684625493,0.6501566764378854,1.5384615384615388,0.21287779237844945,0.7641509433962266,YKL207W,non_ess,non_ess
0.0,0.0,0.027027027027027032,0.5,0.03759705762157745,0.0,0.0,0.0,0.0,1.0,1.94822006472492,YFR042W,non_ess,non_ess
0.01445086705202312,0.0017287578874578616,0.027027027027027032,1.0,0.06477319166326115,0.004995004995004995,0.01998001998001998,0.15559782683070353,0.5669710806697107,0.43656343656343655,1.9,YFR045W,non_ess,non_ess
0.0028901734104046237,8.643789437289306e-05,0.027027027027027032,2.0,0.01982018798528811,0.0029325513196480947,0.0029325513196480947,0.08545212685551895,0.12960235640648016,0.6862170087976539,2.629213483146067,YOR135C,non_ess,non_ess
0.026011560693641616,0.0033710778805428297,0.2432432432432433,3.0,0.04025337147527585,0.0140405616224649,0.0608424336973479,0.2895692065306375,0.5994599459945995,0.4430577223088923,1.6511627906976745,YPL166W,non_ess,non_ess
0.026011560693641616,0.009421730486645344,0.08108108108108109,1.5,0.039844707805476096,0.014173228346456691,0.17165354330708665,0.5116335810136409,1.584507042253521,0.525984251968504,0.9881656804733728,YFL010C,non_ess,non_ess
0.04624277456647399,0.01944852623390094,0.027027027027027032,0.3333333333333333,0.05006129955046997,0.02038216560509554,0.28662420382165604,0.926738040384876,1.127659574468085,0.2611464968152866,1.3666666666666665,YAL027W,non_ess,non_ess
0.05491329479768786,0.008298037859797734,0.0,0.0,0.15243154883530854,0.008304195804195804,0.04195804195804196,0.35874125874125873,0.9942857142857144,0.19624125874125875,0.642346208869814,YDL206W,non_ess,non_ess
0.04335260115606936,0.02204166306508773,0.0,0.0,0.042092357989374746,0.02245508982035928,0.38173652694610777,1.2166006632154018,0.8117529880478088,0.2080838323353293,0.2080838323353293,YGR038W,non_ess,non_ess
0.11271676300578035,0.02221453885383352,0.027027027027027032,0.25,0.11953412341642827,0.021606648199445983,0.14238227146814406,0.4460010608828903,0.5264241592312972,0.14127423822714685,1.9172932330827068,YKR093W,non_ess,non_ess
0.011560693641618495,0.0042354568242717605,0.027027027027027032,0.5,0.018798528810788726,0.012269938650306749,0.15030674846625766,0.29301782062518256,0.8928571428571428,1.0,1.1202749140893469,YGR011W,non_ess,non_ess
0.03757225433526011,0.006482842077966981,0.4324324324324325,1.7777777777777777,0.045361667347772784,0.018156424581005588,0.10474860335195532,0.5337725690227513,7.677536231884058,0.19553072625698328,0.42944785276073616,YOR126C,non_ess,non_ess
0.008670520231213872,0.002420261042441006,0.054054054054054064,0.3333333333333333,0.03330608908868002,0.005565862708719851,0.05194805194805195,0.14641311069882498,0.2569444444444444,0.4489795918367347,1.2538860103626943,YLR021W,non_ess,non_ess
0.005780346820809247,0.0002593136831186792,0.0,0.0,0.0670208418471598,0.0019342359767891683,0.0029013539651837525,0.06663814908495759,0.20192307692307693,0.8239845261121856,1.6904761904761905,YKR081C,ess,ess
0.05202312138728323,0.007779410493560376,0.5945945945945946,2.75,0.038618716796076834,0.029173419773095625,0.1458670988654781,0.7778485968714147,1.0744382022471908,0.4862236628849271,0.8403361344537815,YDR231C,non_ess,non_ess
0.011560693641618495,0.0015558820987120756,0.1891891891891892,2.333333333333333,0.05986922762566409,0.004305705059203444,0.0193756727664155,0.12408028873551573,0.8611764705882352,0.3939720129171152,1.033898305084746,YNL177C,non_ess,non_ess
0.02023121387283237,0.0035439536692886157,0.0,0.0,0.1140171638741316,0.004060324825986079,0.02378190255220417,0.08452858046825562,0.3663277511961723,0.3283062645011601,1.7798742138364778,YBL020W,ess,ess
0.05780346820809248,0.011064050479730312,0.027027027027027032,2.0,0.13077237433592154,0.01015228426395939,0.0649746192893401,0.19802843110697585,0.9847898943026552,0.3609137055837564,1.7686567164179103,YJR098C,non_ess,non_ess
0.02890173410404624,0.005877776817356729,0.0,0.0,0.0678381691867593,0.009560229445506692,0.06500956022944551,0.1974263255334001,0.4703115814226925,0.2122370936902485,1.004524886877828,YMR303C,non_ess,non_ess
0.0028901734104046237,8.643789437289306e-05,0.0,0.0,0.08520637515324889,0.0007686395080707147,0.0007686395080707147,0.02177665532008345,0.07961904761904763,0.8862413528055342,4.045614035087719,YNL220W,ess,ess
0.06647398843930635,0.01633676203647679,0.027027027027027032,0.2,0.17429505516959545,0.008815638175546186,0.07244154848600996,0.24652221946655245,0.7552941176470588,0.1851284016864699,1.1838235294117647,YGR157W,non_ess,non_ess
0.0953757225433526,0.02670930936122396,0.054054054054054064,1.0,0.1230077646097262,0.017780172413793104,0.16648706896551724,0.3907236898258791,0.779131759329779,0.14870689655172414,1.0072992700729926,YPR081C,non_ess,non_ess
0.0722543352601156,0.010113233641628491,0.027027027027027032,0.3333333333333333,0.19391091131998367,0.008629616845012079,0.040386606834656544,0.3726804185066596,0.5413793103448276,0.22160856057991024,2.386617100371747,YNL023C,non_ess,non_ess
0.01445086705202312,0.012792808367188177,0.027027027027027032,1.0,0.02370249284838578,0.01256281407035176,0.3718592964824121,0.31684396006004045,0.8701298701298701,1.0,2.5844155844155843,YDR193W,non_ess,non_ess
0.03757225433526011,0.006655717866712767,0.21621621621621626,8.0,0.08520637515324889,0.009992313604919293,0.05918524212144504,0.29376279266596994,0.8377395902181097,0.20445810914681006,0.7755102040816327,YLR446W,non_ess,non_ess
0.008670520231213872,0.0028524505143054713,0.0,0.0,0.12055578259092767,0.0016483516483516484,0.01813186813186813,0.08474566670442958,0.0627653123104912,0.7032967032967034,6.632124352331608,YFL002C,ess,ess
0.0028901734104046237,0.0002593136831186792,0.0,0.0,0.06763383735185942,0.0009587727708533076,0.0028763183125599234,0.02691305129434324,0.04464285714285714,0.7622243528283796,3.4565217391304346,YLR100W,ess,ess
0.02890173410404624,0.006137090500475408,0.054054054054054064,0.6666666666666666,0.05394360441356764,0.011876484560570073,0.08432304038004751,0.3388015866515334,0.9688013136289,0.32422802850356297,1.5423728813559323,YBR187W,non_ess,non_ess
0.05202312138728323,0.009681044169764024,0.027027027027027032,1.0,0.18328565590519005,0.006566946369937978,0.04086099963516965,0.4271798613644655,0.6125,0.4589565851878876,2.556910569105691,YDR213W,non_ess,non_ess
0.008670520231213872,0.00112369262684761,0.0,0.0,0.0588475684511647,0.0032822757111597373,0.014223194748358862,0.10258100234636576,0.2362306368330465,0.486870897155361,1.7315175097276263,YLR448W,ess,ess
0.05491329479768786,0.02273316622007088,0.21621621621621626,2.0,0.020024519820187988,0.055232558139534885,0.7645348837209303,3.6781139140717385,1.4637904468412946,0.25872093023255816,0.9673913043478264,YLR428C,non_ess,non_ess
0.011560693641618495,0.003198202091797044,0.10810810810810813,4.0,0.020433183489987745,0.011428571428571429,0.10571428571428572,0.3034229137199434,0.9438943894389438,0.4914285714285714,0.9772727272727272,YOR345C,non_ess,non_ess
0.07803468208092486,0.03405653038291987,0.0,1.0,0.027993461381283204,0.05856832971800434,0.8546637744034707,7.108065470321436,2.045454545454546,0.2646420824295011,1.4186046511627908,YHR217C,non_ess,non_ess
0.04624277456647399,0.008470913648543521,0.054054054054054064,2.0,0.13608500204331836,0.0078125,0.0478515625,0.22671875,0.5264516129032257,0.26611328125,1.939501779359431,YEL023C,non_ess,non_ess
0.06647398843930635,0.03267352407295358,0.1891891891891892,1.75,0.06007355946056396,0.02467811158798283,0.4055793991416309,0.7422154802427111,1.4540229885057467,0.13197424892703866,0.5020408163265306,YHR199C,non_ess,non_ess
0.05202312138728323,0.00760653470481459,0.08108108108108109,1.5,0.033101757253780145,0.033582089552238806,0.16417910447761194,0.7190517998244074,0.9075630252100841,1.0,1.0,YGL235W,non_ess,non_ess
0.0722543352601156,0.009421730486645344,0.027027027027027032,2.0,0.1847159787494892,0.009051412020275163,0.03946415640839971,0.24809097491936016,0.5296015712682379,0.17523533671252714,1.3595505617977528,YML111W,non_ess,non_ess
0.03468208092485549,0.006915031549831446,0.054054054054054064,1.0,0.1411932979158153,0.005652378709373528,0.037682524729156855,0.16426682126163994,0.5101214574898787,0.41921808761187,1.6856060606060608,YJR134C,non_ess,non_ess
0.05202312138728323,0.021177284121358803,0.40540540540540543,2.5,0.03453208009807928,0.03231597845601436,0.4398563734290844,1.6154622980251343,0.9276315789473684,0.19748653500897667,1.0091743119266057,YPL025C,non_ess,non_ess
0.026011560693641616,0.005359149451119371,0.027027027027027032,0.25,0.07355946056395588,0.007964601769911504,0.05486725663716814,0.17252355124179275,0.24596774193548385,0.2831858407079646,2.0382165605095537,YGL148W,non_ess,non_ess
0.15895953757225434,0.031982020917970436,0.10810810810810813,1.3333333333333333,0.3146710257458112,0.01177730192719486,0.07922912205567452,0.31004432050196706,1.0309743384121894,0.1670235546038544,0.9080325960419092,YLR247C,non_ess,non_ess
0.12716763005780346,0.036736105108479564,0.1891891891891892,1.4,0.09215365753984472,0.03136136849607983,0.3029223093371347,0.780344639637751,1.0611047743197002,0.300784034212402,1.9719626168224305,YGR141W,non_ess,non_ess
0.1329479768786127,0.05774051344109257,0.16216216216216214,2.0,0.02451982018798529,0.11219512195121953,1.6292682926829267,2.3565555002488803,1.3529411764705883,0.1,0.9111111111111112,YKL097C,non_ess,non_ess
0.03468208092485549,0.007952286282306162,0.0,0.0,0.1121781773600327,0.007071302298173247,0.05421331761932823,0.14739245727754866,0.5357142857142858,0.22392457277548616,1.4022140221402215,YDR117C,non_ess,non_ess
0.0028901734104046237,0.0003457515774915723,0.0,1.0,0.05585070153929983,0.0011494252873563214,0.0045977011494252856,0.03307238272755514,0.4783783783783784,1.0,1.4451827242524915,YBR191W,ess,ess
0.08959537572254335,0.013570749416544212,0.13513513513513514,2.5,0.2355946056395587,0.00883442576232545,0.04474209176403534,0.3938718856370783,0.8173998871968415,0.2616129951553149,1.1020408163265305,YLR032W,non_ess,non_ess
0.03468208092485549,0.00449477050739044,0.10810810810810813,4.0,0.029628116060482226,0.024742268041237112,0.10721649484536082,0.5381276572095478,0.7190545303752851,0.3319587628865979,0.8655913978494623,YER067W,non_ess,non_ess
0.011560693641618495,0.0016423199930849686,0.0,0.0,0.04188802615447487,0.006015037593984964,0.028571428571428567,0.18159509202453988,0.35917456776352485,0.849624060150376,3.0053191489361697,YMR077C,ess,ess
0.0028901734104046237,0.00017287578874578615,0.0,0.0,0.10993052717613404,0.0006009615384615385,0.001201923076923077,0.01797537076271187,0.050847457627118654,1.0,6.140221402214023,YHR019C,ess,ess
0.008670520231213872,0.0006915031549831446,0.0,0.0,0.051287290559869234,0.003735990037359901,0.0099626400996264,0.19122521314302132,0.2934065934065934,0.5790784557907845,3.369565217391304,YPR183W,ess,ess
0.04046242774566474,0.005359149451119371,0.08108108108108109,0.2727272727272727,0.09910093992644056,0.009302325581395349,0.04119601328903655,0.2650602409638554,0.5195180722891566,0.20730897009966776,1.368421052631579,YOL070C,non_ess,non_ess
0.0,0.0,0.027027027027027032,0.25,0.034327748263179414,0.0,0.0,0.0,0.0,1.0,2.7839195979899496,YKR007W,ess,non_ess
0.07514450867052022,0.016941827297087042,0.054054054054054064,0.5,0.1520228851655088,0.011393514460999123,0.08588957055214724,0.4115731273195486,1.0617283950617284,0.1375985977212971,1.193916349809886,YGL021W,non_ess,non_ess
0.023121387283236997,0.004062581035525975,0.35135135135135137,1.625,0.049243972210870464,0.01034928848641656,0.060802069857697275,0.1971178434970968,0.3824289405684754,0.35316946959896506,1.05,YBL036C,non_ess,non_ess
0.0028901734104046237,0.01486731783213761,0.0,1.0,0.034123416428279534,0.0018148820326678765,0.3121597096188748,0.0729985884250857,0.634920634920635,1.0,1.0,YLR463C,non_ess,non_ess
0.005780346820809247,0.0016423199930849686,0.0,1.0,0.052104617899468735,0.00245398773006135,0.023312883435582826,0.05384371669690948,1.7042253521126762,0.4122699386503068,0.4189526184538653,YOR180C,ess,ess
0.017341040462427744,0.0012965684155933962,0.13513513513513514,1.6666666666666667,0.02778912954638333,0.013100436681222708,0.03275109170305677,0.5716068086623296,0.2328931572629052,0.3231441048034934,1.3214285714285714,YCL058C,non_ess,non_ess
0.008670520231213872,0.004667646296136226,0.32432432432432434,1.5,0.0020433183489987745,0.0375,0.675,1.32002508361204,2.64005016722408,0.475,0.475,YAR035C-A,non_ess,non_ess
0.11560693641618495,0.02472123779064742,0.13513513513513514,1.25,0.22374335921536576,0.01199400299850075,0.08575712143928035,0.2597759943557633,0.700280112044818,0.12743628185907047,0.8300781250000001,YBL063W,non_ess,non_ess
0.017341040462427744,0.006915031549831446,0.0,0.0,0.052717613404168376,0.0072815533980582535,0.0970873786407767,0.2079288025889968,0.6727642276422765,0.6310679611650486,1.7105263157894743,YFR052W,non_ess,non_ess
0.11271676300578035,0.046244273489497785,0.13513513513513514,5.0,0.16346546791990196,0.015918367346938776,0.21836734693877552,0.3438631552205945,0.8948010739565536,0.12163265306122448,0.9933333333333334,YGR130C,non_ess,non_ess
0.011560693641618495,0.0013830063099662892,0.0,0.0,0.02778912954638333,0.008733624454148471,0.034934497816593885,0.28761658310421045,0.5608465608465608,0.4039301310043668,1.3120567375886525,YLR167W,non_ess,non_ess
0.13005780346820808,0.026795747255596854,0.027027027027027032,0.25,0.2486718430731508,0.012158875979465009,0.08376114563631451,0.2387967480966988,0.6554015837104071,1.0,13.458181818181815,YFR016C,non_ess,non_ess
0.060693641618497114,0.006396404183594088,0.08108108108108109,1.5,0.06620351450756028,0.02054794520547945,0.07240704500978473,0.9183929168058804,0.6231707317073171,0.2299412915851272,2.0085470085470085,YHR156C,non_ess,non_ess
0.03468208092485549,0.007347221021695911,0.2432432432432433,1.0,0.09011033919084592,0.008739985433357609,0.06190823015294975,0.2459024473054449,0.8872180451127819,0.2316096139839767,1.1954887218045112,YJR062C,non_ess,non_ess
0.04335260115606936,0.009075978909153772,0.10810810810810813,1.3333333333333333,0.06395586432366163,0.015166835187057632,0.10616784630940344,0.3733503968002269,0.5139694254085398,0.26289180990899896,0.8524590163934426,YKR013W,non_ess,non_ess
0.017341040462427744,0.0030253263030512573,0.13513513513513514,5.0,0.05496526358806703,0.007001166861143524,0.040840140023337225,0.15423403900650107,0.6581632653061225,0.4469078179696616,1.4902723735408558,YLR136C,non_ess,non_ess
0.005780346820809247,0.00017287578874578615,0.027027027027027032,0.5,0.07131181038005723,0.0018231540565177761,0.0018231540565177761,0.06980544810991482,0.1949221949221949,0.9817684594348224,4.256916996047432,YER107C,ess,ess
0.02023121387283237,0.006655717866712767,0.054054054054054064,2.0,0.08990600735594606,0.00510948905109489,0.05620437956204378,0.1434723309675953,0.7557093425605538,0.316058394160584,1.2301136363636365,YGR249W,non_ess,non_ess
0.023121387283236997,0.0035439536692886157,0.027027027027027032,0.5,0.11667347772783,0.00453771979580261,0.02325581395348837,0.09588307456898257,0.561522198731501,0.3040272263187748,0.9084745762711866,YOR154W,non_ess,non_ess
0.06358381502890173,0.016768951508341255,0.0,0.0,0.14977523498161013,0.009782125389061804,0.08626056024899956,0.2556505038653967,0.6386554621848739,0.3192530013339262,2.6300366300366305,YOR034C,non_ess,non_ess
0.06647398843930635,0.014002938888408678,0.027027027027027032,0.25,0.126685737637924,0.012041884816753926,0.08481675392670157,0.3470187865722205,1.1789915966386553,0.15392670157068064,0.7882037533512065,YNL176C,non_ess,non_ess
0.04335260115606936,0.012187743106577923,0.10810810810810813,4.0,0.13158970167552106,0.0075681130171543895,0.07114026236125126,0.18540180005701531,0.5044843049327354,0.3829465186680121,1.7210884353741498,YOL025W,non_ess,non_ess
0.049132947976878616,0.011928429423459244,0.054054054054054064,2.0,0.08459337964854925,0.013157894736842105,0.10681114551083593,0.3677911534154535,0.6699709864603481,0.3660990712074304,1.6423611111111112,YKL132C,non_ess,non_ess
0.07803468208092486,0.03699541879159824,0.1891891891891892,1.75,0.051491622394769114,0.03349875930521092,0.5310173697270472,0.6064864308202316,0.6826359547498977,0.26054590570719605,2.07920792079208,YDL049C,non_ess,non_ess
0.0838150289017341,0.02852450514305472,0.1891891891891892,1.1666666666666667,0.052104617899468735,0.035582822085889566,0.4049079754601227,0.9087182590992876,0.5920462591456219,0.4736196319018405,1.1386430678466075,YJL210W,non_ess,non_ess
0.1184971098265896,0.02532630305125767,0.08108108108108109,6.0,0.20290151205557827,0.013535820402773192,0.09673159458567183,0.3470723180198254,0.8443630443630442,0.19511389897655992,2.364,YDR379W,non_ess,non_ess
0.06647398843930635,0.017719768346443083,0.16216216216216214,1.5,0.12607274213322436,0.01209889531825355,0.10783798001052078,0.27466819083073685,0.6537047511312216,0.20147290899526565,0.20147290899526565,YNL293W,non_ess,non_ess
0.005780346820809247,0.0005186273662373584,0.0,0.0,0.08193706579485084,0.0015961691939345571,0.004788507581803671,0.035656912679954376,0.1605150214592275,0.6999201915403033,1.7681451612903225,YMR021C,ess,ess
0.0028901734104046237,0.0009508168381018238,0.0,0.0,0.003473641193297916,0.0099009900990099,0.10891089108910892,0.4218682737839001,1.072463768115942,1.0,1.0,YFL031C-A,non_ess,non_ess
0.10404624277456646,0.033624340911055414,0.054054054054054064,0.5,0.23641193297915816,0.01022436807725078,0.11047997727918203,0.18913695527185329,0.7498257839721256,0.20619142289122408,1.1255813953488372,YGL006W,non_ess,non_ess
0.03757225433526011,0.008557351542916414,0.054054054054054064,0.4,0.09705762157744176,0.008813559322033898,0.0671186440677966,0.17373656807355708,0.1895424836601307,0.52,2.8198529411764706,YNL240C,non_ess,non_ess
0.02890173410404624,0.007260783127323019,0.054054054054054064,1.0,0.02227217000408664,0.026525198938992044,0.2228116710875332,0.4447074884006256,0.6747324336900885,0.206896551724138,0.9512195121951221,YAL042C-A,non_ess,non_ess
0.008670520231213872,0.0017287578874578616,0.0,0.0,0.07580711074785453,0.002579535683576957,0.01719690455717971,0.09226999140154772,0.2440909090909091,0.7420464316423044,2.0946601941747574,YOR063W,ess,ess
0.02023121387283237,0.011150488374103209,0.027027027027027032,0.16666666666666666,0.0407301457567089,0.010802469135802469,0.19907407407407407,0.33276718533128785,0.6740182894029048,0.4830246913580247,1.2038461538461538,YLR445W,non_ess,non_ess
0.005780346820809247,0.0004321894718644654,0.027027027027027032,2.0,0.09746628524724152,0.001350438892640108,0.00337609723160027,0.02958570230977241,0.11025859619210003,0.9851451721809588,4.631746031746031,YAL010C,ess,ess
0.06647398843930635,0.020140029388884085,0.054054054054054064,0.5,0.02227217000408664,0.0610079575596817,0.6180371352785146,1.5017862910724598,1.5045286816504528,1.0,2.5302013422818788,YKR012C,non_ess,non_ess
0.02023121387283237,0.003111764197424151,0.0,1.0,0.11749080506742952,0.003943661971830986,0.02028169014084507,0.09637116818558407,0.4389140271493213,0.7481690140845071,3.6786703601108033,YOL066C,ess,ess
0.011560693641618495,0.0007779410493560378,0.0,0.0,0.023906824683285657,0.00997506234413965,0.022443890274314208,0.3510975647301499,0.8641975308641974,0.8578553615960101,2.5481481481481483,YKR083C,non_ess,non_ess
0.02023121387283237,0.007001469444204339,0.054054054054054064,0.6666666666666666,0.09910093992644056,0.004651162790697674,0.053820598006644516,0.22362301101591187,0.7226720647773279,0.5960132890365448,1.7622789783889978,YMR115W,non_ess,non_ess
0.011560693641618495,0.00509983576800069,0.21621621621621626,8.0,0.07069881487535759,0.0036764705882352936,0.05422794117647059,0.0848058591025343,0.7826086956521741,0.8740808823529411,0.9606060606060606,YBR031W,non_ess,non_ess
0.008670520231213872,0.003111764197424151,0.4594594594594595,1.4166666666666667,0.019411524315488357,0.008955223880597015,0.10746268656716418,0.19132835820895525,0.4740000000000001,0.5253731343283582,1.4426229508196722,YLR204W,non_ess,non_ess
0.060693641618497114,0.0087302273316622,0.0,1.0,0.2842255823457295,0.004972768174283685,0.023916646933459625,0.1380929828715763,0.5532407407407408,0.278711816244376,2.699541284403669,YPR164W,non_ess,non_ess
0.08092485549132948,0.01884346097329069,0.08108108108108109,1.0,0.08847568451164692,0.020756115641215715,0.16160118606375093,0.5390755014126185,0.9805622489959837,0.13046701260192736,0.13046701260192736,YKL046C,non_ess,non_ess
0.0028901734104046237,8.643789437289306e-05,0.0,0.0,0.043931344503473635,0.0014388489208633096,0.0014388489208633096,0.0584087185696987,0.4801980198019802,1.0,1.2567811934900543,YOL149W,ess,ess
0.008670520231213872,0.0006050652606102515,0.0,0.0,0.01185124642419289,0.013392857142857142,0.03125,0.2805535714285714,0.4799999999999999,0.8794642857142857,1.8942307692307687,YBR109W-A,non_ess,non_ess
0.04335260115606936,0.029475321981156537,0.0,1.0,0.025745811197384557,0.035046728971962614,0.7967289719626168,1.5710232691207322,1.0296846011131724,0.205607476635514,0.88,YDR544C,non_ess,non_ess
0.09826589595375723,0.037341170369089814,0.054054054054054064,4.0,0.0960359624029424,0.023287671232876717,0.2958904109589041,0.6489497716894977,0.9234567901234568,0.10410958904109588,1.1094890510948905,YNL277W,non_ess,non_ess
0.011560693641618495,0.0030253263030512573,0.027027027027027032,0.3333333333333333,0.03821005312627708,0.006546644844517185,0.057283142389525366,0.11899751717380895,0.2925170068027211,0.6268412438625205,2.2138728323699417,YKL214C,non_ess,non_ess
0.005780346820809247,0.0006915031549831446,0.054054054054054064,0.6666666666666666,0.04331834899877402,0.002915451895043732,0.011661807580174929,0.12329482057373213,0.4629629629629629,0.6428571428571429,2.090047393364929,YLR407W,non_ess,non_ess
0.02890173410404624,0.006223528394848302,0.08108108108108109,3.0,0.022885165508786276,0.02590673575129533,0.1865284974093264,0.42041168799125866,4.132653061224491,0.27979274611398963,0.2887700534759358,YMR193C-A,non_ess,non_ess
0.049132947976878616,0.0076929725991874845,0.2702702702702703,1.25,0.07825909276665305,0.014178482068390326,0.07422852376980818,0.4867408446432634,0.8483201581027671,0.1701417848206839,1.4782608695652175,YAL015C,non_ess,non_ess
0.1445086705202312,0.04935603768692195,0.21621621621621626,2.6666666666666665,0.12505108295872494,0.02651113467656416,0.30275715800636266,0.8051778371388557,1.503164556962025,0.1102863202545069,0.7247386759581881,YEL065W,non_ess,non_ess
0.060693641618497114,0.019534964128273838,0.16216216216216214,2.0,0.07396812423375562,0.018485915492957743,0.19894366197183105,0.5913715465872156,1.0096153846153846,0.1382042253521127,0.9289940828402368,YHR112C,non_ess,non_ess
0.03757225433526011,0.01434869046590025,0.054054054054054064,0.5,0.032080098079280764,0.024952015355086368,0.31861804222648754,1.0843182813078762,0.85906432748538,0.21689059500959693,0.904,YHR152W,non_ess,non_ess
0.008670520231213872,0.0010372547324747168,0.0,0.0,0.09521863506334287,0.002071823204419889,0.008287292817679558,0.04983352237386118,0.14257888585897935,0.8501381215469613,5.352173913043479,YHR024C,ess,ess
0.11560693641618495,0.025066989368138996,0.027027027027027032,0.5,0.2331426236207601,0.01151742009789807,0.08350129570976103,0.3098385730382521,0.949851585689736,0.1206449755254823,0.8396793587174348,YJL020C,non_ess,non_ess
0.03468208092485549,0.009681044169764024,0.0,0.0,0.05803024111156519,0.013303769401330377,0.12416851441241684,0.3033259423503326,1.3828571428571428,0.3370288248337029,1.0066225165562914,YLR093C,non_ess,non_ess
0.0722543352601156,0.017806206240815973,0.16216216216216214,1.0,0.1040049039640376,0.01585288522511097,0.1306277742549144,0.3638010689374037,0.6244897959183673,0.3519340519974635,0.3519340519974635,YDL197C,non_ess,non_ess
0.04335260115606936,0.013311435733425534,0.0,1.0,0.11197384552513284,0.00885478158205431,0.09090909090909093,0.22121611511800526,0.4024273395081444,0.231404958677686,1.8666666666666667,YEL069C,non_ess,non_ess
0.011560693641618495,0.002420261042441006,0.0,1.0,0.04229668982427463,0.005961251862891207,0.04172876304023845,0.16493795355316074,1.7989949748743719,0.5439642324888226,0.8508158508158508,YPL130W,non_ess,non_ess
0.0028901734104046237,0.0015558820987120756,0.0,0.0,0.021046178994687373,0.0027855153203342627,0.05013927576601671,0.13398584242672051,0.9357798165137616,1.0,1.0,YOR015W,non_ess,non_ess
0.02890173410404624,0.002074509464949433,0.0,0.0,0.0986922762566408,0.0066711140760507,0.016010673782521682,0.26391695182879715,0.2509992006394884,0.6184122748498999,0.9914438502673796,YHR070W,ess,non_ess
0.023121387283236997,0.004321894718644654,0.0,0.0,0.0815284021250511,0.0064153969526864465,0.040096230954290296,0.24423267003599336,0.8682170542635659,0.5324779470729751,1.2138939670932358,YDR222W,non_ess,non_ess
0.04624277456647399,0.014262252571527356,0.08108108108108109,1.0,0.09562729873314264,0.011004126547455296,0.11348005502063276,0.2947533896639811,0.5870129870129871,0.2262723521320495,0.4939939939939939,YKL211C,non_ess,non_ess
0.10115606936416184,0.032154896706716216,0.21621621621621626,2.6666666666666665,0.019411524315488357,0.1044776119402985,1.1104477611940298,3.1594353812333678,1.145564168819983,0.12238805970149255,0.836734693877551,YJL028W,non_ess,non_ess
0.0722543352601156,0.021523035698850376,0.2972972972972973,2.75,0.13322435635472007,0.012462612163509471,0.12412761714855433,0.3233805078271679,1.1806375442739079,0.2971086739780658,1.9163987138263665,YML088W,non_ess,non_ess
0.07514450867052022,0.013830063099662893,0.08108108108108109,3.0,0.11442582754393135,0.015028901734104047,0.09248554913294796,0.5188549408202587,0.8475056689342404,0.14335260115606938,0.7537993920972645,YER087W,non_ess,non_ess
0.05780346820809248,0.005013397873627798,0.32432432432432434,2.4,0.07580711074785453,0.01719690455717971,0.04987102321582115,0.4084078718644497,1.0571884256094783,0.2098022355975924,0.5458612975391499,YBR246W,non_ess,non_ess
0.07514450867052022,0.024289048318782952,0.08108108108108109,6.0,0.09297098487944422,0.018374558303886925,0.19858657243816247,0.4722179086976501,1.1522025850699025,0.2007067137809188,0.9073482428115016,YOL132W,non_ess,non_ess
0.05780346820809248,0.008038724176679056,0.0,1.0,0.08786268900694727,0.01492537313432836,0.06940298507462686,0.3111323083828976,0.7669172932330829,0.13656716417910447,0.8394495412844037,YFR014C,non_ess,non_ess
0.05491329479768786,0.008298037859797734,0.21621621621621626,1.3333333333333333,0.08418471597874949,0.014774494556765163,0.07465007776049767,0.5504479830440826,0.9387905604719764,0.13763608087091758,0.8509615384615384,YDL066W,non_ess,non_ess
0.02890173410404624,0.002160947359322327,0.0,0.0,0.1926849203105844,0.003473428273706148,0.00868357068426537,0.10794200323807028,0.4846756949394156,0.3612365404654394,2.751322751322751,YMR205C,ess,ess
0.04624277456647399,0.01573169677586654,0.3783783783783784,7.0,0.07335512872905599,0.014196983141082519,0.16149068322981364,0.3506460356626272,0.7465753424657535,0.28748890860692106,0.9178470254957508,YOL128C,non_ess,non_ess
0.1445086705202312,0.06923675339268735,0.0,0.0,0.08193706579485084,0.039904229848363934,0.6392657621707901,0.8941397788165546,0.8142857142857144,0.10614525139664804,0.9236111111111112,YAL061W,non_ess,non_ess
0.03757225433526011,0.0036303915636615096,0.0,1.0,0.2319166326113609,0.0037626628075253256,0.01215629522431259,0.08864247185520703,0.3833874458874459,0.4486251808972504,2.5203252032520327,YJR090C,ess,ess
0.011560693641618495,0.0012965684155933962,0.16216216216216214,0.6,0.013485901103391913,0.016129032258064516,0.06048387096774194,0.4207676006592889,0.4504692387904067,0.6411290322580645,1.8705882352941177,YBL071W-A,non_ess,non_ess
0.005780346820809247,0.0012965684155933962,0.0,0.0,0.0479498705898379,0.002652519893899204,0.01989389920424403,0.07828116710875331,0.49200000000000005,0.883289124668435,2.43956043956044,YLR061W,ess,ess
0.0722543352601156,0.011928429423459244,0.16216216216216214,1.0,0.0976706170821414,0.016846361185983826,0.09299191374663072,0.2726614754916641,0.984200984200984,0.1738544474393531,0.9450549450549453,YOR269W,non_ess,non_ess
