hits_count,reads_count,hits_count_pro,ratio_hits_prom,orf_len,insertion_index,reads_by_len,NI,NI_ratio,HFI,HFI_ratio,orf,label,predictions
0.04335260115606936,0.010718298902238741,0.16216216216216214,1.5,0.12545974662852474,0.007928118393234672,0.06553911205073996,0.22880448687736496,1.0828025477707008,0.2711416490486258,1.0961538461538465,YHR171W,non_ess,non_ess
0.06647398843930635,0.010026795747255596,0.2972972972972973,2.2,0.12811606048222313,0.011910926980838944,0.06007250129466597,0.2884375831035593,0.8362290862290862,0.1693423096841015,1.1122448979591837,YLR139C,non_ess,non_ess
0.0722543352601156,0.026882185149969744,0.054054054054054064,2.0,0.03923171230077646,0.039936102236421724,0.4968051118210863,0.5390986072769006,1.0,0.1805111821086262,1.3614457831325302,YML001W,non_ess,non_ess
0.017341040462427744,0.0028524505143054713,0.10810810810810813,1.3333333333333333,0.03391908459337965,0.010948905109489052,0.06021897810218978,0.3732317033783348,0.6814159292035399,0.2846715328467153,1.0129870129870129,YCR090C,non_ess,non_ess
0.05491329479768786,0.007779410493560376,0.08108108108108109,3.0,0.08806702084184717,0.014147431124348473,0.06701414743112435,0.2699608168646168,0.6530054644808744,0.20551005212211468,0.6969696969696969,YOL016C,non_ess,non_ess
0.02890173410404624,0.007779410493560376,0.0,0.0,0.08418471597874949,0.0077760497667185065,0.06998444790046658,0.20095151269066644,1.3423645320197044,0.25505443234836706,0.7288888888888889,YDR394W,ess,non_ess
0.05202312138728323,0.011582677845967672,0.10810810810810813,0.6666666666666666,0.08282250374608363,0.014218009478672985,0.10584518167456557,0.7280147446024223,1.4404761904761902,0.2669826224328594,1.0464396284829722,YHR123W,non_ess,non_ess
0.05202312138728323,0.02783300198807157,0.027027027027027032,0.2,0.03051355401171503,0.03614457831325301,0.6465863453815262,0.7864184008762322,0.7291866028708134,0.15863453815261044,0.5642857142857143,YGL087C,non_ess,non_ess
0.04624277456647399,0.012619932578442388,0.08108108108108109,3.0,0.1348590110339191,0.007881773399014778,0.07192118226600985,0.17752436851483072,0.3849427168576105,0.1541871921182266,1.7683615819209038,YOL023W,non_ess,non_ess
0.031791907514450865,0.01045898521912006,0.0,0.0,0.11524315488353085,0.0063145809414466144,0.06946039035591274,0.1225843487278249,0.6719758064516129,0.2743972445464983,0.803361344537815,YAL040C,non_ess,non_ess
0.02023121387283237,0.002333823148068113,0.0,0.0,0.14221495709031468,0.003274087932647334,0.012628624883068287,0.3497580021962826,0.2408317580340265,0.35640785781103834,3.3130434782608686,YDR211W,ess,ess
0.02890173410404624,0.003111764197424151,0.08108108108108109,1.5,0.03575807110747855,0.017391304347826087,0.06260869565217393,0.3998603108084513,0.6318607764390898,0.271304347826087,1.3000000000000005,YDR071C,non_ess,non_ess
0.008670520231213872,0.0016423199930849686,0.08108108108108109,1.0,0.1675521046178995,0.001195219123505976,0.007569721115537848,0.03900906441348699,0.20443985544656684,0.7410358565737052,2.1602787456446,YIL038C,non_ess,non_ess
0.03757225433526011,0.007779410493560376,0.08108108108108109,0.5,0.0606865549652636,0.01381509032943677,0.09564293304994688,0.4273231786515527,1.0069444444444444,0.1647183846971307,0.7868020304568528,YMR262W,non_ess,non_ess
0.04335260115606936,0.013570749416544212,0.027027027027027032,2.0,0.08541070698814876,0.011503067484662576,0.12039877300613495,0.3346927867633389,2.121212121212121,0.526840490797546,0.8471023427866831,YDR448W,non_ess,non_ess
0.02023121387283237,0.0025931368311867924,0.0,0.0,0.09276665304454433,0.004957507082152974,0.021246458923512748,0.2498377006610009,0.5945512820512822,0.6182719546742209,2.291338582677165,YOR198C,non_ess,non_ess
0.031791907514450865,0.007001469444204339,0.08108108108108109,3.0,0.2740089906007356,0.0027007120058924624,0.01988706113429904,0.0887354628602713,0.3318965517241379,0.3326786152712988,2.0975232198142413,YDR301W,ess,ess
0.06936416184971098,0.013138559944679749,0.10810810810810813,0.8,0.12178177360032695,0.013057671381936888,0.08269858541893363,0.4043041953814533,1.0192592592592593,0.27529923830250275,2.0079365079365084,YDR244W,non_ess,non_ess
0.031791907514450865,0.017719768346443083,0.16216216216216214,2.0,0.026358806702084188,0.02517162471395881,0.4691075514874142,0.6089992060897585,0.948469387755102,0.39130434782608703,0.39130434782608703,YMR074C,non_ess,non_ess
0.08959537572254335,0.03059901460800415,0.08108108108108109,0.6,0.14221495709031468,0.01449953227315248,0.16557530402245088,0.6398793587303635,0.7593341260404279,0.13564078578110386,0.7837837837837838,YCL057W,non_ess,non_ess
0.023121387283236997,0.00561846313423805,0.054054054054054064,1.0,0.07846342460155292,0.006655574043261232,0.05407653910149751,0.1269942253107566,0.9327731092436976,0.4026622296173045,0.585247883917775,YGL243W,non_ess,non_ess
0.05491329479768786,0.006655717866712767,0.2702702702702703,1.0,0.06579485083776053,0.018700787401574805,0.07578740157480315,0.4695413917854863,0.855855855855856,1.0,5.906976744186046,YJL088W,non_ess,non_ess
0.011560693641618495,0.0006915031549831446,0.16216216216216214,0.5454545454545454,0.015733551287290558,0.014234875444839857,0.028469750889679717,0.30140510918416785,0.3779342723004695,0.9145907473309608,0.9625468164794008,YER146W,ess,non_ess
0.03468208092485549,0.005791338922983836,0.0,0.0,0.1446669391091132,0.005519779208831647,0.030818767249310024,0.4045038198472061,0.9192546583850932,1.0,4.7571115973741795,YDR164C,ess,ess
0.01445086705202312,0.002333823148068113,0.10810810810810813,1.3333333333333333,0.033101757253780145,0.009328358208955223,0.050373134328358216,0.5625086373687119,0.7473544973544973,0.9328358208955224,1.4124293785310735,YER134C,non_ess,non_ess
0.04624277456647399,0.01754689255769729,0.0,1.0,0.1285247241520229,0.008260196179659271,0.10480123902942697,0.17242394692059124,0.6979423868312757,0.17398038203407332,0.9711815561959656,YJL073W,non_ess,non_ess
0.05491329479768786,0.012447056789696605,0.13513513513513514,5.0,0.0886800163465468,0.014053254437869823,0.10650887573964496,0.4255168674414768,0.6449402390438248,0.1856508875739645,0.5704545454545454,YOR059C,non_ess,non_ess
0.005780346820809247,0.0005186273662373584,0.0,0.0,0.08929301185124643,0.0014695077149155034,0.00440852314474651,0.034241231890019534,0.1490941490941491,0.7472446730345335,2.150105708245244,YKL108W,ess,ess
0.03757225433526011,0.0067421557610856594,0.027027027027027032,1.0,0.07362757117558916,0.011494252873563218,0.06896551724137931,0.3903940886699507,0.4895186335403727,0.3519009725906277,1.3222591362126246,YDL115C,non_ess,non_ess
0.05491329479768786,0.020658656755121445,0.027027027027027032,0.2,0.047609317531671434,0.025367156208277702,0.3190921228304406,0.6483947276458096,1.1476510067114094,0.4072096128170895,1.4734299516908214,YMR038C,non_ess,non_ess
0.03468208092485549,0.01097761258535742,0.054054054054054064,4.0,0.04290968532897426,0.017647058823529408,0.1867647058823529,0.5802878598247809,1.0096711798839455,1.0,1.0,YML106W,non_ess,non_ess
0.02023121387283237,0.002333823148068113,0.027027027027027032,1.0,0.03821005312627708,0.011456628477905071,0.044189852700491,0.5552249169270446,0.7186147186147186,0.265139116202946,0.5625,YBR014C,non_ess,non_ess
0.026011560693641616,0.004149018929898867,0.0,0.0,0.0715161422149571,0.008181818181818179,0.04363636363636364,0.3407616707616708,0.6525096525096525,0.4127272727272727,2.4148936170212765,YNL080C,non_ess,non_ess
0.017341040462427744,0.002506698936813899,0.10810810810810813,0.6666666666666666,0.03555373927257867,0.01048951048951049,0.050699300699300696,0.5225087412587414,0.5332031250000001,0.2255244755244755,1.048780487804878,YHR189W,non_ess,non_ess
0.17052023121387286,0.04823234506007434,0.13513513513513514,1.0,0.11749080506742952,0.033239436619718316,0.3143661971830986,0.5085050654806029,0.9370680489101542,0.09577464788732394,0.9770114942528736,YML054C,non_ess,non_ess
0.04335260115606936,0.0067421557610856594,0.10810810810810813,2.0,0.041683694319574985,0.02265861027190332,0.11782477341389727,0.5319143945506746,0.8773291925465837,0.1933534743202417,0.5493562231759657,YIL007C,non_ess,non_ess
0.023121387283236997,0.00224738525369522,0.0,1.0,0.05496526358806703,0.009334889148191364,0.030338389731621937,0.18391444445633906,0.9488859764089119,0.2742123687281214,1.0129310344827591,YDR116C,non_ess,non_ess
0.01445086705202312,0.005272711556746477,0.21621621621621626,4.0,0.060890886800163475,0.005296610169491525,0.0646186440677966,0.10960607760053173,0.3499455337690632,0.2828389830508475,0.9206896551724141,YKL216W,non_ess,non_ess
0.0953757225433526,0.02195522517071484,0.08108108108108109,1.5,0.16326113608500206,0.013485901103391908,0.10380057212913772,0.395889000660149,0.8054733727810649,0.11728647323252962,0.5125,YDR422C,non_ess,non_ess
0.0028901734104046237,0.0002593136831186792,0.0,0.0,0.06470508105162785,0.001,0.003,0.02483333333333334,0.18130081300813009,0.545,1.1978021978021978,YBR189W,non_ess,ess
0.008670520231213872,0.0010372547324747168,0.0,0.0,0.10461789946873724,0.0018915510718789407,0.007566204287515763,0.08823962922323578,0.17694805194805194,0.4199243379571249,1.6860759493670887,YDL143W,ess,ess
0.05780346820809248,0.009940357852882704,0.0,1.0,0.1810380057212914,0.007385524372230428,0.042466765140324964,0.3099004897768794,1.151315789473684,0.1277695716395864,0.733050847457627,YPR021C,non_ess,non_ess
0.05780346820809248,0.014953755726510504,0.054054054054054064,0.6666666666666666,0.07539844707805476,0.01728608470181504,0.1495246326707001,0.4168440425358085,0.6885572139303483,0.13396715643906654,0.5636363636363637,YML027W,non_ess,non_ess
0.06647398843930635,0.017719768346443083,0.027027027027027032,1.0,0.1068655496526359,0.014206300185299569,0.1266213712168005,0.3950415024789185,1.0292710385589643,0.11117974058060533,0.3441682600382409,YDR061W,non_ess,non_ess
0.17341040462427745,0.041057999827124214,0.08108108108108109,3.0,0.3398038414384961,0.011907124429450288,0.09426473506648143,0.25204265101308504,1.2216788102605047,0.07322881524111928,0.2435643564356436,YML059C,non_ess,non_ess
0.060693641618497114,0.010026795747255596,0.0,0.0,0.14282795259501432,0.009781089892873778,0.054028877503493236,0.23215117439616745,0.4118303571428572,0.17186772240335352,1.5185185185185184,YKL213C,non_ess,non_ess
0.02023121387283237,0.004667646296136226,0.32432432432432434,1.0909090909090908,0.03739272578667757,0.011686143572621035,0.09015025041736227,0.3562604340567613,1.864285714285714,0.333889816360601,0.7272727272727273,YKL156W,non_ess,non_ess
0.04046242774566474,0.00561846313423805,0.0,0.0,0.12893338782182265,0.007205352547606794,0.03345342254246012,0.31249613998970666,1.1523076923076925,0.3993823983530623,1.173978819969743,YNL167C,non_ess,non_ess
0.10404624277456646,0.02956175987552943,0.027027027027027032,0.5,0.1826726604004904,0.013177159590043924,0.12518301610541727,0.3966779421416671,1.0943738656987294,0.10029282576866763,1.191304347826087,YGL141W,non_ess,non_ess
0.04046242774566474,0.007001469444204339,0.054054054054054064,2.0,0.18083367388639152,0.005175600739371534,0.029944547134935308,0.1991168617785993,0.8263888888888888,0.2454713493530499,0.7830188679245282,YPL150W,non_ess,non_ess
0.02890173410404624,0.007260783127323019,0.10810810810810813,2.0,0.04658765835717205,0.013623978201634877,0.11444141689373295,0.42876763917502936,1.0975609756097562,0.3828337874659401,1.1195219123505975,YIR030C,non_ess,non_ess
0.05491329479768786,0.017114703085832832,0.32432432432432434,1.0909090909090908,0.0570085819370658,0.021420518602029308,0.22322435174746336,0.6222096956031566,1.65,0.3585118376550169,0.8736263736263736,YBR037C,non_ess,non_ess
0.008670520231213872,0.001210130521220503,0.0,1.0,0.034327748263179414,0.005415162454873646,0.02527075812274368,0.24084156950938035,0.4496487119437939,0.6137184115523465,1.3821138211382114,YGL018C,ess,ess
0.0028901734104046237,0.00017287578874578615,0.0,0.0,0.0425010216591745,0.001483679525222552,0.002967359050445104,0.03274876017783618,0.2698961937716263,0.6572700296735905,0.7009493670886077,YKL041W,non_ess,ess
0.09826589595375723,0.0662114270896361,0.32432432432432434,1.7142857142857142,0.06272987331426237,0.035015447991761074,0.7888774459320288,0.7756091708077951,1.2978817299205652,0.33470648815653964,2.5390625,YGR007W,non_ess,non_ess
0.02023121387283237,0.006655717866712767,0.21621621621621626,1.0,0.05557825909276666,0.008083140877598153,0.08891454965357967,0.2186327944572748,0.4716923076923077,0.4618937644341801,1.4285714285714286,YGL221C,non_ess,non_ess
0.011560693641618495,0.0014694442043391822,0.027027027027027032,0.3333333333333333,0.07294646505925624,0.003568242640499554,0.015165031222123104,0.08036400563288619,0.5283018867924529,0.4611953612845674,1.2164705882352942,YPL165C,non_ess,non_ess
0.02890173410404624,0.004840522084882012,0.027027027027027032,2.0,0.06211687780956274,0.010395010395010396,0.058212058212058215,0.205848561111719,0.6058114035087719,0.24844074844074845,1.0482456140350878,YDL183C,non_ess,non_ess
0.04624277456647399,0.006828593655458553,0.10810810810810813,2.0,0.2269445579621305,0.004730928444707274,0.023358959195742164,0.1956841873354901,0.6222222222222222,0.20254287403903007,1.3979591836734693,YHR077C,non_ess,non_ess
0.031791907514450865,0.0047540841905091185,0.027027027027027032,2.0,0.0678381691867593,0.010516252390057362,0.052581261950286805,0.36601487810707456,0.9320913461538459,0.5803059273422562,1.6143617021276593,YMR234W,non_ess,non_ess
0.09248554913294796,0.014175814677154463,0.0,0.0,0.1863506334286882,0.01148600143575018,0.058865757358219674,0.4189893567214957,0.7588932806324109,1.0,14.28717948717949,YKL171W,non_ess,non_ess
0.08092485549132948,0.01884346097329069,0.08108108108108109,1.0,0.08847568451164692,0.020756115641215715,0.16160118606375093,0.5390755014126185,0.9805622489959837,0.13046701260192736,0.13046701260192736,YKL046C,non_ess,non_ess
0.017341040462427744,0.006915031549831446,0.0,0.0,0.052717613404168376,0.0072815533980582535,0.0970873786407767,0.2079288025889968,0.6727642276422765,0.6310679611650486,1.7105263157894743,YFR052W,ess,ess
0.017341040462427744,0.005186273662373585,0.027027027027027032,1.0,0.045361667347772784,0.008379888268156423,0.08379888268156424,0.34126372567905994,1.6827586206896554,0.5195530726256983,0.6800731261425959,YDL059C,non_ess,non_ess
0.005780346820809247,0.0006915031549831446,0.0,0.0,0.08541070698814876,0.0015337423312883436,0.006134969325153374,0.0561125243154272,0.2504065040650407,0.6863496932515337,2.7538461538461543,YOR117W,ess,ess
0.0838150289017341,0.014953755726510504,0.054054054054054064,2.0,0.10482223130363713,0.018250471994965392,0.10887350534927627,0.5493166756015508,0.5611348528015196,0.15166771554436753,1.199004975124378,YBR239C,non_ess,non_ess
0.02890173410404624,0.005272711556746477,0.0,0.0,0.0461789946873723,0.013736263736263736,0.08379120879120877,0.29370544995544995,0.5501930501930502,0.24175824175824176,1.2137931034482758,YOR358W,non_ess,non_ess
0.017341040462427744,0.0018151957818307548,0.054054054054054064,0.5,0.09889660809154067,0.0039946737683089215,0.013981358189081227,0.32183859840422746,1.0039370078740155,0.3022636484687084,0.6253443526170799,YDR036C,non_ess,non_ess
0.04335260115606936,0.010026795747255596,0.21621621621621626,1.3333333333333333,0.10931753167143443,0.00906344410876133,0.07009063444108761,0.31294058408862035,1.1805555555555556,0.37039274924471294,0.9301972685887708,YDL225W,non_ess,non_ess
0.11271676300578035,0.05592531765926182,0.054054054054054064,1.0,0.09971393543114017,0.025759577278731842,0.4273447820343461,0.4833278030639779,0.9010663507109004,0.12549537648612946,1.2925170068027212,YMR065W,non_ess,non_ess
0.01445086705202312,0.002333823148068113,0.0,0.0,0.11013485901103393,0.002999400119976005,0.016196760647870425,0.08088523140442334,0.3655264922870557,0.3353329334133173,1.9143835616438358,YNL182C,ess,ess
0.049132947976878616,0.02091797043824012,0.0,0.0,0.043931344503473635,0.02446043165467626,0.34820143884892085,0.531597036910531,0.8183316848005276,0.660431654676259,2.4677419354838706,YLR298C,ess,ess
0.05780346820809248,0.007347221021695911,0.0,0.0,0.07069881487535759,0.018382352941176468,0.078125,0.8060661764705882,0.9736842105263156,0.23621323529411764,1.007843137254902,YDR414C,non_ess,non_ess
0.049132947976878616,0.00898954101478088,0.10810810810810813,0.5714285714285714,0.17041275030649775,0.0066614420062695925,0.04075235109717868,0.15430776929077075,0.4107981220657277,0.3945924764890282,2.48641975308642,YMR302C,non_ess,non_ess
0.12716763005780346,0.0249805514737661,0.16216216216216214,1.5,0.11238250919493258,0.025882352941176467,0.17,0.6359233926128591,1.1269641734758016,0.11941176470588236,1.301282051282051,YDR481C,non_ess,non_ess
0.02023121387283237,0.0025931368311867924,0.0,0.0,0.027993461381283204,0.015184381778741863,0.0650759219088937,0.32095466323345645,0.9106400665004156,0.2711496746203905,0.6906077348066298,YKL067W,non_ess,non_ess
0.0838150289017341,0.0337107788054283,0.054054054054054064,0.6666666666666666,0.059460563955864326,0.0314192849404117,0.4225352112676056,0.6847521313417816,1.4825842696629212,0.17009750812567714,0.6624472573839663,YNL072W,non_ess,non_ess
0.08092485549132948,0.012274181000950816,0.0,1.0,0.15406620351450756,0.012110726643598616,0.061418685121107264,0.3640040937667528,0.7948943661971831,0.20847750865051906,1.596026490066225,YLR131C,non_ess,non_ess
0.09826589595375723,0.032154896706716216,0.16216216216216214,1.5,0.08255006129955048,0.02694136291600634,0.294770206022187,0.6822954917346321,0.6713124274099884,0.13312202852614896,0.96,YOL058W,non_ess,non_ess
0.008670520231213872,0.0010372547324747168,0.0,1.0,0.10359624029423783,0.0019096117122851689,0.007638446849140674,0.05547265498638227,0.2093316519546028,0.4423933800127308,2.5272727272727282,YGL078C,non_ess,ess
0.12716763005780346,0.02696862304434264,0.0,1.0,0.2905598692276257,0.010194624652455976,0.07228915662650602,0.3546596642982185,1.2360587002096437,0.14550509731232622,1.0902777777777777,YDR326C,non_ess,non_ess
0.06647398843930635,0.016077448353358108,0.13513513513513514,5.0,0.07539844707805476,0.01987899740708729,0.16076058772687987,0.3940833166760041,1.4609120521172636,0.2921348314606741,0.974063400576369,YIL116W,non_ess,non_ess
0.01445086705202312,0.002506698936813899,0.0,0.0,0.02227217000408664,0.013262599469496022,0.07692307692307693,0.3203586042399194,1.44702842377261,0.5596816976127321,0.9906103286384976,YJR063W,non_ess,non_ess
0.005780346820809247,0.00112369262684761,0.08108108108108109,0.6,0.08071107478545159,0.0016194331983805667,0.010526315789473684,0.041586725434275336,0.41625615763546797,0.6510121457489878,1.4460431654676258,YML074C,non_ess,non_ess
0.017341040462427744,0.002333823148068113,0.0,0.0,0.08418471597874949,0.004665629860031105,0.020995334370139968,0.1566621558845509,0.352504638218924,0.4276827371695179,2.2357723577235773,YDR300C,non_ess,ess
0.005780346820809247,0.0007779410493560378,0.027027027027027032,0.3333333333333333,0.043931344503473635,0.002877697841726619,0.012949640287769784,0.04265685126317551,0.08531370252635102,0.5913669064748202,0.5913669064748202,YER002W,non_ess,non_ess
0.06647398843930635,0.038205549312818735,0.10810810810810813,1.3333333333333333,0.09154066203514508,0.016499282639885218,0.3170731707317073,0.5734397417503586,0.8250000000000001,0.2044476327116212,2.192307692307692,YBR199W,non_ess,non_ess
0.031791907514450865,0.0047540841905091185,0.0,1.0,0.2182263996730691,0.003380454824830977,0.016902274124154886,0.11649955508260786,0.5098193244304792,0.5500921942224954,4.323671497584542,YGR218W,ess,ess
0.04046242774566474,0.013138559944679749,0.027027027027027032,0.5,0.04372701266857377,0.02023121387283237,0.21965317919075145,0.4665231828803345,1.1698259187620892,0.36560693641618497,0.9233576642335768,YOR283W,non_ess,non_ess
0.05780346820809248,0.005013397873627798,0.32432432432432434,2.4,0.07580711074785453,0.01719690455717971,0.04987102321582115,0.4084078718644497,1.0571884256094783,0.2098022355975924,0.5458612975391499,YBR246W,non_ess,non_ess
0.03468208092485549,0.009248854697899558,0.10810810810810813,0.5714285714285714,0.06497752349816102,0.011952191235059759,0.10657370517928287,0.4105513430150367,1.456221198156682,0.3067729083665339,1.1711026615969582,YBR046C,non_ess,non_ess
0.05202312138728323,0.019275650445155158,0.0,0.0,0.22415202288516556,0.005387608500448967,0.06674648308889554,0.4696474182998735,0.6385702854094425,0.5471415743789285,1.379622641509434,YMR047C,ess,ess
0.03468208092485549,0.006309966289221194,0.13513513513513514,1.6666666666666667,0.16836943195749898,0.004758128469468675,0.02894528152260111,0.11074954196177088,0.3007662835249042,0.5182394924662966,4.822878228782288,YKL022C,ess,ess
0.03757225433526011,0.0075200968104416985,0.0,1.0,0.07192480588475685,0.011754068716094029,0.07866184448462929,0.2984538400451601,0.6635543106131341,0.21609403254972875,1.2256410256410255,YGR173W,non_ess,non_ess
0.0028901734104046237,0.00017287578874578615,0.0,0.0,0.07723743359215368,0.0008445945945945946,0.0016891891891891893,0.030244693073640444,0.13765182186234814,0.9510135135135136,1.99645390070922,YLR459W,ess,ess
0.011560693641618495,0.0014694442043391822,0.027027027027027032,2.0,0.024928483857785046,0.009615384615384616,0.040865384615384616,0.2242811799850635,0.43446601941747576,0.4326923076923077,1.487603305785124,YBL049W,non_ess,non_ess
0.02890173410404624,0.006915031549831446,0.027027027027027032,0.3333333333333333,0.09072333469554557,0.00723589001447178,0.05788712011577424,0.0900516250041198,0.2642216306812579,0.5397973950795948,2.486666666666667,YDR004W,non_ess,non_ess
0.026011560693641616,0.004149018929898867,0.2432432432432433,0.8181818181818182,0.03841438496117695,0.01465798045602606,0.0781758957654723,0.4232994826595133,0.8053475935828875,0.4543973941368078,1.5499999999999998,YMR121C,non_ess,non_ess
0.05780346820809248,0.02912957040366497,0.027027027027027032,0.5,0.05823457294646505,0.02209944751381216,0.3723756906077348,0.4204419889502761,1.7062500000000005,0.17458563535911606,0.5766423357664234,YPL054W,non_ess,non_ess
0.005780346820809247,0.00017287578874578615,0.054054054054054064,0.5,0.04297779594060755,0.002936857562408223,0.002936857562408223,0.04965830791821981,0.75,0.6328928046989721,1.7883817427385895,YPR043W,non_ess,non_ess
0.023121387283236997,0.0037168294580344026,0.13513513513513514,0.7142857142857143,0.1258684102983245,0.004214963119072708,0.02265542676501581,0.1292681735392431,0.40850470547229,0.7781875658587988,3.9281914893617023,YDR049W,non_ess,non_ess
0.03468208092485549,0.0067421557610856594,0.13513513513513514,0.7142857142857143,0.0670208418471598,0.01160541586073501,0.07543520309477758,0.2441049268684937,0.5234633179114344,0.2127659574468085,1.1702127659574468,YDL175C,non_ess,non_ess
0.07514450867052022,0.020572218860748552,0.0,0.0,0.17225173682059666,0.010081426909654904,0.09228383094222567,0.2698720434276851,0.6354775828460039,0.22101589763474214,1.4108910891089108,YBR294W,non_ess,non_ess
0.06936416184971098,0.010718298902238741,0.027027027027027032,1.0,0.1908459337964855,0.008415147265077139,0.043478260869565216,0.2653741440475208,0.588235294117647,0.17461430575035064,0.8397976391231029,YGR100W,non_ess,non_ess
0.07803468208092486,0.011064050479730312,0.027027027027027032,0.25,0.11789946873722927,0.015160022459292532,0.07186973610331275,0.4582239046566807,1.1348973607038122,0.13138686131386862,1.0263157894736843,YKR069W,non_ess,non_ess
0.01445086705202312,0.0018151957818307548,0.0,1.0,0.12055578259092767,0.0027472527472527475,0.01153846153846154,0.0812218357182386,0.2316969953449005,0.6241758241758242,1.0133809099018734,YPR018W,non_ess,non_ess
0.05491329479768786,0.01348431152217132,0.0,1.0,0.10257458111973848,0.012210796915167094,0.10025706940874037,0.25004858700165195,0.7689957999236349,0.17480719794344474,0.17480719794344474,YEL042W,non_ess,non_ess
0.0,0.0,0.0,1.0,0.1058438904781365,0.0,0.0,0.0,0.0,1.0,8.060301507537691,YOL123W,ess,ess
0.453757225433526,0.16699801192842942,0.10810810810810813,4.0,0.3034327748263179,0.03485016648168701,0.4288568257491676,0.6962044719493462,0.9991554818277784,0.05571587125416204,0.9400749063670412,YDR011W,non_ess,non_ess
0.023121387283236997,0.014694442043391822,0.13513513513513514,0.4545454545454545,0.025745811197384557,0.018691588785046728,0.397196261682243,0.5281495327102803,0.6262857142857142,0.4439252336448598,1.5966386554621848,YLR245C,non_ess,non_ess
0.1184971098265896,0.02852450514305472,0.0,1.0,0.06640784634246016,0.04,0.32195121951219513,0.8283817427385893,1.2574418185098326,0.11902439024390245,0.9838709677419356,YPL004C,non_ess,non_ess
0.07514450867052022,0.031722707234851766,0.10810810810810813,1.3333333333333333,0.08071107478545159,0.021052631578947368,0.297165991902834,0.3842386715451731,1.029745989304813,0.16356275303643725,0.7565543071161048,YHL003C,non_ess,non_ess
0.026011560693641616,0.006223528394848302,0.0,0.0,0.10032693093583983,0.005909389363099146,0.04727511490479317,0.19110451340318024,0.3443478260869565,0.7170059093893631,3.0760563380281694,YDL017W,ess,ess
0.07803468208092486,0.02956175987552943,0.08108108108108109,1.0,0.11708214139762975,0.01526286037309214,0.1933295647258338,0.5023213018534333,0.8074468085106383,0.1695873374788016,1.1152416356877324,YGR287C,non_ess,non_ess
0.031791907514450865,0.005272711556746477,0.10810810810810813,0.6666666666666666,0.06865549652635881,0.010396975425330813,0.057655954631379965,0.3529470599413889,0.662037037037037,0.21644612476370512,0.6189189189189189,YDL226C,non_ess,non_ess
0.026011560693641616,0.00561846313423805,0.0,0.0,0.09297098487944422,0.006360424028268552,0.04593639575971732,0.15131304208159332,0.625437062937063,0.2855123674911661,1.1744186046511629,YML032C,non_ess,non_ess
0.01445086705202312,0.0015558820987120756,0.0,0.0,0.07029015120555783,0.004621072088724585,0.0166358595194085,0.13453832698582044,0.4697986577181208,0.3641404805914972,1.6765957446808508,YLR215C,ess,ess
0.02890173410404624,0.0030253263030512573,0.0,1.0,0.11483449121373113,0.00576036866359447,0.020161290322580645,0.14812111962303853,0.4758842443729904,0.619815668202765,3.0568181818181817,YEL013W,non_ess,non_ess
0.005780346820809247,0.0006915031549831446,0.0,1.0,0.07703310175725378,0.001693480101608806,0.006773920406435224,0.05403552152433988,0.2304021813224267,0.9466553767993228,3.149295774647888,YDR245W,non_ess,ess
0.023121387283236997,0.0035439536692886157,0.0,0.0,0.12525541479362487,0.004235044997353097,0.02170460561143462,0.09068966401820884,0.3980305778699145,0.4436209634727369,1.4701754385964911,YNR038W,ess,ess
0.04046242774566474,0.009767482064136915,0.1891891891891892,1.1666666666666667,0.09031467102574582,0.010174418604651164,0.08212209302325581,0.29440172543135784,1.0311827956989248,0.21729651162790692,1.1455938697318009,YJL044C,non_ess,non_ess
0.17341040462427745,0.050825481891261126,0.16216216216216214,6.0,0.14241928892521455,0.02802428771602055,0.2746380196170014,0.3397494623875396,0.7742930591259639,0.08547407753386269,0.953125,YHL024W,non_ess,non_ess
0.05202312138728323,0.02221453885383352,0.0,1.0,0.22313036371066614,0.005411906193625977,0.0772699939867709,0.16668268704160305,0.4182156133828996,0.153337342152736,1.080508474576271,YBR059C,non_ess,non_ess
0.023121387283236997,0.006655717866712767,0.027027027027027032,0.5,0.056599918267266035,0.009080590238365494,0.08740068104426787,0.4192462340560611,2.006779661016949,0.2780930760499433,0.6250000000000001,YOL093W,non_ess,non_ess
0.04624277456647399,0.01737401676895151,0.08108108108108109,0.75,0.06640784634246016,0.015609756097560976,0.19609756097560976,0.3945336064047664,0.5016357688113414,0.19609756097560976,1.0923913043478262,YOR026W,non_ess,non_ess
0.01445086705202312,0.004321894718644654,0.10810810810810813,1.0,0.036575398447078064,0.008517887563884156,0.08517887563884156,0.2272367600376089,0.4398907103825136,0.32367972742759793,1.3013698630136985,YPR131C,non_ess,non_ess
0.03468208092485549,0.006137090500475408,0.21621621621621626,1.6,0.04086636697997549,0.018461538461538463,0.10923076923076924,0.4414325755216444,1.7085020242914981,0.18153846153846154,0.4259927797833935,YKL117W,non_ess,non_ess
0.23121387283236994,0.0685452502377042,0.1891891891891892,1.75,0.15140988966080918,0.03519577650681918,0.34887813462384515,0.8095028596568412,0.8839427662957074,0.07039155301363836,0.975609756097561,YLL001W,non_ess,non_ess
0.0838150289017341,0.032587086178580686,0.027027027027027032,1.0,0.07192480588475685,0.02622061482820976,0.34086799276672697,0.6039245393675774,0.9231231231231232,0.15009041591320071,1.0573248407643312,YNR032W,non_ess,non_ess
0.05780346820809248,0.020572218860748552,0.0,1.0,0.08786268900694727,0.01492537313432836,0.17761194029850744,0.40291467192340186,0.44103773584905664,0.2462686567164179,1.0891089108910892,YPL133C,non_ess,non_ess
0.02023121387283237,0.0025931368311867924,0.0,1.0,0.09930527176134042,0.004641909814323607,0.01989389920424403,0.20666953425574114,0.5833333333333333,0.3839522546419098,1.8264984227129333,YDR470C,non_ess,non_ess
0.16184971098265896,0.03595816405912352,0.3783783783783784,3.5,0.1060482223130364,0.03484754200373367,0.2588674548848787,1.1754193381484097,1.2584269662921348,0.0970752955818295,0.7684729064039408,YFR006W,non_ess,non_ess
0.01445086705202312,0.002420261042441006,0.21621621621621626,2.0,0.00878626890069473,0.027932960893854747,0.1564245810055866,0.9869646182495344,5.454545454545454,0.3575418994413408,0.4413793103448277,YDL067C,non_ess,non_ess
0.0,0.0,0.10810810810810813,4.0,0.010829587249693505,0.0,0.0,0.0,0.0,1.0,1.9174311926605507,YLL009C,non_ess,non_ess
0.005780346820809247,0.0002593136831186792,0.0,0.0,0.045021114289606326,0.002812939521800281,0.004219409282700422,0.05568578423712038,0.19351851851851853,0.6188466947960619,2.528735632183908,YPL218W,ess,ess
0.023121387283236997,0.003284639986169937,0.054054054054054064,0.6666666666666666,0.037188393951777685,0.013422818791946308,0.06375838926174497,0.21988948163444808,0.5387205387205387,0.44966442953020136,1.2582159624413145,YJR014W,non_ess,non_ess
0.008670520231213872,0.0010372547324747168,0.0,1.0,0.06048222313036373,0.0031982942430703624,0.01279317697228145,0.09672027514973587,0.4095477386934673,0.5724946695095949,1.6422018348623857,YEL029C,non_ess,non_ess
0.01445086705202312,0.00112369262684761,0.08108108108108109,0.5,0.07008581937065796,0.0046339202965709,0.012048192771084338,0.1885932006413934,0.3117913832199546,0.6784059314179796,2.30188679245283,YGL211W,non_ess,non_ess
0.06647398843930635,0.01322499783905264,0.027027027027027032,2.0,0.08214139762975071,0.018312101910828025,0.12181528662420382,0.3803717464810883,0.8443794671864847,0.1552547770700637,0.7926829268292682,YKR051W,non_ess,non_ess
0.0028901734104046237,0.00017287578874578615,0.0,0.0,0.035349407437678795,0.0017574692442882249,0.0035149384885764497,0.06991798476859988,0.13333333333333336,0.9718804920913884,1.1841541755888652,YDR339C,ess,ess
0.005780346820809247,0.0003457515774915723,0.0,1.0,0.06007355946056396,0.002145922746781116,0.004291845493562232,0.07324869359096378,0.30460251046025105,0.7639484978540773,1.6036036036036034,YDL015C,ess,ess
0.026011560693641616,0.003284639986169937,0.1891891891891892,1.1666666666666667,0.024315488353085408,0.022113022113022112,0.09336609336609336,0.4033783783783784,1.8,0.24815724815724816,0.5804597701149425,YDR519W,non_ess,non_ess
0.04624277456647399,0.007952286282306162,0.054054054054054064,1.0,0.1465059256232121,0.007269422989550205,0.04179918218991367,0.2326215356656065,0.6961403508771931,0.6778736937755566,2.274390243902439,YJL168C,non_ess,non_ess
0.09826589595375723,0.013743625205290001,0.0,1.0,0.12709440130772376,0.017745302713987474,0.08298538622129438,0.7494321240529929,0.8047004303210856,0.12630480167014613,1.1,YNL020C,non_ess,non_ess
0.04046242774566474,0.009767482064136915,0.0,1.0,0.10931753167143443,0.008459214501510574,0.06827794561933535,0.1738865468018248,0.4084396978379787,1.0,4.896449704142012,YOL013C,non_ess,non_ess
0.026011560693641616,0.010804736796611637,0.0,0.0,0.14609726195341236,0.004100227790432802,0.05694760820045557,0.1910223770601635,0.31807400379506645,0.4519362186788155,2.5241730279898222,YHR072W,ess,ess
0.15606936416184972,0.0987985132682168,0.1891891891891892,0.875,0.022680833673886392,0.1409921671018277,2.9843342036553526,4.235639686684074,0.9223602484472052,0.1174934725848564,1.4516129032258065,YKL086W,non_ess,non_ess
0.031791907514450865,0.009681044169764024,0.1891891891891892,3.5,0.08009807928075195,0.00897226753670473,0.09135399673735728,0.19711381603714392,0.6970695970695971,0.3091353996737357,1.3251748251748252,YJR125C,non_ess,non_ess
0.017341040462427744,0.0067421557610856594,0.027027027027027032,1.0,0.02697180220678382,0.01345291479820628,0.17488789237668162,0.4907923789579113,0.7360406091370558,0.35201793721973096,0.9181286549707602,YHR051W,non_ess,non_ess
0.01445086705202312,0.0045812084017633325,0.0,0.0,0.03568996049584525,0.008710801393728224,0.09233449477351917,0.22230541077547727,0.7644628099173554,0.8153310104529616,0.8153310104529616,YML094W,non_ess,non_ess
0.005780346820809247,0.0017287578874578616,0.0,0.0,0.0995096035962403,0.0013236267372600929,0.013236267372600929,0.04434149569821312,0.9571428571428572,0.9272005294506948,1.597491448118586,YLL036C,ess,ess
0.049132947976878616,0.011669115740340566,0.0,1.0,0.17756436452799348,0.00639819345126082,0.050809183289424166,0.1127543226549182,0.30506155950752395,0.3835152427549868,1.9786407766990288,YDL117W,non_ess,non_ess
0.005780346820809247,0.003889705246780188,0.0,0.0,0.04229668982427463,0.002980625931445604,0.06706408345752607,0.04134138927297476,0.054296028880866425,0.8047690014903129,4.615384615384615,YHL031C,non_ess,non_ess
0.04335260115606936,0.0060506526061025155,0.027027027027027032,0.14285714285714285,0.17838169186759298,0.0056200824278756075,0.026227051330086168,0.15471242455597467,0.2481592582492501,0.3079805170475834,3.7880184331797238,YLR357W,non_ess,non_ess
0.04046242774566474,0.0087302273316622,0.0,0.0,0.2425418880261545,0.003877042370534478,0.027970091387427305,0.10081314578511542,0.7279792746113989,0.30047078371642205,1.4602960969044416,YPR010C,ess,ess
0.09826589595375723,0.02757368830495289,0.0,1.0,0.08724969350224766,0.025544703230653644,0.2396694214876033,0.5277019800938287,0.7844733984799134,0.09316303531179564,0.6813186813186813,YKR044W,non_ess,non_ess
0.06647398843930635,0.010026795747255596,0.027027027027027032,1.0,0.11606048222313035,0.013112884834663626,0.0661345496009122,0.2640060813378944,0.6157291666666668,0.13169897377423034,1.5197368421052633,YOL115W,non_ess,non_ess
0.0,0.0,0.0,0.0,0.09113199836534533,0.0,0.0,0.0,0.0,1.0,4.463022508038585,YDR023W,ess,ess
0.03468208092485549,0.007347221021695911,0.2432432432432433,1.0,0.09011033919084592,0.008739985433357609,0.06190823015294975,0.2459024473054449,0.8872180451127819,0.2316096139839767,1.1954887218045112,YJR062C,non_ess,non_ess
0.05491329479768786,0.012014867317832138,0.0,1.0,0.16877809562729876,0.007515822784810127,0.05498417721518988,0.16590620691816016,0.4702970297029703,0.1906645569620253,0.8860294117647058,YNL298W,non_ess,non_ess
0.005780346820809247,0.0009508168381018238,0.08108108108108109,1.0,0.04577033101757255,0.002770083102493075,0.015235457063711913,0.0691883974910052,0.17241379310344826,0.628808864265928,2.092165898617512,YPL199C,non_ess,non_ess
0.05491329479768786,0.014694442043391822,0.08108108108108109,0.75,0.04849475548290424,0.024934383202099737,0.2230971128608924,0.6677503380259285,1.18510101010101,0.16272965879265092,1.24,YLR333C,non_ess,non_ess
0.03468208092485549,0.009248854697899558,0.13513513513513514,1.6666666666666667,0.060277891295463834,0.012834224598930482,0.1144385026737968,0.22948207171314744,0.6278884462151395,0.2748663101604278,1.3817204301075268,YLR209C,non_ess,non_ess
0.008670520231213872,0.0003457515774915723,0.08108108108108109,0.42857142857142855,0.09440130772374336,0.0020891364902506965,0.0027855153203342627,0.0752391909894635,0.3888888888888889,0.6149025069637883,1.9535398230088497,YFL039C,ess,ess
0.023121387283236997,0.005704901028610943,0.0,0.0,0.14875357580711074,0.003581020590868397,0.02954341987466428,0.07644443129101712,0.5212968849332485,0.3943598925693823,1.4141252006420544,YJR042W,ess,ess
0.02023121387283237,0.004667646296136226,0.10810810810810813,0.5714285714285714,0.2868818961994279,0.0016424213984045054,0.01267010793054904,0.03778937900829032,0.38377192982456143,0.6152041295166588,2.8376623376623376,YMR259C,non_ess,non_ess
0.02023121387283237,0.001901633676203648,0.0,0.0,0.0958997411796758,0.004801097393689987,0.015089163237311385,0.09914604223420084,0.2382629107981221,0.38065843621399176,0.38065843621399176,YPL175W,ess,ess
0.005780346820809247,0.0006915031549831446,0.0,0.0,0.046383326522272166,0.002735978112175102,0.010943912448700409,0.057827633378932965,0.13046153846153846,0.4705882352941176,2.293333333333333,YGR267C,ess,ess
0.04624277456647399,0.01184199152908635,0.2972972972972973,1.8333333333333333,0.029015120555782595,0.03361344537815126,0.2878151260504201,0.9022013713460844,0.7791411042944786,0.17857142857142858,1.0,YPR062W,non_ess,non_ess
0.01445086705202312,0.0013830063099662892,0.0,0.0,0.13669799754801798,0.002430724355858045,0.007778317938745745,0.0886087956650106,0.12836970474967907,0.3767622751579971,1.25,YDR172W,ess,ess
0.2485549132947977,0.09326648802835162,0.16216216216216214,1.5,0.14058030241111566,0.04068117313150426,0.5104068117313151,0.8479450479023221,1.1797368790673721,0.08136234626300852,0.08136234626300852,YEL011W,non_ess,non_ess
0.005780346820809247,0.0010372547324747168,0.0,0.0,0.0939926440539436,0.0013986013986013984,0.008391608391608392,0.025604271247424776,0.04457617071724957,0.42097902097902096,2.7488584474885847,YJL002C,ess,ess
0.0028901734104046237,0.0004321894718644654,0.08108108108108109,1.5,0.032216319302547335,0.0019120458891013386,0.009560229445506692,0.09087470846553064,1.021978021978022,0.7189292543021033,0.8826291079812207,YDL219W,non_ess,non_ess
0.0028901734104046237,0.0005186273662373584,0.0,0.0,0.04822231303637107,0.0013192612137203164,0.0079155672823219,0.027379381831888427,0.09955357142857142,0.9393139841688656,1.6481481481481481,YGL011C,ess,ess
0.08670520231213873,0.020572218860748552,0.0,0.0,0.10931753167143443,0.01812688821752266,0.14380664652567976,0.5178182763213462,0.950398890045092,0.16012084592145015,0.6235294117647058,YEL015W,non_ess,non_ess
0.1329479768786127,0.025239865156884776,0.054054054054054064,0.3333333333333333,0.18961994278708624,0.016231474947071278,0.10303458009880027,0.3640558006255504,0.6280501975366025,0.16019760056457305,1.2171581769436997,YOR005C,non_ess,non_ess
0.09248554913294796,0.02109084622698591,0.2702702702702703,2.5,0.1520228851655088,0.014022787028921999,0.10692375109553023,0.3504890849929987,0.6809568188878535,0.16476774758983348,1.3286219081272086,YCL045C,non_ess,non_ess
0.05491329479768786,0.010631861007865848,0.1891891891891892,2.333333333333333,0.085002043318349,0.01463790446841294,0.09476117103235747,1.040324481102148,1.039411764705882,0.1864406779661017,0.6836158192090396,YOR197W,non_ess,non_ess
0.05491329479768786,0.008816665226035093,0.0,0.0,0.1311810380057213,0.009615384615384616,0.05161943319838057,0.4951923076923078,1.2534722222222223,0.2722672064777328,1.1326315789473684,YPL104W,non_ess,non_ess
0.0838150289017341,0.018929898867663584,0.027027027027027032,2.0,0.11626481405803026,0.016505406943653957,0.12464428002276608,1.4807707943735269,0.6665842807711321,0.12293682413204325,0.7372013651877133,YHL010C,non_ess,non_ess
0.026011560693641616,0.006828593655458553,0.10810810810810813,1.0,0.06354720065386188,0.009155645981688708,0.08036622583926754,0.14191251271617494,0.481640625,0.25127161749745675,1.1278538812785388,YOR271C,non_ess,non_ess
0.060693641618497114,0.019794277811392515,0.10810810810810813,8.0,0.08336738863914997,0.016483516483516484,0.17974882260596547,0.2878811329515555,0.6230985915492957,0.14050235478806908,1.0783132530120485,YGR202C,non_ess,non_ess
0.05202312138728323,0.005359149451119371,0.08108108108108109,3.0,0.07560277891295464,0.015517241379310345,0.05344827586206897,0.26185344827586204,0.40469457013574656,0.1353448275862069,1.2170542635658914,YNL001W,non_ess,non_ess
0.031791907514450865,0.0033710778805428297,0.054054054054054064,1.0,0.05387549380193435,0.013079667063020214,0.04637336504161712,0.3108687206413864,1.3691654879773691,0.27110582639714625,0.7676767676767677,YML026C,non_ess,non_ess
0.12716763005780346,0.04572564612326044,0.10810810810810813,1.3333333333333333,0.056599918267266035,0.049943246311010214,0.6004540295119183,0.9144412892176068,1.048635824436536,0.17707150964812712,1.7727272727272727,YOL001W,non_ess,non_ess
0.10115606936416184,0.0236839830581727,0.0,1.0,0.20698814875357585,0.011330527678860471,0.08870184525736484,0.3672499282125567,0.9105242412297992,0.16833926837164132,1.2037037037037035,YHR082C,non_ess,non_ess
0.05491329479768786,0.012879246261561068,0.0,0.0,0.1275030649775235,0.009885535900104058,0.07752341311134235,0.35343144541895843,0.4875661375661377,0.16805411030176898,1.4043478260869564,YDL113C,non_ess,non_ess
0.04335260115606936,0.007779410493560376,0.0,0.0,0.2315079689415611,0.0043490866917947225,0.026094520150768345,0.1101918856107575,0.34500189561481115,0.4369382429689765,2.2902735562310035,YOR207C,ess,ess
0.01445086705202312,0.0016423199930849686,0.0,0.0,0.0913363302002452,0.003594536304816678,0.01365923795830338,0.13609557375228676,0.3744116388532306,0.8389647735442128,3.1037234042553186,YKL143W,non_ess,ess
0.008670520231213872,0.00112369262684761,0.0,0.0,0.2061708214139763,0.0009749756256093598,0.004224894377640559,0.032020985189655966,0.08940092165898618,0.8836529086772831,8.444099378881987,YDR060W,ess,ess
0.03757225433526011,0.005186273662373585,0.054054054054054064,1.0,0.05905190028606457,0.014176663031624863,0.06543075245365322,0.2496459118918421,0.23643144004589786,0.25081788440567065,1.691176470588235,YPR192W,non_ess,non_ess
0.07514450867052022,0.01236061889532371,0.027027027027027032,0.5,0.0913363302002452,0.018691588785046728,0.102803738317757,0.4651242306815591,0.9965156794425089,0.22645578720345075,0.987460815047022,YCL048W,non_ess,non_ess
0.02023121387283237,0.0037168294580344026,0.08108108108108109,0.75,0.10155292194523907,0.004542504866969501,0.027903958468526932,0.11475383798550574,0.3981351981351983,0.4555483452303699,1.5462555066079295,YHR137W,non_ess,non_ess
0.01445086705202312,0.0036303915636615096,0.10810810810810813,0.5714285714285714,0.00878626890069473,0.027932960893854747,0.2346368715083799,0.8752327746741154,1.2003968253968254,0.4692737430167598,1.1052631578947372,YML081C-A,non_ess,non_ess
0.0028901734104046237,8.643789437289306e-05,0.0,0.0,0.19554556599918269,0.00034234851078397807,0.00034234851078397807,0.011984660816365737,0.04172661870503597,0.9852790140362888,6.046218487394958,YDR238C,ess,ess
0.017341040462427744,0.0026795747255596854,0.0,0.0,0.0931753167143441,0.0042313117066290545,0.021861777150916785,0.08184537206534026,0.3655210038188762,0.7411847672778561,1.6924315619967794,YHR005C,non_ess,ess
0.04335260115606936,0.017114703085832832,0.10810810810810813,1.3333333333333333,0.06375153248876175,0.015212981744421906,0.2008113590263692,0.8648806057076295,0.8391089108910891,0.21196754563894524,1.050251256281407,YDR435C,non_ess,non_ess
0.05202312138728323,0.046590025066989366,0.054054054054054064,1.0,0.034327748263179414,0.032490974729241874,0.9729241877256316,0.7585165736790285,1.4504132231404956,0.18592057761732853,0.746376811594203,YER042W,non_ess,non_ess
0.03757225433526011,0.005964214711729622,0.054054054054054064,2.0,0.1536575398447078,0.005637467476149176,0.02992194275802255,0.2464982653946227,1.2125,0.3178664353859497,0.6286449399656948,YPR181C,ess,non_ess
0.026011560693641616,0.0047540841905091185,0.0,0.0,0.10114425827543932,0.0058631921824104215,0.035830618892508145,0.18738762214983712,0.5099999999999999,0.31205211726384363,1.5015673981191222,YMR131C,ess,ess
0.03468208092485549,0.006915031549831446,0.027027027027027032,2.0,0.1211687780956273,0.0065609622744669215,0.043739748496446136,0.5152023426712754,0.4971751412429379,0.3143794423182067,1.7801857585139318,YOL103W,non_ess,non_ess
0.01445086705202312,0.0013830063099662892,0.0,0.0,0.032897425418880265,0.009380863039399627,0.0300187617260788,0.2538224321235255,0.3603006189213087,0.300187617260788,0.9756097560975612,YMR035W,non_ess,non_ess
0.04046242774566474,0.006396404183594088,0.0,0.0,0.19200381419425147,0.004879749041477867,0.025792959219240155,0.16317195917643534,0.6977671451355663,0.5259672359707215,2.9530332681017613,YGL137W,ess,ess
0.008670520231213872,0.0003457515774915723,0.1891891891891892,1.75,0.017776869636289334,0.00964630225080386,0.012861736334405145,0.4135327834475046,0.6231884057971014,0.5691318327974276,1.1493506493506491,YBR009C,non_ess,non_ess
0.10982658959537572,0.015991010458985218,0.054054054054054064,4.0,0.17940335104209235,0.014157973174366616,0.06892697466467958,0.2164906977883196,0.5315703746287248,0.09314456035767513,0.6666666666666666,YNR013C,non_ess,non_ess
0.05780346820809248,0.01797908202956176,0.027027027027027032,1.0,0.12341642827952595,0.010741138560687431,0.11170784103114932,0.2736789279991548,1.010928961748634,0.20300751879699247,1.1419939577039273,YDL025C,non_ess,non_ess
0.09248554913294796,0.028438067248681826,0.027027027027027032,1.0,0.10114425827543932,0.020846905537459284,0.21433224755700325,0.4140652156397832,0.7067137809187278,0.1029315960912052,0.6781115879828326,YJR010W,non_ess,non_ess
0.0,0.0,0.054054054054054064,1.0,0.03923171230077646,0.0,0.0,0.0,0.0,1.0,1.019543973941368,YDR013W,ess,ess
0.011560693641618495,0.0007779410493560378,0.0,0.0,0.15529219452390686,0.0017167381974248926,0.0038626609442060094,0.06176824034334764,0.3150000000000001,0.3163090128755365,1.474,YDR324C,ess,ess
0.0,0.0,0.0,0.0,0.01920719248058848,0.0,0.0,0.0,0.0,1.0,2.862068965517241,YDR045C,ess,ess
0.04624277456647399,0.00898954101478088,0.027027027027027032,0.5,0.02308949734368615,0.04113110539845758,0.2673521850899743,1.0985911447487469,1.1492418196328809,0.32390745501285345,1.5365853658536583,YGL191W,non_ess,non_ess
0.049132947976878616,0.007260783127323019,0.027027027027027032,0.3333333333333333,0.10053126277073968,0.011140235910878113,0.05504587155963303,0.27943813508667065,0.6128097843579015,0.17562254259501967,1.4806629834254146,YOR231W,non_ess,non_ess
0.13872832369942195,0.033624340911055414,0.0,0.0,0.16121781773600327,0.01985932974762102,0.160943318163012,0.5835898160388306,0.7177700348432056,0.14439387670666115,1.0804953560371515,YGL216W,non_ess,non_ess
0.05491329479768786,0.011323364162848992,0.027027027027027032,2.0,0.13363302002451982,0.00944333996023857,0.06510934393638171,0.9792263368938908,0.503177966101695,0.2286282306163022,1.735849056603774,YLR427W,non_ess,non_ess
0.03757225433526011,0.006396404183594088,0.16216216216216214,6.0,0.05394360441356764,0.01543942992874109,0.08788598574821853,0.3752322153109605,0.5516027422642208,0.21496437054631828,0.9095477386934672,YGL224C,non_ess,non_ess
0.01445086705202312,0.0013830063099662892,0.10810810810810813,1.0,0.11667347772783,0.0028360748723766306,0.00907543959160522,0.054464620964585014,0.12721490231712854,0.6647759500850823,6.6971428571428575,YML123C,non_ess,non_ess
0.0722543352601156,0.01045898521912006,0.2702702702702703,2.5,0.13281569268492033,0.0125,0.0605,0.18924731182795693,0.8237327188940091,0.315,1.0918544194107451,YEL007W,non_ess,non_ess
0.008670520231213872,0.001210130521220503,0.0,0.0,0.04331834899877402,0.004373177842565598,0.020408163265306117,0.10440313900828542,0.940711462450593,0.4927113702623906,1.2565055762081785,YOR232W,ess,ess
0.04335260115606936,0.006309966289221194,0.027027027027027032,2.0,0.10032693093583983,0.009848982271831909,0.0479317137229153,0.2420595642927843,0.4194544518785384,0.3328956007879186,2.336405529953917,YGR093W,non_ess,non_ess
0.05491329479768786,0.00950816838101824,0.054054054054054064,2.0,0.22456068655496528,0.005676725425754407,0.03286525246489393,0.18122439071236496,0.3747923588039867,0.2449955183746639,2.6366559485530545,YGL094C,non_ess,non_ess
0.02890173410404624,0.0026795747255596854,0.1891891891891892,1.75,0.03153521318621442,0.019493177387914232,0.06042884990253411,0.3176352044900227,1.6304347826086958,0.2670565302144249,0.6492890995260664,YFR032C-A,non_ess,non_ess
0.13583815028901733,0.0337107788054283,0.027027027027027032,1.0,0.22926031875766245,0.013758782201405152,0.11416861826697892,0.4375124950019992,0.9345174973488868,0.08284543325526933,0.8601823708206687,YGR170W,non_ess,non_ess
0.049132947976878616,0.008816665226035093,0.0,0.0,0.16121781773600327,0.00703351261894911,0.042201075713694663,0.19733460756262852,1.0400528169014085,0.34546959040132397,1.3232963549920758,YIL068C,ess,ess
0.03757225433526011,0.010891174690984528,0.0,0.0,0.032080098079280764,0.024952015355086368,0.2418426103646833,0.4488729305830577,1.1204925241864554,0.2111324376199616,0.5092592592592593,YDL046W,non_ess,non_ess
0.02023121387283237,0.006915031549831446,0.054054054054054064,0.3333333333333333,0.03228442991418063,0.013358778625954198,0.15267175572519084,0.6325498861657962,1.4912280701754388,0.3511450381679389,0.8638497652582159,YHR193C,non_ess,non_ess
0.0953757225433526,0.028783818826173393,0.13513513513513514,1.6666666666666667,0.08398038414384963,0.025720966484801246,0.2595479345284489,0.4815099708311919,0.8310043668122271,0.18550272798129386,1.4251497005988023,YCL011C,non_ess,non_ess
0.05780346820809248,0.009681044169764024,0.0,0.0,0.11728647323252965,0.011286681715575621,0.06320541760722348,0.3345542825503641,0.8490566037735848,0.21388261851015802,0.5242047026279392,YEL063C,non_ess,non_ess
0.011560693641618495,0.0014694442043391822,0.0,0.0,0.13220269718022068,0.0020090406830738324,0.008538422903063787,0.04836270991482396,0.19430051813471505,0.6428930185836264,2.17687074829932,YLR002C,ess,ess
0.08092485549132948,0.022906042008816664,0.5405405405405406,2.5,0.14875357580711074,0.012533572068039392,0.11862130707251567,0.2573299015219337,0.6562499999999999,0.3205013428827216,1.821882951653944,YGR003W,non_ess,non_ess
0.005780346820809247,0.0006050652606102515,0.0,1.0,0.09072333469554557,0.0014471780028943561,0.005065123010130246,0.02259159978950137,0.2859848484848484,0.5289435600578871,1.1548183254344393,YOR272W,ess,ess
0.17630057803468208,0.03310571354481805,0.054054054054054064,0.4,0.3351042092357989,0.01227364185110664,0.07706237424547284,0.5587525150905432,1.0901639344262295,0.10885311871227364,0.9890310786106032,YMR162C,non_ess,non_ess
0.023121387283236997,0.007260783127323019,0.0,0.0,0.19248058847568453,0.0027816411682892906,0.02920723226703755,0.061237622734726924,0.18216609261385386,0.35570236439499303,2.1180124223602483,YOR335C,ess,ess
0.049132947976878616,0.010891174690984528,0.054054054054054064,0.3333333333333333,0.07335512872905599,0.015084294587400175,0.11180124223602483,0.6012767425810904,0.9278752436647176,0.19964507542147286,0.6944444444444444,YDR142C,non_ess,non_ess
0.017341040462427744,0.0029388884086783643,0.0,0.0,0.12219043727012667,0.0032537960954446853,0.01843817787418655,0.08955686396033467,0.3619047619047619,0.4208242950108461,2.7038327526132404,YLR088W,ess,ess
0.026011560693641616,0.0036303915636615096,0.0,0.0,0.08724969350224766,0.0067618332081142,0.03155522163786627,0.20865085327895244,0.3694246929541047,0.35687453042824946,1.7723880597014927,YMR208W,ess,ess
0.008670520231213872,0.0003457515774915723,0.0,1.0,0.0704944830404577,0.0027649769585253448,0.003686635944700461,0.05130131964809385,0.10836038961038964,0.2921658986175115,1.4952830188679245,YDL055C,ess,ess
0.02890173410404624,0.010545423113492956,0.054054054054054064,4.0,0.05353494074376789,0.011961722488038276,0.14593301435406694,0.3662890150482188,0.6613837244742458,0.2990430622009569,0.946969696969697,YKL055C,non_ess,non_ess
0.031791907514450865,0.00786584838793327,0.08108108108108109,1.5,0.030854107069881488,0.02186878727634195,0.1809145129224652,0.6685938423512977,1.3147147147147151,0.27634194831013914,0.7637362637362637,YKL056C,non_ess,non_ess
0.017341040462427744,0.00224738525369522,0.0,1.0,0.09889660809154067,0.0039946737683089215,0.017310252996005325,0.13221715308550347,0.4777517564402809,0.3462050599201065,1.5072463768115942,YNL169C,non_ess,non_ess
0.023121387283236997,0.005013397873627798,0.08108108108108109,1.0,0.02867456749761613,0.016985138004246284,0.12314225053078555,0.3015073253689092,3.024875621890548,0.29936305732484075,0.4622950819672131,YCL012C,non_ess,non_ess
0.031791907514450865,0.007433658916068805,0.027027027027027032,1.0,0.07335512872905599,0.009760425909494231,0.07630878438331855,0.2535758651286601,0.924,0.26353149955634425,1.2746781115879826,YNL307C,non_ess,non_ess
0.14739884393063582,0.02411617253003717,0.13513513513513514,1.0,0.15999182672660406,0.0212588578574406,0.11629845769070445,0.581620547022798,0.9163752913752914,0.09003751563151312,0.6118980169971672,YJL212C,non_ess,non_ess
0.05491329479768786,0.015040193620883397,0.0,1.0,0.22149570903146712,0.005754088431253785,0.052695336159903086,0.1832145736804948,0.8980891719745223,0.1665657177468201,0.6765067650676506,YPL022W,non_ess,non_ess
0.060693641618497114,0.02204166306508773,0.16216216216216214,0.75,0.0670208418471598,0.020309477756286262,0.24661508704061896,0.6528899761064967,1.1844290657439445,0.2263056092843327,0.9105058365758756,YBR149W,non_ess,non_ess
0.0028901734104046237,8.643789437289306e-05,0.054054054054054064,2.0,0.02063751532488762,0.0028328611898017,0.0028328611898017,0.0821529745042493,0.1643059490084986,0.7705382436260623,0.7705382436260623,YBL078C,non_ess,non_ess
0.008670520231213872,0.003803267352407295,0.0,1.0,0.03759705762157745,0.0049833887043189366,0.07308970099667775,0.15422949143879375,0.4917582417582417,0.5681063122923588,1.4805194805194803,YPL239W,non_ess,non_ess
0.04046242774566474,0.004149018929898867,0.08108108108108109,1.5,0.15284021250510832,0.006102877070619006,0.020924149956408025,0.3526145280177538,0.25368550368550363,0.2715780296425458,1.9904153354632588,YDR264C,non_ess,non_ess
0.3583815028901734,0.09499524591580948,0.0,0.0,0.1501838986514099,0.054988913525498895,0.4873614190687362,0.9406732922889912,1.0766764627304302,0.050110864745011086,1.0089285714285714,YDR001C,non_ess,non_ess
0.01445086705202312,0.00449477050739044,0.0,1.0,0.11238250919493258,0.002941176470588236,0.03058823529411765,0.06647934608086413,0.14112903225806453,0.38235294117647056,2.6530612244897958,YDL003W,ess,ess
0.15606936416184972,0.02809231567119025,0.0,0.0,0.413363302002452,0.008824971400555647,0.053113253799640464,0.2533537905965344,0.8058252427184465,0.12224219643732635,1.5550935550935554,YGR217W,non_ess,non_ess
0.03757225433526011,0.008038724176679056,0.1891891891891892,1.75,0.1058438904781365,0.008104738154613466,0.057980049875311725,0.19480783927278572,0.4071236559139784,0.229426433915212,2.090909090909092,YKL191W,non_ess,non_ess
0.026011560693641616,0.00509983576800069,0.0,1.0,0.06722517368205967,0.008678881388621022,0.056894889103182265,0.2550255915733254,1.1188811188811187,0.3510125361620058,1.6697247706422018,YLR372W,non_ess,non_ess
0.08959537572254335,0.016163886247731005,0.027027027027027032,0.5,0.10359624029423783,0.019732654360280075,0.11903246339910885,0.4270480637449538,0.8208469055374593,0.12030553787396565,0.9545454545454546,YKL039W,non_ess,non_ess
0.08959537572254335,0.01581813467023943,0.08108108108108109,0.75,0.20024519820187986,0.01036789297658863,0.06120401337792643,0.5377036605197754,0.8887614678899083,0.13177257525083613,1.0341207349081365,YHR073W,non_ess,non_ess
0.0028901734104046237,0.0003457515774915723,0.054054054054054064,2.0,0.015733551287290558,0.0035587188612099642,0.014234875444839857,0.08978679179920007,0.3628318584070797,1.0,1.75625,YPR052C,non_ess,non_ess
0.05491329479768786,0.011064050479730312,0.10810810810810813,1.3333333333333333,0.08336738863914997,0.014913657770800628,0.10047095761381476,0.3088130962444149,1.0374313186813189,0.2802197802197802,1.0625,YGR263C,non_ess,non_ess
0.06647398843930635,0.020658656755121445,0.13513513513513514,1.6666666666666667,0.04331834899877402,0.033527696793002916,0.34839650145772594,0.8763809175175515,1.048579970104634,0.15014577259475215,0.8174603174603173,YBR035C,non_ess,non_ess
0.02890173410404624,0.004149018929898867,0.10810810810810813,0.5,0.08091540662035146,0.008077544426494346,0.03877221324717287,0.2672543838063957,1.08719646799117,0.388529886914378,1.0548245614035088,YDR465C,non_ess,non_ess
0.026011560693641616,0.00509983576800069,0.10810810810810813,2.0,0.13240702901512055,0.004513540621865597,0.029588766298896688,0.1545370055119487,0.93302752293578,0.4608826479438315,1.008781558726674,YDR194C,non_ess,non_ess
0.01445086705202312,0.0008643789437289308,0.0,0.0,0.06763383735185942,0.004793863854266539,0.009587727708533078,0.09236918466217547,0.1854304635761589,0.5043144774688398,3.393548387096774,YMR146C,ess,ess
0.017341040462427744,0.002160947359322327,0.054054054054054064,1.0,0.07921264132951915,0.00494641384995878,0.020610057708161586,0.11776674676816755,0.524822695035461,0.4806265457543281,1.1613545816733069,YGR214W,non_ess,non_ess
0.04335260115606936,0.015991010458985218,0.08108108108108109,1.0,0.09337964854924398,0.01055594651653765,0.1301900070372977,0.7597153804050355,0.9126984126984126,0.22026741731175228,0.4038709677419355,YLR034C,non_ess,non_ess
0.049132947976878616,0.0075200968104416985,0.10810810810810813,8.0,0.09337964854924398,0.011963406052076004,0.061224489795918366,0.3690665791854724,0.6512710347296812,0.2807881773399015,1.123943661971831,YIL039W,non_ess,non_ess
0.04046242774566474,0.008557351542916414,0.2432432432432433,1.0,0.08091540662035146,0.011308562197092085,0.07996768982229402,0.4782579429186861,2.284722222222222,0.3844911147011309,0.5714285714285714,YOR201C,non_ess,non_ess
0.0028901734104046237,8.643789437289306e-05,0.0,1.0,0.0588475684511647,0.0010940919037199122,0.0010940919037199122,0.0180819274840592,0.7258064516129031,0.9332603938730852,1.0556930693069306,YJR007W,ess,ess
0.19942196531791906,0.03578528827037773,0.10810810810810813,1.3333333333333333,0.2985288107887209,0.015565080081209113,0.09339048048725468,0.4028390963874835,0.9452947845804988,0.059778930746672676,0.8520900321543408,YGR281W,non_ess,non_ess
0.05491329479768786,0.01184199152908635,0.0,0.0,0.2987331426236208,0.004283137962128043,0.030883678990081164,0.12202572643123975,0.5346320346320346,0.29598737601442743,1.3894179894179894,YJL095W,non_ess,non_ess
0.05491329479768786,0.01149623995159478,0.3783783783783784,1.2727272727272727,0.049243972210870464,0.02457956015523933,0.17205692108667528,0.3624691209456095,0.4994208322195493,0.18628719275549807,1.2307692307692308,YIL064W,non_ess,non_ess
0.0028901734104046237,0.0009508168381018238,0.027027027027027032,0.3333333333333333,0.025745811197384557,0.002336448598130841,0.02570093457943925,0.0624582777036048,0.3829365079365079,1.0,1.0,YNL113W,ess,ess
0.011560693641618495,0.0007779410493560378,0.0,1.0,0.03698406211687781,0.006745362563237775,0.01517706576728499,0.15179601617872673,0.2293233082706767,0.8026981450252951,3.2162162162162162,YGL247W,ess,ess
0.01445086705202312,0.00224738525369522,0.054054054054054064,1.0,0.12280343277482632,0.0026983270372369127,0.01403130059363195,0.08982530004950649,0.640495867768595,0.4867781975175392,1.1053921568627452,YNL121C,non_ess,non_ess
0.05491329479768786,0.006915031549831446,0.13513513513513514,1.0,0.13015937883122192,0.009688934217236104,0.0407955124936257,0.35661528844730306,1.2911827956989248,0.3906170321264661,1.6402569593147749,YBR215W,non_ess,non_ess
0.03757225433526011,0.007174345232950125,0.13513513513513514,2.5,0.1040049039640376,0.008243500317057704,0.05263157894736842,0.2474881984076657,0.4858585858585858,0.2733037412809131,1.4318936877076411,YML096W,non_ess,non_ess
0.05202312138728323,0.01184199152908635,0.08108108108108109,6.0,0.10911319983653454,0.010895883777239709,0.08292978208232446,0.3557335805084745,1.4238281249999998,0.20823244552058112,1.1821305841924399,YMR171C,non_ess,non_ess
0.05202312138728323,0.012274181000950816,0.0,1.0,0.1409889660809154,0.008490566037735849,0.0669811320754717,0.368500734380296,0.7826086956521741,0.21839622641509435,1.2152230971128608,YNL021W,non_ess,non_ess
0.03468208092485549,0.01521306940962918,0.08108108108108109,1.0,0.044748671843073164,0.016973125884016973,0.2489391796322489,0.5273792685390988,0.7063492063492063,0.7949080622347949,1.0126126126126127,YGL198W,non_ess,non_ess
0.017341040462427744,0.002160947359322327,0.0,0.0,0.08745402533714754,0.004497751124437782,0.018740629685157426,0.2190840063839048,0.6221198156682027,0.4152923538230884,2.3776824034334765,YHR190W,ess,ess
0.06358381502890173,0.013743625205290001,0.10810810810810813,4.0,0.07294646505925624,0.019625334522747548,0.14183764495985726,0.8452459744221134,1.1975806451612905,0.1471900089206066,0.7081545064377682,YNL288W,non_ess,non_ess
0.06936416184971098,0.01149623995159478,0.0,1.0,0.29628116060482224,0.005454545454545455,0.030227272727272724,0.1941218005295675,0.4803270311701584,0.2134090909090909,1.4401840490797544,YLL021W,non_ess,non_ess
0.023121387283236997,0.005445587345492263,0.054054054054054064,0.3333333333333333,0.06048222313036373,0.008528784648187633,0.06716417910447761,0.3948071577015465,1.1518987341772151,0.2974413646055437,0.9522184300341298,YDL236W,non_ess,non_ess
0.017341040462427744,0.0012965684155933962,0.027027027027027032,0.3333333333333333,0.05006129955046997,0.007643312101910828,0.01910828025477707,0.19302396117682746,0.4421768707482993,0.3821656050955414,1.875,YOR157C,ess,ess
0.04624277456647399,0.01236061889532371,0.0,1.0,0.1898242746219861,0.005639760310186817,0.050405357772294684,0.24708742086253546,0.6504799548277809,0.6207261191399366,3.432748538011696,YIL075C,ess,ess
0.0722543352601156,0.012533494684069495,0.0,0.0,0.2478545157335513,0.006776904310111141,0.03930604499864462,0.20982586583020307,0.8441558441558442,0.2149634047167254,1.7941176470588236,YNL257C,non_ess,non_ess
0.09826589595375723,0.02005359149451119,0.10810810810810813,2.0,0.1401716387413159,0.016129032258064516,0.11005692599620494,0.6518518518518519,1.2105137395459975,0.15607210626185958,0.5116640746500777,YDR221W,non_ess,non_ess
0.0722543352601156,0.027919439882444462,0.4594594594594595,2.833333333333333,0.2529628116060482,0.006641870350690754,0.08581296493092455,0.12794339728172716,0.8120300751879698,0.17800212539851226,0.9824046920821116,YOR330C,non_ess,non_ess
0.10404624277456646,0.033624340911055414,0.054054054054054064,0.5,0.23641193297915816,0.01022436807725078,0.11047997727918203,0.18913695527185329,0.7498257839721256,0.20619142289122408,1.1255813953488372,YGL006W,non_ess,non_ess
0.0953757225433526,0.021868787276341943,0.08108108108108109,0.75,0.16407846342460156,0.013420089467263115,0.10288735258235054,0.276252103118596,1.3431372549019611,0.1329808865392436,0.5978062157221207,YJL102W,non_ess,non_ess
0.02890173410404624,0.005359149451119371,0.027027027027027032,0.5,0.07110747854515734,0.009140767824497258,0.056672760511883,0.3847796207582167,1.015262110152621,0.16087751371115175,0.567741935483871,YIR026C,non_ess,non_ess
0.04624277456647399,0.00786584838793327,0.054054054054054064,4.0,0.0651818553330609,0.015888778550148957,0.0903674280039722,0.4956462656143835,0.7043062200956939,0.29096325719960275,1.890322580645161,YDL230W,non_ess,non_ess
0.0028901734104046237,0.00017287578874578615,0.0,0.0,0.07580711074785453,0.0008598452278589854,0.0017196904557179708,0.055443481711753416,0.17307692307692307,0.9974204643164232,2.3293172690763053,YDR161W,non_ess,ess
0.09248554913294796,0.023943296741291385,0.054054054054054064,2.0,0.2642010625255415,0.00814456604734029,0.07050139984728937,0.28721777360107725,0.5032478632478633,0.25146347671163144,1.0797814207650274,YDR217C,non_ess,non_ess
0.017341040462427744,0.002074509464949433,0.054054054054054064,4.0,0.03698406211687781,0.010118043844856659,0.040472175379426635,0.2552552051157898,0.6105610561056106,0.41652613827993257,1.241206030150754,YLR251W,non_ess,non_ess
0.14739884393063582,0.057567637652346786,0.2432432432432433,1.2857142857142858,0.07519411524315489,0.04419410745233969,0.5771230502599654,0.5526774460374979,0.7779767786561266,0.09792027729636048,0.982608695652174,YNR015W,non_ess,non_ess
0.07803468208092486,0.017633330452070186,0.0,0.0,0.16836943195749898,0.01070578905630452,0.08088818398096749,0.33748725501302823,0.8464285714285715,0.14948453608247422,0.9195121951219511,YBL008W,non_ess,non_ess
0.03757225433526011,0.008557351542916414,0.054054054054054064,0.4,0.09705762157744176,0.008813559322033898,0.0671186440677966,0.17373656807355708,0.1895424836601307,0.52,2.8198529411764706,YNL240C,ess,ess
0.005780346820809247,0.0008643789437289308,0.0,0.0,0.035349407437678795,0.0035149384885764497,0.01757469244288225,0.0824748274087524,0.2740331491712707,0.8330404217926186,1.9346938775510203,YPL010W,ess,ess
0.08670520231213873,0.01849770939579912,0.027027027027027032,1.0,0.10890886800163466,0.018192844147968467,0.12977562158884173,0.4123892905517044,0.9078272027373824,0.1722255912674348,1.4489795918367347,YPL179W,non_ess,non_ess
0.008670520231213872,0.0007779410493560378,0.0,1.0,0.08786268900694727,0.002238805970149254,0.006716417910447761,0.05173208033904552,0.6635802469135803,0.942537313432836,2.0570032573289905,YDL084W,ess,ess
0.10693641618497107,0.037341170369089814,0.08108108108108109,1.5,0.13179403351042093,0.018639798488664986,0.217632241813602,0.5071240827948746,0.7716507599858607,0.14105793450881612,1.5469613259668509,YNL279W,non_ess,non_ess
0.01445086705202312,0.0019880715705765406,0.0,1.0,0.05414793624846752,0.005917159763313609,0.0272189349112426,0.2810191004690805,0.3438530381535562,0.6201183431952663,2.911111111111111,YNL032W,non_ess,non_ess
0.03757225433526011,0.004840522084882012,0.08108108108108109,0.5,0.1485492439722109,0.00582698341550874,0.02510085163603765,0.1989677255527362,0.39901157497724016,0.262662483191394,2.056140350877193,YHR178W,non_ess,non_ess
0.008670520231213872,0.0015558820987120756,0.0,0.0,0.18594196975888844,0.001079136690647482,0.006474820143884892,0.02527268507774425,0.08534946236559139,0.3852517985611511,1.9023090586145648,YDR069C,non_ess,ess
0.08670520231213873,0.02627711988935949,0.10810810810810813,0.8,0.1213731099305272,0.016375545851528384,0.16593886462882096,0.3748540792943923,0.9225922592259224,0.1779475982532751,1.0316455696202531,YLR248W,non_ess,non_ess
0.15028901734104044,0.026795747255596854,0.32432432432432434,1.0,0.17306906416019618,0.020069471246622925,0.11964492473948282,0.5417551862939745,0.7748880956428127,0.1883442686221536,1.2642487046632125,YER069W,non_ess,non_ess
0.05202312138728323,0.008643789437289308,0.054054054054054064,0.6666666666666666,0.3036371066612178,0.0039929015084294575,0.02218278615794144,0.13215215960156854,0.4838709677419354,0.18278615794143746,1.3574958813838551,YBL079W,non_ess,non_ess
0.011560693641618495,0.003284639986169937,0.0,0.0,0.07008581937065796,0.003707136237256719,0.03521779425393883,0.15396573888606535,0.3817204301075269,0.8433734939759037,2.6224783861671472,YHR069C,ess,ess
0.0,0.0,0.0,0.0,0.015937883122190438,0.0,0.0,0.0,0.0,1.0,1.6804733727810652,YOR159C,ess,ess
0.008670520231213872,0.003198202091797044,0.0,0.0,0.08888434818144668,0.002214022140221402,0.027306273062730632,0.061877306273062725,0.1434659090909091,0.7232472324723247,4.827586206896552,YMR220W,ess,ess
0.008670520231213872,0.00112369262684761,0.21621621621621626,2.6666666666666665,0.04311401716387413,0.0043923865300146405,0.019033674963396783,0.19718436760896496,0.7038461538461538,0.4963396778916545,1.4125,YLR118C,non_ess,non_ess
0.005780346820809247,0.0013830063099662892,0.0,0.0,0.041683694319574985,0.0030211480362537764,0.024169184290030208,0.11075835936299863,0.1963276836158192,0.8746223564954683,0.8746223564954683,YPR113W,ess,ess
0.023121387283236997,0.0037168294580344026,0.0,1.0,0.08888434818144668,0.005904059040590407,0.03173431734317343,0.12120573153783484,0.4415584415584416,0.2841328413284133,1.0906515580736542,YKL106W,non_ess,non_ess
0.011560693641618495,0.001210130521220503,0.0,1.0,0.08295872496935024,0.003154574132492113,0.011041009463722398,0.1276522190052288,0.2908324552160169,0.8619873817034699,1.6998444790046656,YDL150W,ess,ess
0.0028901734104046237,0.00017287578874578615,0.0,0.0,0.0696771557008582,0.0009319664492078283,0.001863932898415657,0.024464119291705496,0.20988805970149246,1.0,2.3950892857142856,YER127W,ess,ess
0.02023121387283237,0.001901633676203648,0.027027027027027032,2.0,0.07376379239885575,0.00617828773168579,0.019417475728155338,0.20347160929685204,0.6825000000000001,0.235657546337158,1.1973094170403589,YIL110W,non_ess,non_ess
0.026011560693641616,0.004840522084882012,0.0,1.0,0.14834491213731102,0.004039497307001795,0.0251346499102334,0.1584698368313182,0.3185840707964602,0.4771095152603232,3.2808641975308643,YKR024C,non_ess,non_ess
0.04335260115606936,0.005359149451119371,0.054054054054054064,4.0,0.2088271352676747,0.004813863928112966,0.01989730423620026,0.1406388861459465,0.5653846153846155,0.33697047496790755,2.2245762711864407,YPL009C,non_ess,non_ess
0.04335260115606936,0.009681044169764024,0.10810810810810813,1.0,0.07825909276665305,0.012510425354462052,0.09341117597998333,0.31237988178554593,1.1130434782608696,0.3728106755629692,2.456043956043956,YMR201C,non_ess,non_ess
0.0028901734104046237,0.00017287578874578615,0.0,0.0,0.10993052717613404,0.0006009615384615385,0.001201923076923077,0.01797537076271187,0.050847457627118654,1.0,6.140221402214023,YHR019C,ess,ess
0.060693641618497114,0.016423199930849685,0.2432432432432433,0.9,0.04311401716387413,0.030746705710102486,0.2781844802342606,0.6380673499267936,0.7208333333333334,0.2445095168374817,1.1517241379310346,YEL038W,non_ess,non_ess
0.2890173410404624,0.04978822715878641,0.0,0.0,0.5662035145075603,0.011957431543704412,0.06887480569173741,0.4001140555008784,0.9068825910931176,0.0883654191079756,1.0095628415300546,YBL088C,non_ess,non_ess
0.09248554913294796,0.035871726164750616,0.13513513513513514,1.25,0.0939926440539436,0.02237762237762237,0.2902097902097902,0.4866603428117624,1.1058216231717808,0.2125874125874126,1.2408163265306122,YOL125W,non_ess,non_ess
0.12427745664739885,0.07727547756936641,0.21621621621621626,1.3333333333333333,0.037188393951777685,0.07214765100671143,1.5,1.5249127516778525,1.45856,0.16610738255033558,0.5657142857142857,YGR268C,non_ess,non_ess
0.06936416184971098,0.009421730486645344,0.1891891891891892,1.4,0.19493257049448307,0.008241758241758242,0.03743131868131868,0.4451312576312577,1.3066666666666666,0.2554945054945055,1.7971014492753623,YIR023W,non_ess,non_ess
0.0,0.0,0.0,0.0,0.012464241928892523,0.0,0.0,0.0,0.0,1.0,2.377551020408163,YFL017W-A,ess,ess
0.09826589595375723,0.021263722015731696,0.0,1.0,0.085002043318349,0.02619414483821264,0.18952234206471494,0.8652757797267396,1.5442338072669826,0.18875192604006166,0.8506944444444444,YHR176W,non_ess,non_ess
0.026011560693641616,0.004840522084882012,0.0,0.0,0.07580711074785453,0.007738607050730869,0.04815133276010318,0.17024935511607908,0.4844890510948904,0.26827171109200343,0.9936305732484076,YGL246C,non_ess,non_ess
0.01445086705202312,0.001210130521220503,0.0,0.0,0.034123416428279534,0.009074410163339385,0.02540834845735028,0.4093768905021174,0.4733333333333333,0.411978221415608,1.5234899328859062,YHR148W,ess,ess
0.05491329479768786,0.0087302273316622,0.10810810810810813,4.0,0.05803024111156519,0.02106430155210643,0.11197339246119734,0.637790417429866,1.3852842809364547,0.3203991130820399,0.8865030674846626,YLR146C,non_ess,non_ess
0.008670520231213872,0.0008643789437289308,0.0,0.0,0.11054352268083367,0.0017931858936043035,0.005977286312014346,0.07966868755870549,0.20749838396897224,0.7334130304841602,1.7991202346041058,YPL086C,non_ess,ess
0.031791907514450865,0.005964214711729622,0.0,1.0,0.05680425010216592,0.012443438914027148,0.07805429864253394,0.1891060234962016,1.2110091743119265,0.9751131221719456,1.0,YHL034C,non_ess,non_ess
0.04046242774566474,0.007174345232950125,0.10810810810810813,1.3333333333333333,0.08418471597874949,0.01088646967340591,0.0645412130637636,0.5087992142097078,0.7905701754385963,0.2332814930015552,1.2345679012345678,YER143W,non_ess,non_ess
0.049132947976878616,0.009335292592272452,0.08108108108108109,0.75,0.05803024111156519,0.018847006651884702,0.1197339246119734,0.3185208890514397,0.6572164948453607,0.2771618625277162,1.0460251046025104,YER053C,non_ess,non_ess
0.03757225433526011,0.006482842077966981,0.4324324324324325,1.7777777777777777,0.045361667347772784,0.018156424581005588,0.10474860335195532,0.5337725690227513,7.677536231884058,0.19553072625698328,0.42944785276073616,YOR126C,non_ess,non_ess
0.011560693641618495,0.0006915031549831446,0.027027027027027032,0.5,0.035962402942378416,0.006920415224913495,0.01384083044982699,0.16452602975387565,3.4576271186440684,0.6401384083044983,0.7505070993914809,YNL090W,non_ess,non_ess
0.0028901734104046237,8.643789437289306e-05,0.0,0.0,0.05986922762566409,0.001076426264800861,0.001076426264800861,0.04823789895595403,0.0883468834688347,0.961248654467169,3.0477815699658706,YGR060W,ess,ess
0.05780346820809248,0.010286109430374276,0.0,1.0,0.08806702084184717,0.014892032762472078,0.08860759493670886,0.32378588566228184,0.95,0.2122114668652271,0.9827586206896552,YKL027W,non_ess,non_ess
0.01445086705202312,0.002333823148068113,0.0,1.0,0.07989374744585206,0.004088307440719542,0.022076860179885527,0.11451564315531265,0.6710526315789472,0.5306623058053965,1.8703170028818443,YNL181W,ess,ess
0.06358381502890173,0.009853919958509809,0.027027027027027032,2.0,0.16162648140580305,0.009079653322327692,0.0470491126702435,0.21774837661855656,0.4249296215201751,0.14238547255468428,1.042296072507553,YJL141C,non_ess,non_ess
0.0838150289017341,0.02472123779064742,0.027027027027027032,0.5,0.22456068655496528,0.008664475649835673,0.08544965640872422,0.2634468947585171,0.9862612612612612,0.29399462204959664,1.5351014040561624,YHR079C,non_ess,non_ess
0.060693641618497114,0.011755553634713456,0.054054054054054064,0.5,0.11360850020433184,0.012223515715948778,0.07916181606519207,0.3094512838762992,1.1392868028040233,0.2665890570430733,1.8174603174603177,YBR180W,non_ess,non_ess
0.05202312138728323,0.013570749416544212,0.0,1.0,0.2505108295872497,0.004828326180257511,0.0421137339055794,0.3616378880127758,0.5994832041343671,0.26126609442060084,1.371830985915493,YDR097C,non_ess,non_ess
0.09248554913294796,0.04589852191200623,0.2702702702702703,3.333333333333333,0.12791172864732325,0.016597510373443983,0.2754149377593361,0.2916979775868265,0.5354330708661418,0.12655601659751034,0.8271186440677966,YNR019W,non_ess,non_ess
0.04046242774566474,0.005013397873627798,0.0,0.0,0.1440539436044136,0.006466512702078522,0.02678983833718245,0.20528088730674746,0.3872611464968152,0.27528868360277137,1.5851063829787235,YIL091C,ess,ess
0.04335260115606936,0.01037254732474717,0.08108108108108109,1.5,0.08663669799754803,0.0113464447806354,0.0907715582450832,0.1940203066269476,0.7538659793814434,0.2579425113464448,1.375,YGL164C,non_ess,non_ess
0.0838150289017341,0.021868787276341943,0.027027027027027032,1.0,0.18083367388639152,0.010720887245841035,0.0935304990757856,0.4631678549423466,0.8822751322751321,0.12532347504621072,0.6197440585009141,YDL154W,non_ess,non_ess
0.1329479768786127,0.03604460195349641,0.054054054054054064,0.4,0.2923988557417245,0.010591756850103615,0.09601657840202624,0.2315515492466909,0.9361325611325612,0.09716785632051578,0.3981132075471697,YJR092W,non_ess,non_ess
0.026011560693641616,0.010026795747255596,0.027027027027027032,0.2,0.04352268083367389,0.013062409288824385,0.1683599419448476,0.39289678135405104,0.8999999999999999,0.2075471698113208,0.5958333333333333,YDR486C,non_ess,non_ess
0.02890173410404624,0.0019880715705765406,0.0,0.0,0.1894156109521864,0.0035323207347227135,0.008124337689862239,0.12538705765945535,0.4473684210526316,0.4874602613917344,2.664092664092664,YLR129W,ess,ess
0.07514450867052022,0.010286109430374276,0.10810810810810813,0.8,0.2893338782182264,0.00604932526756631,0.02768729641693811,0.1262004476057524,0.5523809523809524,0.1742671009771987,1.1684867394695788,YPR189W,non_ess,non_ess
0.04335260115606936,0.0087302273316622,0.0,0.0,0.19288925214548427,0.005204718945176961,0.03504510756419153,0.10918080878178034,0.2781100478468899,0.3764746703678001,1.6821705426356592,YGL238W,ess,ess
0.008670520231213872,0.0013830063099662892,0.0,0.0,0.14630159378831226,0.001364877161055505,0.007279344858962694,0.04575412537195977,0.12324324324324325,0.9631483166515014,4.6940133037694025,YMR277W,ess,ess
0.1184971098265896,0.02826519145993604,0.08108108108108109,0.75,0.2037188393951778,0.013482407102926669,0.107530417625781,0.3851009385146296,0.9739463601532568,0.26274251890825384,1.604417670682731,YPL183C,non_ess,non_ess
0.11271676300578035,0.018670585184544904,0.054054054054054064,1.0,0.2159787494891704,0.012108040981061784,0.06705991927972679,0.3518351038699837,0.7850241545893721,0.17044396150263896,1.6840490797546013,YFL034W,non_ess,non_ess
0.08092485549132948,0.01581813467023943,0.0,1.0,0.19677155700858195,0.009527050017012591,0.06226607689690373,0.40966315073154136,1.064788732394366,0.20347056822048315,0.7899603698811095,YKL015W,non_ess,non_ess
0.0838150289017341,0.014435128360273143,0.027027027027027032,2.0,0.08398038414384963,0.02260327357755261,0.13016367887763056,0.9996297739672642,0.6486842105263158,1.0,6.320197044334973,YLL010C,non_ess,non_ess
0.011560693641618495,0.001210130521220503,0.08108108108108109,0.5,0.05292194523906825,0.004836759371221282,0.016928657799274487,0.07693979864951156,0.4847512038523274,0.3603385731559855,1.6021505376344083,YOR278W,ess,non_ess
0.04335260115606936,0.00449477050739044,0.0,1.0,0.13874131589701674,0.007187350263536177,0.024916147580258743,0.3443467586934636,0.50561797752809,0.4916147580258745,2.0685483870967745,YLR188W,non_ess,non_ess
0.049132947976878616,0.007174345232950125,0.0,1.0,0.08030241111565183,0.013832384052074858,0.06753458096013018,0.29598272882231713,0.6256082725060828,0.2001627339300244,0.5885167464114832,YNL064C,non_ess,non_ess
0.06358381502890173,0.014435128360273143,0.054054054054054064,1.0,0.10890886800163466,0.013341419041843541,0.1012734990903578,0.4141176470588235,0.655925925925926,0.2838083687083081,1.1555555555555557,YDR242W,non_ess,non_ess
0.06358381502890173,0.014435128360273143,0.21621621621621626,0.8888888888888888,0.06579485083776053,0.021653543307086614,0.1643700787401575,0.6898041590954976,0.8517948717948718,0.15059055118110234,1.033783783783784,YER156C,non_ess,non_ess
0.02023121387283237,0.0013830063099662892,0.08108108108108109,0.6,0.05169595422966899,0.00865265760197775,0.019777503090234856,0.207731646428658,0.3825980392156864,0.3201483312731768,0.8144654088050315,YHR134W,non_ess,non_ess
0.0028901734104046237,0.00017287578874578615,0.0,0.0,0.029219452390682476,0.0020876826722338203,0.0041753653444676405,0.0804521615153521,0.06585365853658535,0.534446764091858,2.6391752577319587,YFL017C,ess,ess
0.07803468208092486,0.02852450514305472,0.16216216216216214,1.5,0.05782590927666531,0.030033370411568405,0.3670745272525028,0.5873571645262412,1.0355113636363635,0.1868743047830924,1.0,YER175C,non_ess,non_ess
0.011560693641618495,0.0015558820987120756,0.0,0.0,0.07723743359215368,0.0033783783783783786,0.015202702702702704,0.11413812067881834,0.2713178294573643,0.4831081081081081,1.5253333333333334,YGR185C,ess,ess
0.1184971098265896,0.02532630305125767,0.0,0.0,0.08622803432774828,0.031155015197568383,0.22264437689969604,0.6725186039199246,0.6988636363636365,0.25835866261398177,1.7525773195876289,YLR085C,non_ess,non_ess
0.008670520231213872,0.0006915031549831446,0.0,0.0,0.051287290559869234,0.003735990037359901,0.0099626400996264,0.19122521314302132,0.2934065934065934,0.5790784557907845,3.369565217391304,YPR183W,ess,ess
0.04046242774566474,0.0036303915636615096,0.08108108108108109,0.6,0.11626481405803026,0.00796812749003984,0.023904382470119518,0.2584239313930718,0.5317011927181419,0.16277746158224246,1.3619047619047622,YHR108W,non_ess,non_ess
0.0028901734104046237,0.0010372547324747168,0.027027027027027032,0.2,0.03466830132134587,0.0017889087656529515,0.02146690518783542,0.03586762075134168,0.07430555555555554,0.627906976744186,1.398406374501992,YIL004C,ess,ess
0.005780346820809247,0.00224738525369522,0.0,1.0,0.046791990192071926,0.0027137042062415195,0.035278154681139755,0.1502289687924016,0.2743055555555555,0.38670284938941657,1.0674157303370786,YML064C,ess,ess
0.011560693641618495,0.0014694442043391822,0.0,0.0,0.0995096035962403,0.0026472534745201853,0.011250827266710787,0.07818354622492697,0.4473684210526315,1.0,3.299126637554585,YGL065C,ess,ess
0.05780346820809248,0.01901633676203648,0.16216216216216214,1.2,0.06640784634246016,0.01951219512195122,0.2146341463414634,0.7604181184668989,1.2952380952380949,0.2790243902439025,1.906666666666667,YDR411C,non_ess,non_ess
0.01445086705202312,0.00112369262684761,0.0,0.0,0.05087862689006948,0.006273525721455458,0.01631116687578419,0.25115735733137196,0.351213282247765,0.5959849435382685,2.4111675126903562,YDL111C,ess,ess
0.05202312138728323,0.00959460627539113,0.1891891891891892,1.1666666666666667,0.05986922762566409,0.0193756727664155,0.11948331539289556,0.7126415027383811,0.9890109890109888,0.20990312163616792,0.9558823529411764,YOR292C,non_ess,non_ess
0.008670520231213872,0.00112369262684761,0.027027027027027032,0.2,0.06559051900286066,0.002961500493583416,0.012833168805528134,0.07611615042187413,0.17886792452830189,0.6159921026653504,3.073891625615764,YGL225W,ess,ess
0.05491329479768786,0.008643789437289308,0.10810810810810813,0.5,0.1338373518594197,0.009429280397022332,0.04962779156327544,0.1988626964433416,0.4473684210526317,0.4739454094292804,2.210648148148148,YLR330W,non_ess,non_ess
0.011560693641618495,0.0005186273662373584,0.0,1.0,0.08030241111565183,0.0032546786004882017,0.004882017900732303,0.07123573470196741,0.6820512820512821,0.6305939788445891,1.5625,YIR008C,ess,ess
0.08959537572254335,0.018065519923934653,0.1891891891891892,1.1666666666666667,0.11442582754393135,0.017919075144508672,0.12080924855491328,0.6123106753493818,1.1518987341772151,0.17976878612716762,0.9120234604105568,YJL172W,non_ess,non_ess
0.02023121387283237,0.002160947359322327,0.027027027027027032,0.25,0.02472415202288517,0.01694915254237288,0.060532687651331726,0.3875119923249121,0.9764150943396228,0.7602905569007264,0.7602905569007264,YGR183C,non_ess,non_ess
0.017341040462427744,0.003284639986169937,0.08108108108108109,1.5,0.040934477591608766,0.009216589861751152,0.05837173579109064,0.6718289642668278,0.397913561847988,0.4423963133640553,1.8227848101265824,YML036W,non_ess,non_ess
0.07803468208092486,0.02204166306508773,0.0,1.0,0.28994687372292605,0.006268864638959833,0.05920594381239842,0.2115040077069956,0.599680170575693,0.1478987694450894,1.1906542056074767,YLR419W,non_ess,non_ess
0.04624277456647399,0.007174345232950125,0.1891891891891892,7.0,0.1375153248876175,0.007733204446592556,0.04011599806669889,0.20942142546782472,1.2282828282828284,0.5659739004349927,0.993214588634436,YDR332W,non_ess,non_ess
0.11560693641618495,0.05739476186360099,0.1891891891891892,1.1666666666666667,0.13322435635472007,0.019940179461615155,0.3310069790628116,0.5633909083560129,0.8648648648648649,0.1625124626121635,1.1642857142857144,YLR401C,non_ess,non_ess
0.0722543352601156,0.01737401676895151,0.08108108108108109,0.6,0.11115651818553332,0.014863258026159334,0.11950059453032105,0.4994054696789537,0.537878787878788,0.11117717003567182,0.11117717003567182,YMR136W,non_ess,non_ess
0.04624277456647399,0.010113233641628491,0.054054054054054064,2.0,0.13240702901512055,0.00802407221664995,0.05867602808425276,0.1268552739931858,0.46544376505466,0.5416248746238717,1.139240506329114,YMR008C,non_ess,non_ess
0.008670520231213872,0.0029388884086783643,0.0,1.0,0.1493665713118104,0.0013374944271065535,0.015158270173874276,0.06920550208491777,0.28676470588235303,0.7168970129291128,3.2419354838709684,YPR024W,non_ess,ess
0.011560693641618495,0.0008643789437289308,0.10810810810810813,0.6666666666666666,0.05217272851110204,0.004901960784313725,0.012254901960784314,0.12780807687313336,0.6993377483443708,0.6127450980392157,1.020408163265306,YIL069C,non_ess,non_ess
0.008670520231213872,0.003111764197424151,0.0,1.0,0.02656313853698406,0.006818181818181818,0.08181818181818183,0.12421875,0.51875,0.4863636363636364,1.222857142857143,YOR224C,ess,non_ess
0.031791907514450865,0.006137090500475408,0.08108108108108109,1.0,0.039844707805476096,0.01732283464566929,0.11181102362204724,0.4584289915567783,0.3992469879518072,0.2787401574803149,1.4508196721311477,YER183C,non_ess,non_ess
0.0,0.0,0.0,1.0,0.16571311810380054,0.0,0.0,0.0,0.0,1.0,2.515704154002026,YJL087C,ess,ess
0.08670520231213873,0.04754084190509119,0.08108108108108109,0.75,0.10073559460563956,0.01962066710268149,0.3597122302158273,0.3582770717025695,0.8150470219435736,0.20340091563113147,1.0,YLR345W,non_ess,non_ess
0.10404624277456646,0.02204166306508773,0.027027027027027032,0.3333333333333333,0.2480588475684512,0.009750812567713976,0.06906825568797399,0.2194778273912036,0.8125516102394714,0.3315276273022752,2.4094488188976366,YMR304W,non_ess,non_ess
0.005780346820809247,0.0002593136831186792,0.0,1.0,0.08847568451164692,0.0014825796886582653,0.002223869532987398,0.03156365091131585,0.1994047619047619,0.9103039288361752,1.3970420932878271,YBR110W,ess,ess
0.04046242774566474,0.005013397873627798,0.08108108108108109,3.0,0.24969350224765025,0.003767491926803014,0.015608180839612488,0.14709778918605615,0.811965811965812,0.3821313240043057,1.4884696016771493,YNL273W,non_ess,non_ess
0.017341040462427744,0.0028524505143054713,0.0,0.0,0.18348998774008995,0.002186588921282799,0.012026239067055394,0.10012494793835901,0.4703296703296703,0.5258746355685131,0.8203524729960204,YML065W,ess,ess
0.026011560693641616,0.00760653470481459,0.0,1.0,0.0406620351450756,0.013910355486862442,0.13601236476043274,0.42662455480142464,0.5765217391304348,0.4173106646058733,1.6666666666666663,YEL024W,non_ess,non_ess
0.02023121387283237,0.003198202091797044,0.0,0.0,0.13690232938291788,0.0033980582524271844,0.017961165048543688,0.12680275495809476,0.21875,0.5364077669902912,1.935201401050788,YLR399C,non_ess,ess
0.031791907514450865,0.0076929725991874845,0.0,0.0,0.12607274213322436,0.005786428195686482,0.04681746449237244,0.13608691189489486,0.30691056910569103,0.463440294581799,2.5462427745664744,YDR456W,non_ess,non_ess
0.04624277456647399,0.01797908202956176,0.16216216216216214,1.0,0.07764609726195341,0.013445378151260505,0.17478991596638654,0.4089326338270115,2.5382794001578532,0.2042016806722689,0.648,YJL171C,non_ess,non_ess
0.049132947976878616,0.006569279972339874,0.0,0.0,0.1937065794850838,0.005874222529371113,0.02626123013130615,0.13223385715573452,0.5235507246376813,1.0,1.0,YBR079C,ess,ess
0.04335260115606936,0.0075200968104416985,0.10810810810810813,0.8,0.0651818553330609,0.014895729890764648,0.08639523336643495,0.2829711252005194,0.5159023668639053,0.4657398212512413,1.8685258964143427,YLR354C,non_ess,non_ess
0.02023121387283237,0.002420261042441006,0.2702702702702703,1.4285714285714286,0.03759705762157745,0.011627906976744186,0.04651162790697674,0.35017284726587056,1.3432432432432433,0.4003322259136213,0.9060150375939848,YOR367W,non_ess,non_ess
0.10115606936416184,0.029648197769902324,0.10810810810810813,4.0,0.11197384552513284,0.02066115702479339,0.2024793388429752,0.4060901219992129,0.9363799283154122,0.10330578512396696,1.0,YCR065W,non_ess,non_ess
0.02023121387283237,0.005445587345492263,0.027027027027027032,1.0,0.0190028606456886,0.02127659574468085,0.1914893617021277,0.9094900371496116,0.5050505050505051,0.243161094224924,1.0526315789473684,YFL014W,non_ess,non_ess
0.01445086705202312,0.0033710778805428297,0.054054054054054064,0.4,0.07192480588475685,0.004520795660036167,0.0352622061482821,0.08662387968260556,0.3961748633879781,0.6880650994575045,1.2434640522875815,YPR191W,non_ess,non_ess
0.031791907514450865,0.0036303915636615096,0.054054054054054064,1.0,0.1060482223130364,0.006845052893590543,0.02613565650280025,0.1639061980547434,0.4229752463350157,0.1922837585563161,1.02317880794702,YML115C,non_ess,non_ess
0.10404624277456646,0.01633676203647679,0.16216216216216214,1.5,0.10175725378013896,0.023316062176165803,0.12240932642487047,0.898707228235777,0.7321380786727323,0.1949481865284974,0.7777777777777778,YHR048W,non_ess,non_ess
0.01445086705202312,0.003889705246780188,0.027027027027027032,0.3333333333333333,0.1726604004903964,0.0019342359767891683,0.01740812379110251,0.04009405132556283,0.1557492629150109,0.5775628626692456,6.1440329218107,YOR217W,ess,ess
0.04335260115606936,0.013570749416544212,0.2702702702702703,1.4285714285714286,0.07621577441765427,0.012831479897348159,0.1343028229255774,0.5597788223258932,0.9512652296157452,0.17621899059024804,0.5936599423631124,YNL035C,non_ess,non_ess
0.026011560693641616,0.007779410493560376,0.054054054054054064,1.0,0.027380465876583573,0.01991150442477876,0.1991150442477876,0.5767325190078525,0.7432778489116519,0.7035398230088495,1.5,YLR218C,non_ess,non_ess
0.011560693641618495,0.002160947359322327,0.0,0.0,0.12525541479362487,0.002117522498676549,0.013234515616728428,0.2859278173948245,0.19281045751633988,0.8729486500794071,4.864306784660768,YML046W,ess,ess
0.02890173410404624,0.005359149451119371,0.08108108108108109,3.0,0.12157744176542705,0.005449591280653951,0.033787465940054495,0.1796185286103542,0.676923076923077,0.4310626702997275,0.7886340977068794,YKR084C,non_ess,non_ess
0.026011560693641616,0.006915031549831446,0.13513513513513514,2.5,0.10155292194523907,0.005840363400389357,0.05191434133679429,0.17677782877763884,0.9878048780487804,0.3283582089552239,0.933579335793358,YDL101C,non_ess,non_ess
0.03757225433526011,0.007347221021695911,0.0,0.0,0.17061708214139765,0.005088062622309198,0.033268101761252444,0.14368768972371607,0.3733209819360816,0.6857142857142857,2.720496894409938,YOR373W,ess,ess
0.060693641618497114,0.009853919958509809,0.027027027027027032,2.0,0.12382509194932573,0.011241970021413276,0.06102783725910065,0.30436592909826315,0.7555555555555556,0.16970021413276232,1.5095238095238095,YOR137C,non_ess,non_ess
0.023121387283236997,0.003889705246780188,0.0,1.0,0.03575807110747855,0.01391304347826087,0.0782608695652174,0.2951686488594268,0.642152466367713,0.3130434782608696,0.9137055837563454,YDR253C,non_ess,non_ess
0.0953757225433526,0.022128100959460627,0.0,1.0,0.1979975480179812,0.011159959418329387,0.08657423063916131,0.2514197754014437,1.0258620689655171,0.16266486303686167,1.0169133192389006,YLR138W,non_ess,non_ess
0.026011560693641616,0.003111764197424151,0.0,0.0,0.09746628524724152,0.006076975016880486,0.024307900067521943,0.18261975287953985,0.5192909280500522,0.5482781904118839,1.2265861027190332,YNL119W,non_ess,non_ess
0.049132947976878616,0.007174345232950125,0.027027027027027032,2.0,0.05986922762566409,0.01829924650161464,0.08934337997847147,0.6009003801958778,0.9556650246305418,0.1377825618945102,0.8152866242038216,YOR065W,non_ess,non_ess
0.0028901734104046237,0.00112369262684761,0.0,0.0,0.210053126277074,0.0003190810465858328,0.004148053605615825,0.006913919687002368,0.024182242990654204,0.9901084875558392,7.3880952380952385,YLR249W,ess,ess
0.03757225433526011,0.008903103120407986,0.027027027027027032,0.5,0.04624710529900559,0.01783264746227709,0.1412894375857339,0.5648218134990622,2.0119047619047623,0.3909465020576132,1.2895927601809956,YDR092W,non_ess,non_ess
0.017341040462427744,0.00112369262684761,0.0,0.0,0.07703310175725378,0.005080440304826418,0.01100762066045724,0.11740488773394844,0.19517241379310346,0.7349703640982218,4.903954802259887,YOR176W,ess,ess
0.09826589595375723,0.048923848215057485,0.08108108108108109,3.0,0.12096444626072746,0.018619934282584884,0.3099671412924425,0.4256565762852921,0.6121198191986515,0.13362541073384446,0.13362541073384446,YDR506C,non_ess,non_ess
0.02023121387283237,0.005532025239865157,0.054054054054054064,2.0,0.04577033101757255,0.00969529085872576,0.0886426592797784,0.26642397244890315,1.0945945945945943,0.278393351800554,0.943661971830986,YNL129W,non_ess,non_ess
0.11560693641618495,0.025066989368138996,0.027027027027027032,0.5,0.2331426236207601,0.01151742009789807,0.08350129570976103,0.3098385730382521,0.949851585689736,0.1206449755254823,0.8396793587174348,YJL020C,non_ess,non_ess
0.02890173410404624,0.006828593655458553,0.054054054054054064,1.0,0.0778504290968533,0.008382229673093045,0.06621961441743504,0.25246609637898776,2.1456953642384105,0.4677284157585918,0.5406976744186047,YHR201C,non_ess,non_ess
0.04624277456647399,0.007952286282306162,0.054054054054054064,2.0,0.1013485901103392,0.010403120936280884,0.059817945383615075,0.34754375357193146,1.8547770700636943,0.3101430429128739,0.7395348837209302,YGR059W,non_ess,non_ess
0.049132947976878616,0.00898954101478088,0.10810810810810813,4.0,0.04515733551287291,0.02384291725105189,0.1458625525946704,0.5542579658460606,1.8366834170854267,0.26227208976157085,0.8423423423423424,YDR533C,non_ess,non_ess
0.0,0.0,0.0,0.0,0.06763383735185942,0.0,0.0,0.0,0.0,1.0,1.5007194244604318,YJR141W,ess,ess
0.005780346820809247,0.0004321894718644654,0.027027027027027032,2.0,0.06272987331426237,0.0020597322348094747,0.005149330587023686,0.05890985087689515,1.4725274725274722,0.611740473738414,1.1511627906976745,YHR010W,non_ess,non_ess
0.10693641618497107,0.01754689255769729,0.16216216216216214,2.0,0.19064160196158564,0.012987012987012988,0.07125307125307126,0.19418542412034825,0.8052783803326105,0.14917514917514918,0.9725400457665904,YMR019W,non_ess,non_ess
0.011560693641618495,0.0018151957818307548,0.0,0.0,0.08663669799754803,0.003025718608169441,0.01588502269288956,0.088097312000489,0.263973063973064,0.8003025718608171,4.6200873362445405,YDR449C,ess,ess
0.0,0.0,0.0,0.0,0.05905190028606457,0.0,0.0,0.0,0.0,1.0,4.187214611872147,YGR277C,ess,ess
0.03468208092485549,0.006396404183594088,0.16216216216216214,3.0,0.033714752758479766,0.02201834862385321,0.13577981651376148,0.42012951969778745,0.8161764705882354,0.1963302752293578,0.981651376146789,YGL242C,non_ess,non_ess
0.12716763005780346,0.053591494511193716,0.0,1.0,0.2466285247241521,0.011985834922364479,0.1688913102696813,0.3377185251654462,0.8337595907928389,0.3108144919640425,1.5152722443559097,YPL110C,non_ess,non_ess
0.04046242774566474,0.019275650445155158,0.0,0.0,0.11728647323252965,0.007900677200902935,0.12584650112866816,0.32121190744921,1.1875000000000002,0.6918735891647856,1.9096573208722745,YMR213W,ess,ess
0.02890173410404624,0.0045812084017633325,0.0,0.0,0.10012259910093993,0.006578947368421052,0.034868421052631576,0.2767586032388664,0.7988165680473371,0.2276315789473685,0.9942528735632185,YDR168W,ess,ess
0.008670520231213872,0.0006050652606102515,0.0,0.0,0.05394360441356764,0.003562945368171021,0.00831353919239905,0.07361878026961162,0.35064935064935066,0.8456057007125891,1.4771784232365146,YJL203W,ess,ess
0.011560693641618495,0.0016423199930849686,0.0,0.0,0.04188802615447487,0.006015037593984964,0.028571428571428567,0.18159509202453988,0.35917456776352485,0.849624060150376,3.0053191489361697,YMR077C,non_ess,ess
0.023121387283236997,0.005791338922983836,0.027027027027027032,2.0,0.03889115924261,0.012882447665056359,0.10789049919484699,0.225535291896848,0.9077238550922764,0.3494363929146538,0.7281879194630873,YDL130W,non_ess,non_ess
0.017341040462427744,0.0027660126199325783,0.10810810810810813,0.6666666666666666,0.01675521046178995,0.020270270270270268,0.10810810810810813,0.7910524160524162,1.0303030303030305,0.39864864864864863,0.7023809523809523,YLL018C-A,non_ess,non_ess
0.1329479768786127,0.016941827297087042,0.027027027027027032,0.5,0.26992235390273805,0.011462746075255421,0.04884126588587092,0.457815131126868,1.3486080315348608,0.13256915026164964,0.6333333333333334,YMR129W,non_ess,non_ess
0.03757225433526011,0.011582677845967672,0.10810810810810813,0.8,0.043931344503473635,0.01870503597122302,0.19280575539568345,0.40461946232487694,0.564173591874423,0.3050359712230216,1.3766233766233766,YBR111C,non_ess,non_ess
0.08092485549132948,0.01797908202956176,0.0,0.0,0.2511238250919493,0.007492641156007494,0.055659620016055664,0.25345299602725346,0.4451282051282052,0.4147712068504148,5.8270676691729335,YDR104C,non_ess,non_ess
0.07803468208092486,0.013916500994035784,0.027027027027027032,0.5,0.18144666939109114,0.009948415622697123,0.059322033898305086,0.4256800938275193,0.8873239436619718,0.13006632277081798,0.4923291492329149,YDR409W,non_ess,non_ess
0.026011560693641616,0.005013397873627798,0.027027027027027032,0.1,0.16162648140580305,0.003714403631861329,0.02393726784977301,0.3532783765965772,0.3981331168831169,0.5113495666529096,2.302973977695168,YMR049C,ess,ess
0.01445086705202312,0.0026795747255596854,0.0,0.0,0.07478545157335513,0.004355400696864111,0.02700348432055749,0.08875714623997834,0.332337565347274,0.3841463414634145,1.0327868852459017,YKL113C,non_ess,non_ess
0.21098265895953755,0.06716224392773792,0.054054054054054064,2.0,0.06824683285655905,0.06939163498098859,0.7385931558935361,2.7662281368821287,1.4528780487804878,0.2252851711026616,0.75,YDR214W,non_ess,non_ess
0.06647398843930635,0.011669115740340566,0.054054054054054064,0.5,0.10380057212913772,0.014612452350698857,0.08576874205844981,0.6189350836442509,1.2615003538570415,0.1238881829733164,0.5508474576271186,YHR016C,non_ess,non_ess
0.03757225433526011,0.00561846313423805,0.0,0.0,0.25561912545974663,0.003418353931107021,0.0170917696555351,0.17730853216568154,0.6553245116572148,0.22219300552195634,1.8055555555555558,YMR128W,ess,ess
0.031791907514450865,0.005013397873627798,0.0,1.0,0.06232120964446261,0.011398963730569948,0.06010362694300516,0.4052964881980426,1.7984126984126982,0.23316062176165805,0.4261363636363637,YLR242C,non_ess,non_ess
0.06647398843930635,0.014608004149018932,0.21621621621621626,0.8888888888888888,0.11483449121373113,0.01324884792626728,0.09735023041474654,0.3675706014415692,0.6526495726495726,0.1445852534562212,1.1566820276497696,YLR361C,non_ess,non_ess
0.011560693641618495,0.002506698936813899,0.0,0.0,0.09542296689824276,0.002756719503790489,0.019986216402481046,0.07022943667908975,0.6019417475728156,0.7615437629221227,1.23463687150838,YBR247C,ess,ess
0.05491329479768786,0.011755553634713456,0.08108108108108109,0.6,0.13669799754801798,0.009236752552260571,0.06611570247933883,0.21944984605412413,0.8673913043478261,0.3130772970345163,1.7938718662952648,YGL144C,non_ess,non_ess
0.05491329479768786,0.00898954101478088,0.0,0.0,0.0976706170821414,0.012803234501347708,0.07008086253369272,0.4863095238095238,1.3282407407407406,0.21765498652291104,1.36864406779661,YNL083W,non_ess,non_ess
0.008670520231213872,0.0012965684155933962,0.0,0.0,0.017572537801389457,0.00974025974025974,0.048701298701298704,0.2775166822128148,0.6464088397790055,0.7142857142857143,1.3580246913580247,YGR063C,non_ess,non_ess
0.0028901734104046237,0.0002593136831186792,0.0,0.0,0.06661217817736004,0.0009727626459143967,0.002918287937743191,0.020857433308795168,0.14264264264264262,0.9523346303501944,3.1682847896440127,YNR035C,ess,ess
0.049132947976878616,0.008903103120407986,0.10810810810810813,1.0,0.1076828769922354,0.010423053341508276,0.06315144083384426,0.508450889521592,1.0108805668016194,0.2158185162477008,1.4136546184738956,YJR152W,non_ess,non_ess
0.005780346820809247,0.0002593136831186792,0.0,0.0,0.02697180220678382,0.004484304932735426,0.006726457399103139,0.1713576948764431,0.8014184397163121,0.8071748878923767,2.068965517241379,YBR173C,non_ess,non_ess
0.03468208092485549,0.006655717866712767,0.0,1.0,0.12423375561912547,0.0064034151547492,0.04108858057630736,0.14079197216870645,0.6753246753246753,0.2022411953041622,0.9869791666666666,YGR225W,non_ess,non_ess
0.060693641618497114,0.01581813467023943,0.08108108108108109,3.0,0.105026563138537,0.013190954773869348,0.1149497487437186,0.22373608373358506,0.3507031642390758,0.16457286432160806,1.3232323232323229,YDL178W,non_ess,non_ess
0.10115606936416184,0.016250324142103898,0.0,0.0,0.4530036779730282,0.00522310102969706,0.02805551410237278,0.06879570213400985,0.2372294372294372,0.11222205640949112,2.1734104046242773,YNR016C,ess,ess
0.06647398843930635,0.012014867317832138,0.027027027027027032,0.5,0.1340416836943196,0.011397423191278492,0.0688800792864222,0.4216320630251305,0.8084453880632224,0.2200198216055501,1.4095238095238096,YBR212W,non_ess,non_ess
0.15895953757225434,0.05514737660990578,0.054054054054054064,0.6666666666666666,0.13833265222721702,0.026429601153291685,0.3065833733781836,0.7608859271781986,1.676706827309237,0.08649687650168188,0.5099150141643058,YDR234W,non_ess,non_ess
0.0,0.0,0.0,0.0,0.021250510829587253,0.0,0.0,0.0,0.0,1.0,3.3831775700934577,YOL005C,ess,ess
0.10982658959537572,0.04036649667214107,0.10810810810810813,0.8,0.08071107478545159,0.030769230769230767,0.3781376518218624,0.7624413145539907,0.8109261630388392,0.16356275303643725,1.5303030303030305,YOR303W,non_ess,non_ess
0.08092485549132948,0.014694442043391822,0.027027027027027032,2.0,0.10890886800163466,0.01697998787143723,0.10309278350515463,0.36651361575558056,0.5470085470085471,0.12977562158884173,0.5977653631284916,YJR131W,non_ess,non_ess
0.03468208092485549,0.008038724176679056,0.16216216216216214,1.0,0.06354720065386188,0.012207527975584944,0.09460834181078333,0.2405545435188909,0.8419797257006557,0.16683621566632756,0.5377049180327869,YJR100C,non_ess,non_ess
0.0028901734104046237,0.0005186273662373584,0.054054054054054064,0.6666666666666666,0.008990600735594606,0.005494505494505495,0.03296703296703297,0.1099090564607806,0.22931034482758625,0.7142857142857143,1.3829787234042552,YNL070W,non_ess,non_ess
0.005780346820809247,0.0009508168381018238,0.0,0.0,0.04597466285247242,0.0027586206896551718,0.015172413793103447,0.0537510227936879,0.1860640301318268,0.5296551724137931,2.0104712041884816,YBL041W,ess,ess
0.05780346820809248,0.013830063099662893,0.0,0.0,0.063342868818962,0.020408163265306117,0.16326530612244894,0.4303071744161582,0.8001963672066763,0.2173469387755102,0.7977528089887641,YGR144W,non_ess,non_ess
0.060693641618497114,0.0075200968104416985,0.16216216216216214,2.0,0.0976706170821414,0.014150943396226415,0.05862533692722373,0.3906614373542506,2.752808988764045,1.0,2.5586206896551724,YNL223W,non_ess,non_ess
0.011560693641618495,0.002506698936813899,0.0,0.0,0.11810380057212914,0.002242152466367713,0.016255605381165918,0.06370805628575847,0.4022988505747127,0.5213004484304933,1.28099173553719,YJL069C,ess,ess
0.01445086705202312,0.0017287578874578616,0.054054054054054064,2.0,0.07172047404985697,0.004533091568449683,0.01813236627379873,0.21660294059679136,0.4013377926421405,0.4342701722574796,1.7610294117647058,YMR097C,non_ess,non_ess
0.07803468208092486,0.01832483360705333,0.35135135135135137,3.25,0.08520637515324889,0.0207532667179093,0.16295157571099156,0.4237662381063778,1.03269042170644,0.1398923904688701,0.6319444444444444,YOL124C,non_ess,non_ess
0.008670520231213872,0.0013830063099662892,0.0,0.0,0.06668028878899332,0.002915451895043732,0.015549076773566569,0.11578508954602247,0.2375,0.8620019436345967,3.225454545454545,YIL106W,ess,ess
0.04624277456647399,0.006655717866712767,0.10810810810810813,0.4,0.09337964854924398,0.011259676284306826,0.054187192118226604,0.2443804180091705,0.4230709757229009,0.31175228712174524,2.0228310502283104,YGL012W,non_ess,non_ess
