hits_count,reads_count,hits_count_pro,ratio_hits_prom,orf_len,insertion_index,reads_by_len,NI,NI_ratio,HFI,HFI_ratio,orf,label,predictions
0.06358381502890173,0.016077448353358108,0.1891891891891892,1.4,0.054352268083367385,0.025943396226415096,0.21933962264150944,0.5592811586500133,0.884507042253521,0.17570754716981132,0.8816568047337279,YJR096W,non_ess,non_ess
0.008670520231213872,0.0029388884086783643,0.0,0.0,0.1510012259910094,0.0013233348037053375,0.014997794441993825,0.04654520759219709,0.08633093525179858,0.8817820908689898,5.491758241758242,YDL164C,ess,ess
0.011560693641618495,0.0030253263030512573,0.054054054054054064,4.0,0.04454434000817328,0.005681818181818182,0.04971590909090909,0.1651656189555126,0.4556737588652483,1.0,1.9610027855153205,YAR033W,non_ess,non_ess
0.05491329479768786,0.013052122050306855,0.027027027027027032,1.0,0.07805476093175318,0.01588628762541806,0.1262541806020067,0.4355754240562832,1.2519154152620289,0.4431438127090301,1.4520547945205478,YKL166C,non_ess,non_ess
0.04046242774566474,0.02584493041749503,0.08108108108108109,3.0,0.03357853153521319,0.02578268876611418,0.5506445672191529,0.8429152307495943,1.205940594059406,0.37937384898710863,1.263803680981595,YIL111W,non_ess,non_ess
0.08092485549132948,0.015645258881493648,0.0,0.0,0.17409072333469555,0.010744435917114352,0.06945510360706063,0.3188434316600088,0.754766600920447,0.3453568687643899,0.9493670886075948,YLL005C,non_ess,non_ess
0.02890173410404624,0.006915031549831446,0.16216216216216214,2.0,0.0723334695545566,0.008992805755395683,0.07194244604316546,0.18010115068707974,1.6566757493188011,0.2077338129496403,0.4031413612565445,YGL159W,non_ess,non_ess
0.09248554913294796,0.017719768346443083,0.13513513513513514,0.4545454545454545,0.14262362076011445,0.01492537313432836,0.09561567164179104,0.6887900920927279,1.4457578145521408,0.25279850746268656,1.4648648648648648,YFL047W,non_ess,non_ess
0.04335260115606936,0.01823839571268044,0.027027027027027032,0.5,0.0606865549652636,0.015940488841657812,0.22422954303931988,0.3914894881951205,0.9440559440559442,0.3868225292242296,0.3868225292242296,YGR282C,non_ess,non_ess
0.04335260115606936,0.020831532543867232,0.16216216216216214,1.5,0.026767470371883945,0.033860045146726865,0.5440180586907449,1.2626776460115094,1.7203219315895375,0.4966139954853273,1.0,YJR058C,non_ess,non_ess
0.18208092485549127,0.08202956175987552,0.054054054054054064,4.0,0.08377605230894974,0.04921875,0.74140625,3.516975,1.08,0.14765625,1.5,YAR003W,non_ess,non_ess
0.09826589595375723,0.024202610424410062,0.16216216216216214,3.0,0.07458111973845526,0.029694323144104806,0.2445414847161572,0.8382627168653369,1.3018018018018018,0.14585152838427948,1.0844155844155845,YLL039C,non_ess,non_ess
0.017341040462427744,0.0026795747255596854,0.13513513513513514,2.5,0.05741724560686556,0.006718924972004479,0.03471444568868981,0.11235776469313297,1.2822580645161288,0.6539753639417694,1.348729792147806,YPL173W,non_ess,non_ess
0.04624277456647399,0.003803267352407295,0.0,0.0,0.1781773600326931,0.006001500375093775,0.016504126031507874,0.16225484942664234,0.875,0.20855213803450864,0.5403304178814383,YJL070C,non_ess,non_ess
0.017341040462427744,0.0017287578874578616,0.0,0.0,0.07948508377605233,0.0049301561216105174,0.016433853738701727,0.09952077922856853,0.4434306569343066,0.552999178307313,2.021021021021021,YPR041W,ess,ess
0.008670520231213872,0.0029388884086783643,0.1891891891891892,0.5384615384615384,0.027584797711483453,0.006593406593406593,0.07472527472527472,0.2686013016110103,0.3099861303744798,0.6989010989010989,0.6989010989010989,YOL108C,non_ess,non_ess
0.005780346820809247,0.0010372547324747168,0.0,1.0,0.06198065658629615,0.0020833333333333333,0.0125,0.09468688362919132,0.09861932938856018,0.9916666666666668,3.8387096774193545,YGL103W,ess,ess
0.05491329479768786,0.011150488374103209,0.13513513513513514,2.5,0.1364936657131181,0.009250243427458615,0.06280428432327166,0.3234782095541589,0.9848484848484848,0.2059396299902629,0.9791666666666666,YBL024W,non_ess,non_ess
0.04046242774566474,0.008903103120407986,0.027027027027027032,0.25,0.07989374744585206,0.011447260834014716,0.08421913327882256,1.2116289633869357,0.9692307692307692,0.2044153720359771,1.0638297872340423,YLR225C,non_ess,non_ess
0.0,0.0,0.027027027027027032,1.0,0.044748671843073164,0.0,0.0,0.0,0.0,1.0,3.0474137931034484,YDR149C,non_ess,non_ess
0.10982658959537572,0.015991010458985218,0.054054054054054064,4.0,0.17940335104209235,0.014157973174366616,0.06892697466467958,0.2164906977883196,0.5315703746287248,0.09314456035767513,0.6666666666666666,YNR013C,non_ess,non_ess
0.1676300578034682,0.0697553807589247,0.027027027027027032,0.25,0.08459337964854925,0.04489164086687306,0.6246130030959752,0.8666651923927465,0.7570868347338936,0.10758513931888544,0.7853107344632768,YDL001W,non_ess,non_ess
0.03468208092485549,0.0044083326130175465,0.0,1.0,0.0670208418471598,0.01160541586073501,0.04932301740812379,0.22067508853290788,0.9099901088031652,0.2611218568665377,0.9963099630996308,YPR004C,non_ess,non_ess
0.07803468208092486,0.015472383092747859,0.16216216216216214,3.0,0.09480997139354312,0.01872399445214979,0.12413314840499308,0.7859492201873814,0.6840253342716396,0.16990291262135926,1.084070796460177,YNR058W,non_ess,non_ess
0.026011560693641616,0.0019880715705765406,0.35135135135135137,4.333333333333333,0.04086636697997549,0.013846153846153848,0.03538461538461538,0.2415312724658519,0.4302659956865565,0.2523076923076923,1.3225806451612905,YFR036W-A,non_ess,non_ess
0.02023121387283237,0.003457515774915723,0.21621621621621626,1.3333333333333333,0.07029015120555783,0.006469500924214418,0.03696857670979668,0.15610821710636869,1.3575757575757577,0.5027726432532348,0.7411444141689374,YPR075C,non_ess,non_ess
0.02890173410404624,0.00509983576800069,0.13513513513513514,1.6666666666666667,0.07866775643645281,0.008298755186721992,0.04896265560165975,0.2968533886583679,0.6302083333333334,0.5153526970954356,1.7346368715083798,YNL254C,non_ess,non_ess
0.008670520231213872,0.0014694442043391822,0.054054054054054064,0.6666666666666666,0.04965263588067021,0.003851091142490373,0.021822849807445442,0.08162014063188551,1.3656716417910448,0.8485237483953787,1.0559105431309903,YAL009W,non_ess,non_ess
0.06358381502890173,0.03811911141844585,0.08108108108108109,0.75,0.12709440130772376,0.011482254697286013,0.2301670146137787,0.4397703549060543,1.582805429864253,0.2364300626304801,1.411214953271028,YDL070W,non_ess,non_ess
0.031791907514450865,0.0076929725991874845,0.16216216216216214,1.0,0.03902738046587659,0.01765650080256822,0.14285714285714285,0.5618085255367512,0.6303562209602478,1.0,3.75301204819277,YPL041C,non_ess,non_ess
0.0,0.0,0.0,1.0,0.03575807110747855,0.0,0.0,0.0,1.0,1.0,1.0,YPL283W-A,non_ess,non_ess
0.04624277456647399,0.007952286282306162,0.0,0.0,0.11789946873722927,0.008983717012914094,0.05165637282425604,0.15831570179711527,0.4998560322487763,0.3009545199326221,1.7015873015873015,YJR002W,ess,non_ess
0.0,0.0,0.08108108108108109,0.6,0.027993461381283204,0.0,0.0,0.0,0.0,1.0,1.072093023255814,YER030W,non_ess,non_ess
0.0028901734104046237,0.0003457515774915723,0.0,1.0,0.05585070153929983,0.0011494252873563214,0.0045977011494252856,0.03307238272755514,0.4783783783783784,1.0,1.4451827242524915,YBR191W,non_ess,non_ess
0.04335260115606936,0.010113233641628491,0.027027027027027032,2.0,0.16530445443400082,0.0060557125555107,0.04723455793298345,0.18726126517810007,0.8522727272727274,0.20387565603552685,0.20387565603552685,YMR089C,non_ess,non_ess
0.01445086705202312,0.00112369262684761,0.0,0.0,0.1853289742541888,0.0018044027426921687,0.004691447130999639,0.03695297517678673,0.16307556080283353,0.5774088776614941,4.081632653061225,YCR057C,ess,ess
0.04335260115606936,0.005359149451119371,0.054054054054054064,4.0,0.2088271352676747,0.004813863928112966,0.01989730423620026,0.1406388861459465,0.5653846153846155,0.33697047496790755,2.2245762711864407,YPL009C,non_ess,non_ess
0.03468208092485549,0.008298037859797734,0.0,0.0,0.018594196975888846,0.03715170278637772,0.2972136222910217,0.9940240478076174,1.5639534883720931,0.2662538699690403,0.6370370370370371,YJL120W,non_ess,non_ess
0.05491329479768786,0.01486731783213761,0.32432432432432434,1.7142857142857142,0.04270535349407438,0.028064992614475627,0.25406203840472674,0.4554777295998052,0.7166752005461683,0.3855243722304284,2.3944954128440368,YGL166W,non_ess,non_ess
0.08670520231213873,0.02627711988935949,0.10810810810810813,0.8,0.1213731099305272,0.016375545851528384,0.16593886462882096,0.3748540792943923,0.9225922592259224,0.1779475982532751,1.0316455696202531,YLR248W,non_ess,non_ess
0.011560693641618495,0.0018151957818307548,0.054054054054054064,0.6666666666666666,0.08581937065794852,0.003053435114503817,0.01603053435114504,0.07195030684029337,0.3877995642701525,0.8282442748091603,2.237113402061856,YPR163C,non_ess,non_ess
0.005780346820809247,0.0002593136831186792,0.054054054054054064,0.3333333333333333,0.13792398855741725,0.0009638554216867467,0.0014457831325301205,0.029797835409434342,0.08628659476117102,0.9474698795180724,6.874125874125874,YHR042W,ess,ess
0.02890173410404624,0.003889705246780188,0.0,1.0,0.17940335104209235,0.003725782414307005,0.016766020864381517,0.31555416111067536,0.7935222672064777,0.4273472429210134,2.46137339055794,YDR096W,non_ess,non_ess
0.01445086705202312,0.002333823148068113,0.0,1.0,0.048630976706170816,0.006544502617801047,0.035340314136125664,0.235799217813663,0.7530120481927711,0.7329842931937173,0.9739130434782608,YER011W,non_ess,non_ess
0.03757225433526011,0.005791338922983836,0.054054054054054064,0.5,0.12954638332652227,0.00665983606557377,0.03432377049180328,0.1021630570645642,0.4738165060745706,0.3606557377049181,2.1463414634146343,YML007W,non_ess,non_ess
0.01445086705202312,0.0019880715705765406,0.0,0.0,0.12464241928892522,0.002659574468085107,0.012234042553191491,0.07142187646452339,0.3382630585273757,0.6617021276595745,1.8594917787742904,YDR228C,ess,ess
0.005780346820809247,0.0017287578874578616,0.054054054054054064,4.0,0.011442582754393136,0.009174311926605505,0.09174311926605504,0.3482763413956075,0.6666666666666666,0.4587155963302753,0.7407407407407408,YNL024C-A,non_ess,non_ess
0.08670520231213873,0.016682513613968362,0.5675675675675675,2.333333333333333,0.040049039640375976,0.047021943573667714,0.30250783699059564,0.68329303982695,1.1944066809089144,0.2382445141065831,0.6846846846846847,YNR014W,non_ess,non_ess
0.02023121387283237,0.0035439536692886157,0.10810810810810813,2.0,0.021046178994687373,0.01949860724233984,0.11420612813370473,0.5242453527371952,0.9918367346938776,0.2590529247910863,0.5568862275449101,YIL165C,non_ess,non_ess
0.005780346820809247,0.0014694442043391822,0.027027027027027032,1.0,0.01185124642419289,0.008928571428571428,0.07589285714285714,0.2692448680351906,1.4545454545454546,0.6607142857142857,0.7789473684210526,YAR029W,non_ess,non_ess
0.0953757225433526,0.01573169677586654,0.2432432432432433,1.5,0.08827135267674703,0.02451708766716196,0.1352154531946508,0.8120955758999185,0.6952920662598082,0.1515601783060921,1.0909090909090908,YER119C,non_ess,non_ess
0.008670520231213872,0.0019880715705765406,0.0,1.0,0.042092357989374746,0.004491017964071856,0.0344311377245509,0.26835672916462155,1.0942622950819672,0.5838323353293413,1.4942528735632183,YPL121C,non_ess,non_ess
0.031791907514450865,0.017201140980205722,0.40540540540540543,2.142857142857143,0.035349407437678795,0.019332161687170474,0.34973637961335674,0.588825424721734,0.98828125,0.3181019332161687,0.8190045248868778,YHR175W,non_ess,non_ess
0.017341040462427744,0.002074509464949433,0.0,0.0,0.07989374744585206,0.004905968928863451,0.019623875715453803,0.15843591438076146,0.7534246575342466,0.4178250204415372,1.5674846625766867,YMR235C,ess,ess
0.017341040462427744,0.01045898521912006,0.16216216216216214,1.0,0.08214139762975071,0.004777070063694267,0.0963375796178344,0.2118173194199756,0.5691489361702128,0.303343949044586,1.7557603686635948,YOR245C,non_ess,non_ess
0.011560693641618495,0.0015558820987120756,0.08108108108108109,1.0,0.052513281569268495,0.0048721071863581,0.02192448233861145,0.1942537794655012,0.3941176470588235,0.3714981729598051,1.1466165413533835,YKR030W,non_ess,non_ess
0.011560693641618495,0.002074509464949433,0.13513513513513514,0.8333333333333334,0.04229668982427463,0.005961251862891207,0.035767511177347236,0.11458419297368408,0.25732899022801303,0.6780923994038748,3.0132450331125824,YDL139C,ess,non_ess
0.01445086705202312,0.0026795747255596854,0.13513513513513514,1.0,0.025132815692684926,0.011933174224343677,0.07398568019093077,0.29478165516351673,0.5168918918918918,0.4725536992840095,1.3026315789473684,YPL114W,non_ess,non_ess
0.16184971098265896,0.052640677673091885,0.0,0.0,0.08030241111565183,0.045565500406834825,0.4955248169243287,1.2870063215872816,1.5441176470588232,0.1228641171684296,0.3952879581151833,YOR134W,non_ess,non_ess
0.07803468208092486,0.01754689255769729,0.40540540540540543,2.5,0.11442582754393135,0.015606936416184969,0.11734104046242776,0.3616875793035387,1.106341463414634,0.16416184971098266,0.8427299703264094,YNL073W,non_ess,non_ess
0.02890173410404624,0.006396404183594088,0.1891891891891892,3.5,0.031467102574581116,0.01953125,0.14453125,0.3481770833333333,1.0523809523809522,0.37109375,0.6397306397306397,YDL177C,non_ess,non_ess
0.023121387283236997,0.001901633676203648,0.0,0.0,0.15447486718430736,0.003451251078515962,0.009490940465918895,0.06199926044619746,0.37662337662337664,0.497411561691113,2.362704918032787,YDR520C,non_ess,ess
0.017341040462427744,0.0036303915636615096,0.027027027027027032,1.0,0.021046178994687373,0.016713091922005572,0.116991643454039,0.5497656090767036,2.373983739837398,0.3064066852367688,0.5392156862745098,YBR232C,non_ess,non_ess
0.04624277456647399,0.010199671536001384,0.21621621621621626,2.0,0.02472415202288517,0.0387409200968523,0.2857142857142857,0.8775726392251817,0.5043103448275863,0.2493946731234867,1.4927536231884058,YGR230W,non_ess,non_ess
0.1184971098265896,0.02532630305125767,0.0,0.0,0.08622803432774828,0.031155015197568383,0.22264437689969604,0.6725186039199246,0.6988636363636365,0.25835866261398177,1.7525773195876289,YLR085C,non_ess,non_ess
0.0028901734104046237,8.643789437289306e-05,0.0,1.0,0.04583844162920584,0.0013831258644536654,0.0013831258644536654,0.0291350693947632,0.1663793103448276,0.6141078838174274,1.3373493975903616,YJL136C,non_ess,non_ess
0.03757225433526011,0.017114703085832832,0.027027027027027032,0.2,0.08929301185124643,0.009551800146950772,0.14548126377663484,0.24502641615058954,0.8542857142857142,0.3952975753122704,1.0037313432835822,YDR229W,non_ess,non_ess
0.05202312138728323,0.01097761258535742,0.027027027027027032,2.0,0.10890886800163466,0.010915706488781079,0.07701637355973318,0.3227096107629764,0.7946127946127945,0.30988477865372954,2.102880658436214,YBR158W,non_ess,non_ess
0.008670520231213872,0.0006050652606102515,0.027027027027027032,0.5,0.04372701266857377,0.004335260115606936,0.010115606936416185,0.09174212302449128,0.7413294797687859,0.4161849710982659,1.0,YHR038W,non_ess,non_ess
0.03757225433526011,0.006396404183594088,0.1891891891891892,1.1666666666666667,0.07560277891295464,0.011206896551724138,0.06379310344827586,0.4777411855869818,0.8672752808988764,0.2577586206896552,1.5654450261780104,YDL168W,non_ess,non_ess
0.02023121387283237,0.010718298902238741,0.10810810810810813,1.3333333333333333,0.07744176542705354,0.005897219882055604,0.10446503791069923,0.1150284291385458,1.4142066420664203,0.8407750631844987,1.0374220374220369,YJL138C,non_ess,non_ess
0.049132947976878616,0.007433658916068805,0.1891891891891892,1.4,0.17838169186759298,0.006369426751592357,0.032221805919820164,0.1199440995458088,0.5114657860942945,0.21056575496440613,1.050467289719626,YKR050W,non_ess,non_ess
0.0028901734104046237,0.0004321894718644654,0.0,0.0,0.04025337147527585,0.0015600624024961,0.007800312012480499,0.06601240793817799,0.7499999999999999,0.9516380655226208,1.142322097378277,YOL139C,ess,non_ess
0.02023121387283237,0.00509983576800069,0.054054054054054064,0.2,0.10277891295463834,0.004490057729313664,0.03784477228992944,0.06932882817362193,0.4488847583643121,0.4990378447722899,1.2923588039867109,YMR014W,non_ess,non_ess
0.04624277456647399,0.004062581035525975,0.10810810810810813,4.0,0.06007355946056396,0.017167381974248927,0.05042918454935622,0.3752897369562291,1.1450013401232912,0.2424892703862661,0.6366197183098592,YKL091C,non_ess,non_ess
0.10115606936416184,0.039242804045293456,0.0,0.0,0.02308949734368615,0.08997429305912596,1.167095115681234,1.6736083646430693,0.8913010817307692,0.2339331619537275,0.978494623655914,YOR183W,non_ess,non_ess
0.09248554913294796,0.020226467283256982,0.08108108108108109,0.75,0.2257866775643645,0.00950965824665676,0.06953937592867758,0.28777688878728996,0.8161943319838058,0.1298662704309064,1.245014245014245,YJR039W,non_ess,non_ess
0.005780346820809247,0.0003457515774915723,0.08108108108108109,3.0,0.013077237433592155,0.008264462809917356,0.016528925619834708,0.3218417945690673,0.5476190476190477,0.5082644628099173,0.8310810810810811,YGL194C-A,non_ess,non_ess
0.0,0.0,0.0,0.0,0.003269309358398039,0.0,0.0,0.0,0.0,1.0,1.420289855072464,YBL071C-B,non_ess,non_ess
0.07514450867052022,0.015126631515256287,0.1891891891891892,1.4,0.17572537801389454,0.009885931558935359,0.06653992395437262,0.18001441387708442,1.2426470588235294,0.1977186311787072,0.7212205270457698,YER032W,non_ess,non_ess
0.0028901734104046237,0.00017287578874578615,0.054054054054054064,2.0,0.06211687780956274,0.0010395010395010396,0.002079002079002079,0.02561002297844404,0.2578947368421053,0.7484407484407485,1.2265758091993186,YNL215W,non_ess,non_ess
0.008670520231213872,0.0010372547324747168,0.0,0.0,0.14262362076011445,0.0013992537313432835,0.005597014925373134,0.06698507462686566,0.16799999999999998,0.5755597014925373,2.9734939759036147,YHR074W,ess,ess
0.06647398843930635,0.017201140980205722,0.054054054054054064,1.0,0.04822231303637107,0.03034300791556728,0.26253298153034305,1.669484680415702,0.9585392051557464,0.21635883905013192,1.0718954248366013,YPR158W,non_ess,non_ess
0.01445086705202312,0.0049269599792549044,0.10810810810810813,4.0,0.021250510829587253,0.013812154696132596,0.1574585635359116,0.3503219523828451,0.7589928057553956,0.6132596685082873,1.574468085106383,YEL049W,non_ess,non_ess
0.0953757225433526,0.03664966721410666,0.054054054054054064,0.5,0.07355946056395588,0.02920353982300885,0.3752212389380531,0.7364700098328417,0.6903903903903904,0.1504424778761062,1.5454545454545456,YJR148W,non_ess,non_ess
0.10693641618497107,0.028783818826173393,0.0,0.0,0.15427053534940746,0.015982721382289417,0.14384449244060474,0.3466080046929579,0.7537037037037037,0.10496760259179264,1.0,YGR143W,non_ess,non_ess
0.06358381502890173,0.009248854697899558,0.08108108108108109,1.5,0.4274621986105435,0.0034777110338286435,0.016914321846348404,0.1473034435912766,0.2932216298552932,0.2736326272526083,1.0969581749049429,YCR093W,ess,non_ess
0.04046242774566474,0.030253263030512574,0.08108108108108109,0.6,0.09011033919084592,0.010196649672250544,0.25491624180626365,0.43449902707873606,0.95873573309921,0.21412964311726146,1.4134615384615383,YMR209C,non_ess,non_ess
0.005780346820809247,0.0002593136831186792,0.0,0.0,0.0768287699223539,0.001697792869269949,0.0025466893039049238,0.047847860674205295,0.14968553459119496,0.6910016977928692,2.466666666666667,YKL080W,non_ess,ess
0.017341040462427744,0.0035439536692886157,0.0,0.0,0.06640784634246016,0.005853658536585366,0.04,0.4628358825961141,0.6101694915254237,0.4439024390243903,1.0270880361173815,YGR163W,non_ess,non_ess
0.0028901734104046237,0.00017287578874578615,0.0,0.0,0.015937883122190438,0.0035211267605633804,0.007042253521126761,0.11364339885466647,0.8076923076923077,0.6795774647887324,0.6795774647887324,YDR016C,ess,non_ess
0.05780346820809248,0.010545423113492956,0.08108108108108109,1.0,0.06129955046996322,0.021052631578947368,0.12842105263157896,0.6224676445211389,0.8618266978922717,0.2063157894736842,1.3333333333333337,YHR142W,non_ess,non_ess
0.06936416184971098,0.014262252571527356,0.054054054054054064,2.0,0.1465059256232121,0.010904134484325308,0.07496592457973647,0.4686101967036734,0.7188740526885601,0.18309859154929573,1.356902356902357,YFR022W,non_ess,non_ess
0.05780346820809248,0.014089376782781571,0.027027027027027032,2.0,0.08541070698814876,0.015337423312883437,0.125,0.40290584475221336,0.9923011120615912,0.19248466257668712,0.8776223776223776,YNL128W,non_ess,non_ess
0.04335260115606936,0.006223528394848302,0.2972972972972973,1.5714285714285714,0.12791172864732325,0.007780082987551867,0.03734439834024896,0.19764265864707448,1.2866972477064218,0.38070539419087135,1.3927893738140418,YMR313C,non_ess,non_ess
0.08670520231213873,0.012533494684069495,0.0,0.0,0.2662443808745402,0.007577671129072998,0.03662541045718616,0.2638985080950713,0.8073732718894009,0.11012882040919424,0.9396551724137928,YIL030C,non_ess,non_ess
0.11560693641618495,0.019880715705765408,0.0,0.0,0.2521454842664487,0.010660980810234541,0.06130063965884861,0.38310303768725945,0.8086253369272238,0.19909381663113007,1.3988764044943822,YDR293C,non_ess,non_ess
0.049132947976878616,0.006569279972339874,0.0,0.0,0.1937065794850838,0.005874222529371113,0.02626123013130615,0.13223385715573452,0.5235507246376813,1.0,1.0,YBR079C,ess,non_ess
0.03757225433526011,0.005877776817356729,0.0,1.0,0.01982018798528811,0.03812316715542522,0.1994134897360704,1.0942873900293255,1.0659999999999998,1.0,3.7888888888888888,YLR282C,non_ess,non_ess
0.02023121387283237,0.0037168294580344026,0.08108108108108109,0.75,0.10155292194523907,0.004542504866969501,0.027903958468526932,0.11475383798550574,0.3981351981351983,0.4555483452303699,1.5462555066079295,YHR137W,non_ess,non_ess
0.011560693641618495,0.004321894718644654,0.027027027027027032,2.0,0.0020433183489987745,0.05,0.625,1.9924107142857144,1.2321428571428568,1.0,1.0,YPR160W-A,non_ess,non_ess
0.026011560693641616,0.002420261042441006,0.027027027027027032,0.25,0.05496526358806703,0.010501750291715286,0.032672112018669784,0.3029080265705364,0.3679532757745048,0.2777129521586931,1.9193548387096773,YLR404W,non_ess,non_ess
0.005780346820809247,0.0007779410493560378,0.027027027027027032,1.0,0.0190028606456886,0.0060790273556231,0.02735562310030395,0.2520033158331031,0.395959595959596,0.5288753799392097,1.1756756756756757,YLR364W,non_ess,non_ess
0.008670520231213872,0.003889705246780188,0.21621621621621626,1.0,0.027993461381283204,0.006507592190889371,0.09761388286334056,0.22284106232045486,0.6126126126126127,0.5336225596529284,1.4909090909090907,YNL255C,non_ess,non_ess
0.0,0.0,0.0,1.0,0.11708214139762975,0.0,0.0,0.0,1.0,1.0,1.0,YIL172C,non_ess,non_ess
0.017341040462427744,0.00224738525369522,0.0,0.0,0.11074785451573356,0.0035799522673031032,0.015513126491646776,0.0922980246788199,0.12688116242864558,0.3818615751789976,3.5955056179775284,YMR296C,ess,ess
0.011560693641618495,0.0033710778805428297,0.21621621621621626,4.0,0.03248876174908051,0.007590132827324478,0.07400379506641366,0.2029280634362321,3.5609756097560976,0.45920303605313106,0.4801587301587302,YGL222C,non_ess,non_ess
0.005780346820809247,0.0007779410493560378,0.13513513513513514,0.8333333333333334,0.022067838169186758,0.0053475935828877,0.02406417112299465,0.14458067040563452,1.7073170731707317,0.46524064171123,0.7733333333333334,YBL053W,non_ess,non_ess
0.04046242774566474,0.006223528394848302,0.027027027027027032,0.3333333333333333,0.16244380874540254,0.0057494866529774116,0.029568788501026694,0.14058516348930047,0.6718966312874942,0.34661190965092403,1.3418124006359302,YLR176C,non_ess,non_ess
0.05202312138728323,0.010631861007865848,0.0,1.0,0.12832039231712306,0.009307135470527405,0.06359875904860393,0.2227642641967537,0.937070938215103,0.1907962771458118,1.0695652173913044,YHR039C,non_ess,non_ess
0.05491329479768786,0.006915031549831446,0.0,0.0,0.2282386595831631,0.00558659217877095,0.023522493384298737,0.24926358557643474,0.9892561983471074,0.31608350485151426,1.0103383458646618,YBL022C,non_ess,non_ess
0.02890173410404624,0.0030253263030512573,0.0,1.0,0.11483449121373113,0.00576036866359447,0.020161290322580645,0.14812111962303853,0.4758842443729904,0.619815668202765,3.0568181818181817,YEL013W,non_ess,non_ess
0.04046242774566474,0.029907511453021007,0.13513513513513514,1.25,0.0046996322026971816,0.1176470588235294,2.907563025210084,3.1917554423344137,0.8618468146027201,0.3277310924369748,0.9069767441860466,YBR296C-A,non_ess,non_ess
0.017341040462427744,0.0028524505143054713,0.0,0.0,0.18778095627298733,0.002137513359458497,0.011756323477021732,0.09209859448414004,0.21192452830188674,0.8332739579622372,4.783231083844581,YNL287W,ess,ess
0.07514450867052022,0.012619932578442388,0.21621621621621626,1.3333333333333333,0.18022067838169187,0.009643916913946587,0.05415430267062315,0.1837855023314964,1.0165413533834589,0.1739614243323442,1.0707762557077625,YMR066W,non_ess,non_ess
0.04046242774566474,0.01797908202956176,0.10810810810810813,1.0,0.034940743767879034,0.02486678507992895,0.369449378330373,0.5812762639171685,1.1294559099437151,0.27353463587921845,0.9565217391304348,YDR401W,non_ess,non_ess
0.08092485549132948,0.012965684155933962,0.027027027027027032,2.0,0.3914997956681651,0.004829251466022765,0.02587098999655053,0.6128250121231209,0.7654808959156785,0.2155915833045878,1.5664160401002507,YLR422W,non_ess,non_ess
0.06358381502890173,0.040020745094649486,0.0,1.0,0.06259365209099578,0.022703818369453045,0.47781217750258,0.6925213004093068,1.1918564527260178,0.5902992776057792,0.9947826086956522,YER014C-A,non_ess,non_ess
0.16473988439306358,0.0935258017114703,0.21621621621621626,0.3636363636363637,0.021863506334286884,0.15363881401617252,2.91644204851752,3.4512312120243047,1.2207331493890423,0.1105121293800539,1.2058823529411764,YDR274C,non_ess,non_ess
0.07803468208092486,0.02109084622698591,0.027027027027027032,1.0,0.08091540662035146,0.02180936995153473,0.19709208400646205,0.5657239434880587,0.7173794358507736,0.26252019386106623,2.138157894736842,YLL057C,non_ess,non_ess
0.05491329479768786,0.02005359149451119,0.2972972972972973,1.8333333333333333,0.07315079689415611,0.016903914590747332,0.20640569395017794,0.6041057397554703,0.9073966220151428,0.15035587188612098,1.0903225806451613,YNR075W,non_ess,non_ess
0.13005780346820808,0.02195522517071484,0.08108108108108109,0.42857142857142855,0.33489987740089905,0.00905979464465472,0.05113750754982887,0.2081999259629685,0.9653225806451612,0.09643648077310248,0.4733201581027668,YML103C,non_ess,non_ess
0.05202312138728323,0.010804736796611637,0.08108108108108109,0.5,0.07172047404985697,0.01631912964641886,0.11332728921124205,0.4623090020564757,0.6121013133208255,0.2058023572076156,1.5442176870748299,YLR405W,non_ess,non_ess
0.023121387283236997,0.0037168294580344026,0.0,1.0,0.07744176542705354,0.006739679865206402,0.03622577927548441,0.13162109034055114,1.081081081081081,0.7093513058129739,0.8627049180327868,YOR184W,non_ess,non_ess
0.008670520231213872,0.0012965684155933962,0.0,0.0,0.046791990192071926,0.004070556309362279,0.0203527815468114,0.09045323150685666,0.2727272727272727,0.4287652645861601,2.257142857142857,YGL189C,non_ess,ess
0.04046242774566474,0.007433658916068805,0.054054054054054064,1.0,0.018798528810788726,0.04294478527607362,0.2638036809815951,2.552658486707567,2.4000000000000004,0.8865030674846626,0.9537953795379538,YDR467C,non_ess,non_ess
0.02890173410404624,0.005964214711729622,0.08108108108108109,0.75,0.06129955046996322,0.010526315789473684,0.07263157894736842,0.28723196881091617,0.7763532763532763,0.3547368421052632,1.2254545454545456,YDR492W,non_ess,non_ess
0.07803468208092486,0.015040193620883397,0.027027027027027032,1.0,0.17061708214139765,0.01056751467710372,0.06810176125244619,0.4385518590998043,0.5351479915433404,0.10724070450097847,0.7287234042553192,YER167W,non_ess,non_ess
0.017341040462427744,0.0045812084017633325,0.054054054054054064,0.3333333333333333,0.08329927802751669,0.004713275726630008,0.041633935585231735,0.13652788688138254,0.5533333333333333,0.4100549882168107,1.7815699658703072,YNL130C,non_ess,non_ess
0.0,0.0,0.0,1.0,0.03575807110747855,0.0,0.0,0.0,1.0,1.0,1.0,YER190C-A,non_ess,non_ess
0.12716763005780346,0.03578528827037773,0.5945945945945946,2.2,0.03003677973028198,0.08961303462321793,0.8431771894093686,3.1326018877428115,0.9360619724823679,1.0,1.0,YGR031C-A,non_ess,non_ess
0.017341040462427744,0.00224738525369522,0.0,1.0,0.10993052717613404,0.003605769230769232,0.015625,0.0965164953580902,0.5195924764890283,0.40865384615384615,2.048192771084337,YOR372C,ess,ess
0.06647398843930635,0.013138559944679749,0.027027027027027032,0.5,0.09726195341234163,0.015561569688768604,0.10284167794316644,0.2980933472348544,0.6570636451301832,0.14479025710419485,1.0439024390243905,YPL219W,non_ess,non_ess
0.0028901734104046237,8.643789437289306e-05,0.0,0.0,0.038618716796076834,0.0016207455429497568,0.0016207455429497568,0.07733831756156219,0.2096774193548387,0.8687196110210696,1.7689768976897688,YHR089C,non_ess,ess
0.04335260115606936,0.029475321981156537,0.0,1.0,0.025745811197384557,0.035046728971962614,0.7967289719626168,1.5710232691207322,1.0296846011131724,0.205607476635514,0.88,YDR544C,non_ess,non_ess
0.06647398843930635,0.01573169677586654,0.054054054054054064,0.5,0.10666121781773599,0.014232673267326731,0.11262376237623765,0.4094810095763675,1.2442622950819675,0.1639851485148515,0.7593123209169055,YLR020C,non_ess,non_ess
0.023121387283236997,0.005877776817356729,0.0,0.0,0.05557825909276666,0.009237875288683604,0.07852193995381063,0.2565835361222623,0.7221476510067113,0.4549653579676674,1.71304347826087,YGR147C,ess,non_ess
0.04046242774566474,0.006828593655458553,0.1891891891891892,1.4,0.08214139762975071,0.011146496815286623,0.06289808917197452,0.2768645983151839,0.4578853046594982,0.4171974522292994,1.518840579710145,YBL055C,non_ess,non_ess
0.011560693641618495,0.0012965684155933962,0.16216216216216214,0.6,0.013485901103391913,0.016129032258064516,0.06048387096774194,0.4207676006592889,0.4504692387904067,0.6411290322580645,1.8705882352941177,YBL071W-A,non_ess,non_ess
0.023121387283236997,0.0025931368311867924,0.10810810810810813,0.6666666666666666,0.06722517368205967,0.007714561234329799,0.028929604628736737,0.18141464235967614,0.34920634920634924,1.0,3.1615853658536586,YGR180C,non_ess,non_ess
0.01445086705202312,0.00449477050739044,0.0,1.0,0.11238250919493258,0.002941176470588236,0.03058823529411765,0.06647934608086413,0.14112903225806453,0.38235294117647056,2.6530612244897958,YDL003W,ess,ess
0.05202312138728323,0.012447056789696605,0.0,0.0,0.07212913771965672,0.016230838593327322,0.12984670874661858,0.7150342407330685,1.2857142857142858,0.22091974752028856,0.9496124031007752,YML066C,non_ess,non_ess
0.005780346820809247,0.003889705246780188,0.027027027027027032,1.0,0.016959542296689827,0.006688963210702341,0.1505016722408027,0.3500557413600892,0.2678062678062678,0.5919732441471572,1.3937007874015748,YLR012C,non_ess,non_ess
0.0028901734104046237,8.643789437289306e-05,0.0,0.0,0.01982018798528811,0.0029325513196480947,0.0029325513196480947,0.11116790874115527,0.3241590214067279,0.6686217008797654,1.3491124260355027,YPL098C,non_ess,non_ess
0.02023121387283237,0.0035439536692886157,0.0,0.0,0.1636697997548018,0.0028536485935589076,0.01671422747655931,0.047875261528302335,0.22055785123966945,0.7623318385650224,1.9540229885057467,YGR198W,ess,ess
0.10404624277456646,0.022646728325697984,0.0,1.0,0.22496935022476505,0.010736653742916793,0.07813898001789442,0.4141102379680813,0.7674418604651163,0.15419027736355506,0.9038461538461541,YNR067C,non_ess,non_ess
0.0,0.0,0.0,1.0,0.021250510829587253,0.0,0.0,0.0,1.0,1.0,1.0,YJL223C,non_ess,non_ess
0.9335260115606936,1.0,0.16216216216216214,6.0,0.1319983653453208,0.1624748490945674,5.819416498993964,3.9281893895015667,1.4048036351833821,0.05432595573440644,0.7659574468085106,YKL198C,non_ess,non_ess
0.017341040462427744,0.002333823148068113,0.054054054054054064,1.0,0.07723743359215368,0.005067567567567568,0.022804054054054054,0.1426235727706316,0.6216577540106951,0.4628378378378378,1.3365853658536586,YPL112C,non_ess,non_ess
0.0,0.0,0.0,1.0,0.030241111565181864,0.0,0.0,0.0,1.0,1.0,1.0,YOR394W,non_ess,non_ess
0.03757225433526011,0.007433658916068805,0.0,1.0,0.01838986514098897,0.040625,0.26875,1.648359375,1.7410714285714288,0.43125,0.8961038961038962,YPR087W,non_ess,non_ess
0.05780346820809248,0.009681044169764024,0.08108108108108109,1.5,0.0406620351450756,0.030911901081916538,0.1731066460587326,0.7482040963129295,0.9748427672955974,0.13601236476043274,0.3963963963963964,YIL010W,non_ess,non_ess
0.008670520231213872,0.001210130521220503,0.0,0.0,0.04331834899877402,0.004373177842565598,0.020408163265306117,0.10440313900828542,0.940711462450593,0.4927113702623906,1.2565055762081785,YOR232W,ess,non_ess
0.0028901734104046237,0.0002593136831186792,0.0,0.0,0.019411524315488357,0.0029850746268656717,0.008955223880597015,0.0714308890330954,0.21875000000000008,1.0,2.080745341614907,YML031C-A,non_ess,non_ess
0.07803468208092486,0.016163886247731005,0.0,0.0,0.09215365753984472,0.01924447612259444,0.13328581610833928,0.5077581007730687,1.3541842772612005,0.14397719173200285,0.44591611479028703,YBR093C,non_ess,non_ess
0.07514450867052022,0.020312905177629872,0.0,0.0,0.14671025745811198,0.0117967332123412,0.10662431941923776,0.5477918935269208,0.9197530864197532,0.14292196007259528,0.7062780269058295,YHR149C,non_ess,non_ess
0.01445086705202312,0.0025931368311867924,0.054054054054054064,1.0,0.003064977523498161,0.05263157894736842,0.3157894736842105,1.945246179966044,5.080645161290323,0.4105263157894737,0.43333333333333335,YOL038C-A,non_ess,non_ess
0.05780346820809248,0.027660126199325785,0.054054054054054064,2.0,0.1029832447895382,0.012804097311139564,0.20486555697823305,0.2650513138823713,0.4554808615722322,0.17349551856594111,1.9926470588235297,YCR068W,non_ess,non_ess
0.04624277456647399,0.010286109430374276,0.5135135135135136,2.1111111111111107,0.03677973028197794,0.02711864406779661,0.2016949152542373,0.7027266028002948,1.6397515527950308,0.5101694915254237,1.1401515151515151,YDR022C,non_ess,non_ess
0.049132947976878616,0.0224738525369522,0.054054054054054064,0.5,0.09746628524724152,0.011478730587440918,0.17555705604321406,0.8679087652639651,0.6352080123266565,0.2194463200540176,1.051779935275081,YHL012W,non_ess,non_ess
0.017341040462427744,0.0028524505143054713,0.0,0.0,0.017572537801389457,0.01948051948051948,0.10714285714285714,0.8847191769269691,1.0686456400742117,0.2857142857142857,0.8073394495412844,YNL086W,non_ess,non_ess
0.0,0.0,0.0,1.0,0.021250510829587253,0.0,0.0,0.0,1.0,1.0,1.0,YLL064C,non_ess,non_ess
0.14161849710982655,0.0349209093266488,0.08108108108108109,1.5,0.3158970167552105,0.010452218430034127,0.08617747440273038,0.2705790907525749,0.9718881774168359,0.1503839590443686,0.7807308970099668,YMR247C,non_ess,non_ess
0.0,0.0,0.0,0.0,0.06313853698406212,0.0,0.0,0.0,0.0,1.0,1.6815834767641995,YJL180C,non_ess,ess
0.07514450867052022,0.011669115740340566,0.10810810810810813,0.6666666666666666,0.22026971802206785,0.007917174177831911,0.04110840438489647,0.262841185915181,0.9602272727272724,0.20066991473812426,1.3643892339544514,YBR150C,non_ess,non_ess
0.017341040462427744,0.0027660126199325783,0.1891891891891892,1.4,0.0380057212913772,0.009868421052631578,0.05263157894736842,0.2144683571276369,0.8542510121457491,0.4605263157894737,1.627906976744186,YOL114C,non_ess,non_ess
0.09248554913294796,0.017201140980205722,0.08108108108108109,3.0,0.17449938700449533,0.012251148545176107,0.07618683001531394,0.3996619496355792,1.0748863860897055,0.13514548238897398,0.7861915367483296,YCR030C,non_ess,non_ess
0.02890173410404624,0.005359149451119371,0.13513513513513514,2.5,0.02022885165508786,0.02881844380403458,0.1786743515850144,0.7558044695775108,1.619496855345912,0.2881844380403458,0.819672131147541,YOR327C,non_ess,non_ess
0.008670520231213872,0.0008643789437289308,0.0,1.0,0.03575807110747855,0.005217391304347826,0.017391304347826087,0.234160351017152,0.44495412844036697,0.662608695652174,1.8317307692307687,YLR229C,ess,non_ess
0.05202312138728323,0.020312905177629872,0.13513513513513514,1.25,0.1158561503882305,0.010279840091376356,0.1342090234151913,0.1967223069638326,0.8632911392405064,0.3637921187892633,1.2539370078740155,YJL162C,non_ess,non_ess
0.0,0.0,0.0,1.0,0.01818553330608909,0.0,0.0,0.0,1.0,1.0,1.0,YBL112C,non_ess,non_ess
0.07514450867052022,0.029475321981156537,0.054054054054054064,1.0,0.06477319166326115,0.025974025974025976,0.3406593406593407,1.1935381691479254,1.0376940133037695,0.2437562437562437,2.346153846153846,YGR043C,non_ess,non_ess
0.017341040462427744,0.0025931368311867924,0.40540540540540543,1.5,0.052104617899468735,0.007361963190184048,0.03680981595092025,0.20304653598683226,0.5853658536585366,0.3374233128834356,1.7628205128205128,YJL178C,non_ess,non_ess
0.07803468208092486,0.010891174690984528,0.054054054054054064,2.0,0.08295872496935024,0.02129337539432177,0.09936908517350156,0.7811626858945471,1.002857142857143,0.1774447949526814,0.8620689655172414,YLR130C,non_ess,non_ess
0.07514450867052022,0.013657187310917106,0.027027027027027032,0.3333333333333333,0.0968532897425419,0.017663043478260868,0.10733695652173914,0.9520871074879226,0.9569444444444444,0.15828804347826084,0.6619318181818181,YIL088C,non_ess,non_ess
0.017341040462427744,0.001901633676203648,0.027027027027027032,1.0,0.1258684102983245,0.0031612223393045306,0.011591148577449948,0.16277069310337414,0.5474189675870349,0.5748155953635405,2.7902813299232734,YKL204W,non_ess,non_ess
0.0,0.0,0.0,1.0,0.03821005312627708,0.0,0.0,0.0,1.0,1.0,1.0,YAR066W,non_ess,non_ess
0.01445086705202312,0.002333823148068113,0.0,1.0,0.07989374744585206,0.004088307440719542,0.022076860179885527,0.11451564315531265,0.6710526315789472,0.5306623058053965,1.8703170028818443,YNL181W,ess,non_ess
0.04335260115606936,0.01037254732474717,0.0,1.0,0.12178177360032695,0.008161044613710556,0.06528835690968443,0.15411316648531012,1.4533333333333334,1.0,2.9597423510466987,YPL070W,non_ess,non_ess
0.005780346820809247,0.0006050652606102515,0.027027027027027032,0.14285714285714285,0.033714752758479766,0.0036697247706422025,0.012844036697247707,0.14929514432759008,0.6720867208672087,0.8770642201834863,1.4890965732087231,YHR060W,non_ess,non_ess
0.10115606936416184,0.03146339355173308,0.1891891891891892,2.333333333333333,0.12791172864732325,0.01815352697095436,0.1887966804979253,0.3788966911373551,0.9132730015082956,0.25933609958506226,0.7246376811594203,YAL005C,non_ess,non_ess
0.12427745664739885,0.029648197769902324,0.10810810810810813,1.0,0.12321209644462608,0.023130715438407747,0.18450779989241528,0.3188053663420993,0.9638520031778459,0.10866057019903172,1.3557046979865772,YBR069C,non_ess,non_ess
0.023121387283236997,0.003889705246780188,0.0,0.0,0.07723743359215368,0.006756756756756757,0.03800675675675677,0.14019347216068528,0.30791161796151106,0.4155405405405405,3.037037037037037,YAL012W,non_ess,ess
0.11271676300578035,0.017892644135188866,0.2972972972972973,1.8333333333333333,0.16244380874540254,0.01601642710472279,0.08501026694045175,0.5479137414678884,0.6601649768001374,0.20164271047227927,1.3128342245989306,YDR258C,non_ess,non_ess
0.011560693641618495,0.0015558820987120756,0.027027027027027032,1.0,0.0659991826726604,0.003925417075564278,0.017664376840039256,0.1211140379571762,0.14230019493177387,0.81648675171737,3.980861244019138,YPL031C,non_ess,non_ess
0.05202312138728323,0.02333823148068113,0.054054054054054064,1.0,0.0488353085410707,0.02346805736636245,0.3520208604954368,0.7152471898234609,1.0945945945945943,0.32333767926988266,1.3262032085561497,YBR157C,non_ess,non_ess
0.05780346820809248,0.008816665226035093,0.054054054054054064,2.0,0.05986922762566409,0.021528525296017224,0.10979547900968784,0.42577947572441,1.0812648758925536,0.17653390742734126,0.6533864541832669,YOR107W,non_ess,non_ess
0.05491329479768786,0.0076929725991874845,0.027027027027027032,2.0,0.09256232120964447,0.0134847409510291,0.0631653655074521,0.4183954050270121,1.06709168184578,0.2370475514549326,1.0,YJL146W,non_ess,non_ess
0.008670520231213872,0.001210130521220503,0.0,0.0,0.04781364936657132,0.003989361702127659,0.018617021276595744,0.08564852700490998,0.26666666666666666,0.8257978723404256,2.5346938775510206,YGL240W,non_ess,ess
0.023121387283236997,0.003803267352407295,0.21621621621621626,1.6,0.02451982018798529,0.01951219512195122,0.1073170731707317,0.793049577554599,0.5432098765432098,0.2,0.5290322580645161,YBR010W,non_ess,non_ess
0.05491329479768786,0.008557351542916414,0.0,1.0,0.07498978340825503,0.01650738488271069,0.08601216333622938,0.6259742857321441,1.2119904076738608,0.21807124239791487,0.21807124239791487,YML067C,non_ess,non_ess
0.023121387283236997,0.004149018929898867,0.0,1.0,0.15978749489170413,0.00333889816360601,0.02003338898163606,0.1433681986985111,0.712430426716141,0.3184474123539232,0.8496659242761693,YBR198C,ess,non_ess
0.0722543352601156,0.012706370472815282,0.0,0.0,0.0995096035962403,0.01654533421575116,0.0972865651886168,0.750909261287432,0.9080014749262536,0.3037723362011913,2.2281553398058254,YNL283C,non_ess,non_ess
0.0,0.0,0.10810810810810813,4.0,0.010829587249693505,0.0,0.0,0.0,0.0,1.0,1.9174311926605507,YLL009C,non_ess,non_ess
0.03468208092485549,0.005532025239865157,0.054054054054054064,1.0,0.1755210461789947,0.004567948229920061,0.02436239055957366,0.19113257067297096,0.6558704453441294,0.39208222306813856,2.035573122529644,YLR240W,non_ess,non_ess
0.017341040462427744,0.0019880715705765406,0.0,1.0,0.20004086636698,0.0020087043856712424,0.007700033478406427,0.09236285586450944,0.5467289719626168,0.5969199866086374,2.8528,YDL031W,ess,ess
0.06647398843930635,0.01737401676895151,0.1891891891891892,1.0,0.21659174499387007,0.007120743034055728,0.062229102167182665,0.12377102334532675,0.9052364864864864,0.19752321981424148,0.8035264483627204,YER033C,non_ess,non_ess
0.008670520231213872,0.0013830063099662892,0.0,0.0,0.03575807110747855,0.005217391304347826,0.02782608695652174,0.1825685618729097,0.2897435897435897,0.8643478260869565,1.5482866043613708,YDL165W,ess,ess
0.02023121387283237,0.003803267352407295,0.08108108108108109,1.5,0.09521863506334287,0.00483425414364641,0.03038674033149171,0.1016279719411509,0.4561797752808989,0.31906077348066303,1.1876606683804627,YNL071W,non_ess,non_ess
0.023121387283236997,0.0036303915636615096,0.027027027027027032,2.0,0.06926849203105845,0.007497656982193066,0.03936269915651359,0.18589778929378686,0.9815126050420168,0.5876288659793815,1.1525735294117647,YLR287C,non_ess,non_ess
0.04046242774566474,0.006569279972339874,0.0,0.0,0.220065386187168,0.004266991770801585,0.02316366961292289,0.1591938642161386,0.4286865431103949,0.2471807375800061,1.3251633986928104,YER111C,non_ess,non_ess
0.02023121387283237,0.004667646296136226,0.054054054054054064,0.5,0.0190028606456886,0.02127659574468085,0.1641337386018237,0.31217300313916985,1.7595628415300548,0.6595744680851063,0.8250950570342205,YAL047W-A,non_ess,non_ess
0.04624277456647399,0.013138559944679749,0.054054054054054064,1.0,0.1926849203105844,0.0055574852379298365,0.05279610976033345,0.25140308221056284,1.0058479532163742,0.2563390065995137,0.786780383795309,YHR120W,non_ess,non_ess
0.05491329479768786,0.012274181000950816,0.08108108108108109,1.0,0.10053126277073968,0.012450851900393184,0.09305373525557012,0.20341540672999686,0.6084130922840599,0.5117955439056356,0.961822660098522,YMR020W,non_ess,non_ess
0.07514450867052022,0.01037254732474717,0.027027027027027032,2.0,0.19309358398038412,0.00901213171577123,0.0415944540727903,0.4218535941239581,1.2380952380952381,0.3334488734835355,1.0083857442348008,YDL035C,non_ess,non_ess
0.031791907514450865,0.00950816838101824,0.0,1.0,0.11115651818553332,0.006539833531510107,0.06539833531510107,0.16963585666886474,0.6364628820960699,0.2336504161712248,1.31,YPR072W,non_ess,non_ess
0.02023121387283237,0.005532025239865157,0.054054054054054064,2.0,0.04577033101757255,0.00969529085872576,0.0886426592797784,0.26642397244890315,1.0945945945945943,0.278393351800554,0.943661971830986,YNL129W,non_ess,non_ess
0.10115606936416184,0.021004408332613016,0.054054054054054064,0.6666666666666666,0.14160196158561505,0.016439643024894316,0.11413809300140912,0.5112537822102308,1.1910054719562242,0.13339596054485675,0.613390928725702,YPL240C,non_ess,non_ess
0.031791907514450865,0.006915031549831446,0.054054054054054064,2.0,0.02308949734368615,0.028277634961439587,0.20565552699228792,0.4942312922782666,2.196245733788396,0.3213367609254499,0.8680555555555556,YML057C-A,non_ess,non_ess
0.017341040462427744,0.0007779410493560378,0.0,0.0,0.09337964854924398,0.00422237860661506,0.0063335679099225895,0.1132711705371804,0.4131944444444444,0.4152005629838142,1.586021505376344,YLR212C,ess,ess
0.0028901734104046237,0.0005186273662373584,0.027027027027027032,2.0,0.06763383735185942,0.0009587727708533076,0.005752636625119847,0.05173310366121196,0.5805084745762712,0.7651006711409396,1.153179190751445,YDR439W,non_ess,non_ess
0.04046242774566474,0.009335292592272452,0.16216216216216214,1.5,0.044748671843073164,0.0198019801980198,0.15275813295615276,0.5078330617871913,0.5185185185185185,0.2489391796322489,1.011494252873563,YIL152W,non_ess,non_ess
0.017341040462427744,0.0017287578874578616,0.0,0.0,0.08377605230894974,0.0046875,0.015625,0.0991311659192825,0.290299740382346,0.4140625,1.1228813559322033,YLR321C,ess,ess
0.005780346820809247,0.0007779410493560378,0.16216216216216214,0.6,0.032080098079280764,0.003838771593090211,0.01727447216890595,0.11088144101579804,0.31501831501831506,0.8483685220729367,2.351063829787234,YNL133C,non_ess,non_ess
0.060693641618497114,0.019102774656409367,0.0,0.0,0.017572537801389457,0.06818181818181818,0.7175324675324676,1.5518181818181815,1.1266666666666665,0.35714285714285715,1.6176470588235294,YML084W,non_ess,non_ess
0.026011560693641616,0.002333823148068113,0.027027027027027032,0.5,0.04515733551287291,0.012622720897615708,0.03786816269284712,0.5301542776998598,1.6513761467889911,0.17391304347826084,0.5933014354066986,YHR185C,non_ess,non_ess
0.02023121387283237,0.00224738525369522,0.08108108108108109,1.0,0.09624029423784226,0.004784688995215311,0.0177717019822283,0.0914809660878019,0.4880478087649402,0.4272043745727957,1.3706140350877194,YCR066W,non_ess,non_ess
0.05780346820809248,0.007347221021695911,0.0,0.0,0.07069881487535759,0.018382352941176468,0.078125,0.8060661764705882,0.9736842105263156,0.23621323529411764,1.007843137254902,YDR414C,non_ess,non_ess
0.08959537572254335,0.018929898867663584,0.027027027027027032,1.0,0.13465467919901922,0.015293537247163296,0.1080414405525407,1.091618703064189,0.9555555555555556,0.10705476073014307,0.8857142857142857,YLR413W,non_ess,non_ess
0.08959537572254335,0.031722707234851766,0.08108108108108109,0.5,0.03677973028197794,0.05254237288135593,0.6220338983050847,1.0789658368644066,1.4849917763157894,0.12542372881355932,0.6271186440677965,YPR037C,non_ess,non_ess
0.008670520231213872,0.0006915031549831446,0.027027027027027032,0.3333333333333333,0.07519411524315489,0.002599653379549393,0.006932409012131714,0.09719208307239707,0.28700711053652234,0.8188908145580589,3.735177865612648,YBR234C,ess,ess
0.10982658959537572,0.022819604114443767,0.027027027027027032,0.2,0.19166326113608498,0.013268156424581005,0.09217877094972067,0.3835951251243591,1.0410958904109588,0.18016759776536312,0.900523560209424,YBR229C,non_ess,non_ess
0.02890173410404624,0.0028524505143054713,0.13513513513513514,1.0,0.029628116060482226,0.020618556701030927,0.06804123711340206,0.3194516225552865,1.1797964568413115,0.27628865979381445,0.6350710900473934,YOR276W,non_ess,non_ess
0.1936416184971098,0.0498746650531593,0.054054054054054064,0.6666666666666666,0.18062934205149164,0.024796447076239826,0.21354552183567727,0.5401027445943892,0.9598594404649275,0.10399703923019986,0.7007481296758106,YKR009C,non_ess,non_ess
0.03757225433526011,0.005704901028610943,0.027027027027027032,0.25,0.07866775643645281,0.010788381742738587,0.054771784232365145,0.5135626350262337,0.7571822117276663,0.17178423236514526,1.0247524752475248,YPR023C,non_ess,non_ess
0.05491329479768786,0.01236061889532371,0.08108108108108109,1.5,0.033714752758479766,0.03486238532110092,0.26238532110091745,1.1145633707101599,1.9703703703703703,0.13944954128440368,0.3568075117370892,YDL192W,non_ess,non_ess
0.06358381502890173,0.009940357852882704,0.08108108108108109,0.6,0.2648140580302411,0.00558659217877095,0.02920264093448452,0.19242239677405806,1.201046093494606,0.33494159471813106,1.9745508982035929,YNL250W,non_ess,non_ess
0.005780346820809247,0.0007779410493560378,0.027027027027027032,1.0,0.009603596240294238,0.010471204188481676,0.04712041884816754,0.36923632424625386,0.5011494252873564,0.9109947643979056,1.318181818181818,YPL038W-A,non_ess,non_ess
0.03468208092485549,0.005013397873627798,0.21621621621621626,2.0,0.033101757253780145,0.022388059701492536,0.1082089552238806,0.6998600746268656,0.8509615384615383,0.2835820895522388,1.2773109243697478,YDR059C,non_ess,non_ess
0.008670520231213872,0.0016423199930849686,0.054054054054054064,0.4,0.10175725378013896,0.0019430051813471504,0.012305699481865284,0.03554509886856297,0.15486194477791118,0.8471502590673575,2.544747081712062,YCR053W,non_ess,non_ess
0.049132947976878616,0.007433658916068805,0.08108108108108109,0.6,0.04270535349407438,0.025110782865583457,0.12703101920236334,0.6616399299233967,0.7906976744186047,0.16395864106351551,0.9327731092436976,YDR304C,non_ess,non_ess
0.017341040462427744,0.0026795747255596854,0.0,0.0,0.0931753167143441,0.0042313117066290545,0.021861777150916785,0.08184537206534026,0.3655210038188762,0.7411847672778561,1.6924315619967794,YHR005C,non_ess,ess
0.02023121387283237,0.004840522084882012,0.0,0.0,0.07703310175725378,0.0059271803556308214,0.04741744284504657,0.15132454336518691,0.3809523809523809,0.5063505503810329,2.0409556313993176,YBR267W,non_ess,ess
0.06936416184971098,0.013311435733425534,0.3783783783783784,1.4,0.02063751532488762,0.0679886685552408,0.43626062322946174,1.655741064432524,0.9872340425531916,0.1671388101983003,0.9076923076923076,YJR146W,non_ess,non_ess
0.01445086705202312,0.0015558820987120756,0.027027027027027032,0.3333333333333333,0.1213731099305272,0.002729257641921397,0.009825327510917031,0.12702112592942286,0.33445945945945943,0.3766375545851529,1.4465408805031448,YHR188C,ess,ess
0.026011560693641616,0.005186273662373585,0.027027027027027032,0.5,0.05353494074376789,0.01076555023923445,0.07177033492822966,0.2947803392779469,1.4386363636363635,0.19617224880382766,0.5015290519877675,YBR185C,non_ess,non_ess
0.0953757225433526,0.02558561673437635,0.08108108108108109,3.0,0.1385369840621169,0.01583493282149712,0.1420345489443378,0.6344413743645989,1.2298136645962734,0.2154510556621881,1.7335907335907337,YOR384W,non_ess,non_ess
0.026011560693641616,0.001901633676203648,0.054054054054054064,1.0,0.04290968532897426,0.013235294117647059,0.032352941176470584,0.4646341463414634,0.6439024390243903,0.2852941176470588,1.4477611940298507,YMR233W,non_ess,non_ess
0.02890173410404624,0.005186273662373585,0.2702702702702703,2.0,0.017300095354856288,0.03289473684210526,0.1973684210526316,0.6642300194931774,0.7340067340067339,0.6151315789473685,2.308641975308642,YJL205C,non_ess,non_ess
0.0,0.0,0.13513513513513514,1.6666666666666667,0.01736820596648958,0.0,0.0,0.0,0.0,1.0,1.8263473053892216,YIL102C,non_ess,non_ess
0.026011560693641616,0.006396404183594088,0.32432432432432434,2.0,0.010829587249693505,0.0430622009569378,0.35406698564593303,0.9650446083449988,0.8702432938240798,0.3779904306220096,0.908045977011494,YIL002W-A,non_ess,non_ess
0.05202312138728323,0.011323364162848992,0.0,1.0,0.24765018389865145,0.004883342376559957,0.03553988062940857,0.11425428766897072,0.5825098814229249,0.4264785675529029,2.3117647058823527,YPL012W,ess,non_ess
0.026011560693641616,0.0033710778805428297,0.2432432432432433,3.0,0.04025337147527585,0.0140405616224649,0.0608424336973479,0.2895692065306375,0.5994599459945995,0.4430577223088923,1.6511627906976745,YPL166W,non_ess,non_ess
0.017341040462427744,0.005532025239865157,0.054054054054054064,0.5,0.019615856150388238,0.017751479289940832,0.1893491124260355,0.4570178984894704,1.7639751552795029,1.0,1.0,YIL020C-A,non_ess,non_ess
0.03468208092485549,0.016250324142103898,0.054054054054054064,4.0,0.011646914589293013,0.05429864253393665,0.8506787330316742,1.5964471258588906,1.2654320987654322,0.28054298642533937,0.8985507246376812,YGR291C,non_ess,non_ess
0.04046242774566474,0.009335292592272452,0.0,0.0,0.1710257458111974,0.0054666146036704425,0.04217102694260055,0.10818315386843308,0.383983983983984,0.2256930886372511,1.2219873150105711,YKL188C,non_ess,non_ess
0.0028901734104046237,0.00017287578874578615,0.027027027027027032,0.14285714285714285,0.04025337147527585,0.0015600624024961,0.0031201248049922,0.047310127699225615,0.26357466063348417,0.8252730109204368,2.3,YMR117C,ess,ess
0.011560693641618495,0.003889705246780188,0.027027027027027032,1.0,0.022680833673886392,0.010443864229765013,0.1174934725848564,0.3178192444966105,0.4243119266055045,0.4882506527415144,1.113095238095238,YPL182C,non_ess,non_ess
0.08670520231213873,0.033797216699801194,0.027027027027027032,2.0,0.21046178994687373,0.009554140127388536,0.12452229299363055,0.21885508565098705,1.2619988706945229,0.20414012738853504,0.7036223929747529,YJL084C,non_ess,non_ess
0.04046242774566474,0.015645258881493648,0.13513513513513514,1.0,0.04903964037597058,0.01818181818181818,0.23506493506493506,0.31755651755651754,1.3796296296296295,0.2233766233766233,1.1700680272108843,YCL005W,non_ess,non_ess
0.0028901734104046237,8.643789437289306e-05,0.0,0.0,0.19554556599918269,0.00034234851078397807,0.00034234851078397807,0.011984660816365737,0.04172661870503597,0.9852790140362888,6.046218487394958,YDR238C,ess,ess
0.023121387283236997,0.0035439536692886157,0.0,0.0,0.19513690232938294,0.00274442538593482,0.014065180102915952,0.07579533318230362,0.18867924528301885,0.3804459691252144,3.9049295774647885,YEL032W,ess,ess
0.04046242774566474,0.011150488374103209,0.027027027027027032,2.0,0.11279117286473235,0.008206330597889801,0.07561547479484174,0.2033540362342338,0.5014184397163122,0.4261430246189918,2.5155709342560555,YKR015C,non_ess,non_ess
0.02890173410404624,0.027141498833088425,0.027027027027027032,1.0,0.020024519820187988,0.02906976744186046,0.9127906976744186,1.0335114834609274,0.6677018633540374,0.3052325581395349,1.7796610169491525,YER121W,non_ess,non_ess
0.0,0.0,0.0,1.0,0.0036779730281977937,0.0,0.0,0.0,0.0,1.0,1.0,YLR399W-A,non_ess,non_ess
0.0028901734104046237,8.643789437289306e-05,0.027027027027027032,0.25,0.0678381691867593,0.0009560229445506693,0.0009560229445506693,0.0243389247455476,0.07121263016459521,0.887189292543021,4.017316017316017,YOL086C,non_ess,ess
0.026011560693641616,0.0112369262684761,0.0,0.0,0.0670208418471598,0.008704061895551255,0.12572533849129594,0.4271134372511093,1.08,0.2872340425531915,1.2692307692307694,YPL118W,non_ess,non_ess
0.13583815028901733,0.0261906819949866,0.0,0.0,0.07968941561095219,0.038524590163934426,0.2483606557377049,0.6025009433566727,0.7524808184143225,0.09754098360655736,0.9083969465648856,YDR076W,non_ess,non_ess
0.05780346820809248,0.010113233641628491,0.2702702702702703,2.0,0.026358806702084188,0.04576659038901602,0.2677345537757437,1.3985656392621095,1.5083798882681565,0.3043478260869565,1.0901639344262295,YNL179C,non_ess,non_ess
0.0028901734104046237,0.00017287578874578615,0.0,0.0,0.10870453616673477,0.0006075334143377885,0.001215066828675577,0.017573187022180626,0.031055900621118005,0.6421628189550426,5.258706467661692,YDR232W,ess,ess
0.011560693641618495,0.003457515774915723,0.16216216216216214,1.0,0.043931344503473635,0.005755395683453238,0.05755395683453238,0.2013273102448274,0.5064599483204134,1.0,1.0,YDL010W,non_ess,non_ess
0.13872832369942195,0.03958855562278503,0.1891891891891892,0.875,0.05046996322026972,0.0606826801517067,0.5790139064475348,1.2467813927087903,1.3903884134298878,0.09355246523388117,0.8314606741573034,YDR405W,non_ess,non_ess
0.12716763005780346,0.05255423977871899,0.10810810810810813,2.0,0.051287290559869234,0.0547945205479452,0.7571606475716065,2.472328767123288,1.7725714285714285,0.1843088418430884,0.7512690355329948,YFL013W-A,non_ess,non_ess
0.008670520231213872,0.0003457515774915723,0.027027027027027032,2.0,0.021250510829587253,0.008287292817679558,0.011049723756906077,0.31503517967606365,0.3623931623931624,0.8618784530386742,1.3866666666666667,YOL161C,non_ess,non_ess
0.02023121387283237,0.0015558820987120756,0.16216216216216214,1.5,0.0406620351450756,0.010819165378670788,0.027820710973724884,0.2275270479134467,0.481923076923077,0.3554868624420402,1.377245508982036,YAL007C,non_ess,non_ess
0.0028901734104046237,0.0002593136831186792,0.10810810810810813,2.0,0.04692821141533851,0.0013531799729364006,0.0040595399188092015,0.028725724630964962,0.21575342465753425,0.8294993234100135,1.9838187702265373,YLR211C,non_ess,non_ess
0.01445086705202312,0.001901633676203648,0.08108108108108109,1.5,0.022476501838986515,0.013157894736842105,0.05789473684210526,0.3312665656948125,0.6526207605344296,0.3236842105263158,1.268041237113402,YLR334C,non_ess,non_ess
0.011560693641618495,0.0008643789437289308,0.0,0.0,0.0596648957907642,0.0043196544276457895,0.01079913606911447,0.07162792215917436,0.19439917024744405,0.4038876889848812,2.125,YDR075W,non_ess,ess
0.03757225433526011,0.00509983576800069,0.027027027027027032,0.25,0.10114425827543932,0.008469055374592834,0.03843648208469056,0.32095175518306746,0.24549356223175964,0.3921824104234528,4.151724137931034,YFL016C,non_ess,non_ess
0.049132947976878616,0.00950816838101824,0.0,0.0,0.1873722926031876,0.006069260978222063,0.03927168868261336,0.25663009479556875,0.347705914870094,0.35772938236344165,2.636842105263158,YPR019W,ess,ess
0.0,0.0,0.0,1.0,0.02778912954638333,0.0,0.0,0.0,1.0,1.0,1.0,YEL048C,non_ess,non_ess
0.05780346820809248,0.005186273662373585,0.054054054054054064,1.0,0.1393543114017164,0.009541984732824428,0.02862595419847328,0.33797474319102816,0.5265068990559186,0.3859732824427481,1.2820919175911252,YDL039C,non_ess,non_ess
0.031791907514450865,0.005445587345492263,0.10810810810810813,0.6666666666666666,0.04577033101757255,0.015235457063711913,0.08725761772853187,0.3502584458977068,0.6205612829324169,0.2423822714681441,1.25,YPL077C,non_ess,non_ess
0.026011560693641616,0.0049269599792549044,0.0,1.0,0.05230894973436862,0.011002444987775063,0.06968215158924206,0.3795843520782396,1.1965909090909088,0.5061124694376528,1.6967213114754098,YNR068C,non_ess,non_ess
0.02023121387283237,0.008557351542916414,0.027027027027027032,0.2,0.03044544340008173,0.014084507042253518,0.1991951710261569,0.31320659382302785,0.5165103954341623,0.2635814889336016,1.1196581196581197,YMR022W,non_ess,non_ess
0.05491329479768786,0.02273316622007088,0.027027027027027032,1.0,0.03677973028197794,0.03220338983050846,0.4457627118644068,0.8609670987038883,1.6426024955436718,0.1847457627118644,0.7517241379310344,YDR066C,non_ess,non_ess
0.017341040462427744,0.0016423199930849686,0.0,1.0,0.0461789946873723,0.008241758241758242,0.0260989010989011,0.2589937994965928,1.1173184357541899,0.2898351648351649,0.43505154639175264,YGR057C,non_ess,non_ess
0.031791907514450865,0.005791338922983836,0.0,1.0,0.2331426236207601,0.0031672905269219693,0.01929167866397927,0.102999045860786,0.3666666666666668,0.6556291390728477,3.9258620689655173,YKR082W,non_ess,ess
0.011560693641618495,0.004840522084882012,0.0,1.0,0.040049039640375976,0.006269592476489028,0.0877742946708464,0.3833525820821647,0.42105263157894735,0.4529780564263322,1.12890625,YFL056C,non_ess,non_ess
0.011560693641618495,0.0007779410493560378,0.054054054054054064,0.5,0.05803024111156519,0.004434589800443459,0.00997782705099778,0.07231792597646255,0.39835164835164827,0.6130820399113082,2.229838709677419,YIL061C,ess,non_ess
0.011560693641618495,0.0018151957818307548,0.054054054054054064,2.0,0.07498978340825503,0.0034752389226759338,0.018245004344048653,0.05369627836992657,0.2523659305993691,0.4665508253692442,2.497674418604652,YML008C,non_ess,non_ess
0.017341040462427744,0.002420261042441006,0.0,0.0,0.049856967715570084,0.007672634271099744,0.03580562659846547,0.26218487394957984,0.4171428571428572,0.3375959079283887,0.9814126394052044,YPL163C,non_ess,non_ess
0.09248554913294796,0.021177284121358803,0.054054054054054064,0.4,0.18696362893338786,0.01144901610017889,0.08765652951699464,0.21152709876291426,1.0076004343105318,0.10518783542039356,0.6805555555555556,YOR219C,non_ess,non_ess
0.049132947976878616,0.013397873627798429,0.21621621621621626,2.0,0.021046178994687373,0.04735376044568245,0.43175487465181056,0.9724168697771588,0.967041015625,0.7715877437325905,0.9486301369863012,YPR038W,non_ess,non_ess
0.02890173410404624,0.01037254732474717,0.027027027027027032,1.0,0.0913363302002452,0.007189072609633356,0.08626887131560029,0.25482866043613706,0.6533333333333333,0.21926671459381736,0.8333333333333333,YKL133C,non_ess,non_ess
0.09248554913294796,0.025499178840003456,0.2972972972972973,3.6666666666666665,0.15999182672660406,0.013338891204668612,0.12296790329303875,0.2955244957507805,0.7202332361516036,0.16465193830762814,1.945812807881773,YCL030C,non_ess,non_ess
0.060693641618497114,0.019275650445155158,0.13513513513513514,1.25,0.07723743359215368,0.01773648648648649,0.1883445945945946,0.4978687183277027,0.6562499999999999,0.1908783783783784,1.036697247706422,YLR099C,non_ess,non_ess
0.04624277456647399,0.015040193620883397,0.08108108108108109,1.0,0.2760523089497344,0.0038995856690226655,0.0424079941506215,0.07814863835707396,0.4605021432945498,0.4906166219839142,1.219261053906723,YIR019C,non_ess,non_ess
0.017341040462427744,0.009248854697899558,0.10810810810810813,2.0,0.04495300367797303,0.008450704225352112,0.15070422535211267,0.44504481434058896,0.9109090909090908,0.2676056338028169,0.5588235294117647,YIR042C,non_ess,non_ess
0.005780346820809247,0.001210130521220503,0.0,0.0,0.04720065386187168,0.00269179004037685,0.018842530282637958,0.0637181596131798,0.12280701754385966,1.0,1.4771371769383697,YKL152C,ess,ess
0.04624277456647399,0.011409802057221884,0.35135135135135137,1.4444444444444444,0.027584797711483453,0.035164835164835165,0.2901098901098901,0.9470941429704316,5.085910652920963,0.5846153846153846,1.1465517241379313,YHR021W-A,non_ess,non_ess
0.02023121387283237,0.017633330452070186,0.027027027027027032,0.5,0.019411524315488357,0.020895522388059702,0.6089552238805971,0.3861683946678819,1.1274809160305344,0.3164179104477612,0.6838709677419355,YDR079W,non_ess,non_ess
0.0028901734104046237,0.0006050652606102515,0.054054054054054064,1.0,0.007560277891295466,0.006211180124223602,0.043478260869565216,0.20862257946656929,0.5098039215686275,1.0,1.0,YGL014C-A,non_ess,non_ess
0.01445086705202312,0.0014694442043391822,0.08108108108108109,0.5,0.1240294237842256,0.002672367717797969,0.009086050240513094,0.07490192914696006,0.33018867924528306,0.4879743452699091,3.0132013201320134,YPR048W,ess,ess
0.03757225433526011,0.09041403751404617,0.027027027027027032,0.3333333333333333,0.08643236616264814,0.00985595147839272,0.7930250189537529,0.20245640636846096,0.34125000000000005,0.489764973464746,1.401301518438178,YDR527W,ess,non_ess
0.06647398843930635,0.014435128360273143,0.0,0.0,0.2272170004086637,0.006792675723567632,0.04932073242764324,0.18263118404878595,0.6256320836965998,0.2720023626698169,1.831013916500993,YPL115C,non_ess,non_ess
0.017341040462427744,0.001901633676203648,0.0,0.0,0.17123007764609727,0.00234009360374415,0.00858034321372855,0.07520461955918996,0.2218009478672986,0.7250390015600624,2.717836257309941,YDL040C,non_ess,ess
0.05202312138728323,0.006482842077966981,0.027027027027027032,1.0,0.12178177360032695,0.009793253536452664,0.040805223068552776,0.48296202966611296,1.223684210526316,0.26278563656147985,1.4815950920245398,YMR098C,non_ess,non_ess
0.03757225433526011,0.008470913648543521,0.13513513513513514,0.5,0.06988148753575807,0.0120817843866171,0.09107806691449814,0.27708044072199584,0.6057760453579023,0.17843866171003714,1.1566265060240963,YBR053C,non_ess,non_ess
0.017341040462427744,0.011582677845967672,0.10810810810810813,1.0,0.002860645688598284,0.06521739130434782,1.4565217391304348,2.283295194508009,0.7172932330827068,0.6956521739130435,3.0476190476190483,YNR075C-A,non_ess,non_ess
0.017341040462427744,0.014262252571527356,0.0,0.0,0.1920719248058848,0.0020905923344947735,0.05749128919860628,0.046358148893360165,0.17425934919864008,0.8397212543554007,5.835351089588378,YGR140W,ess,ess
0.04335260115606936,0.009162416803526663,0.10810810810810813,0.8,0.30404577033101754,0.003322995126273815,0.02348249889233496,0.07596855957511696,0.4081632653061225,0.1891891891891892,0.9918699186991872,YPL167C,non_ess,non_ess
0.0,0.0,0.0,1.0,0.07825909276665305,0.0,0.0,0.0,0.0,1.0,3.1719576719576716,YDR021W,ess,ess
0.04335260115606936,0.011323364162848992,0.0,1.0,0.19513690232938294,0.005145797598627789,0.04493996569468268,0.10620430926151844,0.5963729365263893,0.14099485420240138,1.073107049608355,YMR080C,non_ess,non_ess
0.05202312138728323,0.012619932578442388,0.027027027027027032,0.3333333333333333,0.09726195341234163,0.012178619756427604,0.09878213802435724,0.40564678345463184,0.8513513513513513,0.17929634641407308,0.9814814814814816,YPR169W,ess,non_ess
0.026011560693641616,0.022906042008816664,0.10810810810810813,1.3333333333333333,0.010216591744993873,0.045,1.325,1.3350955414012742,1.2693357597816195,0.515,1.7758620689655171,YDR119W-A,non_ess,non_ess
0.06647398843930635,0.00898954101478088,0.08108108108108109,1.0,0.08520637515324889,0.017678708685626442,0.07993850883935434,0.5734756623633313,0.8292517006802724,0.14142966948501154,0.14142966948501154,YGL134W,non_ess,non_ess
0.008670520231213872,0.002420261042441006,0.0,1.0,0.10809154066203516,0.0018326206475259624,0.017104459376908982,0.08901892602348961,0.10505606925044264,0.4538790470372633,1.3733826247689465,YBL099W,non_ess,non_ess
0.04046242774566474,0.004149018929898867,0.0,1.0,0.046042773464105714,0.01928374655647383,0.06611570247933883,0.6830358925220585,1.8599033816425121,0.22176308539944906,0.5331125827814569,YGL033W,non_ess,non_ess
0.1213872832369942,0.0499611029475322,0.027027027027027032,1.0,0.035962402942378416,0.0726643598615917,1.0,1.1792982847788072,1.1472005932517613,0.726643598615917,1.0047846889952154,YGL165C,non_ess,non_ess
0.026011560693641616,0.0025931368311867924,0.027027027027027032,1.0,0.03841438496117695,0.01465798045602606,0.0488599348534202,0.4982866072941575,2.1589595375722537,0.28013029315960913,0.5695364238410596,YNL190W,non_ess,non_ess
0.0028901734104046237,0.0017287578874578616,0.054054054054054064,2.0,0.012872905598692277,0.0041841004184100415,0.08368200836820082,0.14628854796218813,0.9814814814814816,0.5564853556485355,0.59375,YCL048W-A,non_ess,non_ess
0.02023121387283237,0.01348431152217132,0.13513513513513514,1.0,0.003473641193297916,0.06930693069306931,1.5445544554455446,2.633168316831683,1.7500000000000002,0.4455445544554456,0.9782608695652174,YLR120W-A,non_ess,non_ess
0.0028901734104046237,8.643789437289306e-05,0.0,0.0,0.029628116060482226,0.002061855670103093,0.002061855670103093,0.05945017182130585,0.2073170731707317,0.865979381443299,1.6935483870967745,YJL011C,ess,ess
0.017341040462427744,0.00561846313423805,0.08108108108108109,6.0,0.0480179812014712,0.007947019867549669,0.08609271523178808,0.2646968925114621,0.9656804733727812,0.30463576158940403,1.036036036036036,YLR126C,non_ess,non_ess
0.1936416184971098,0.058604892384821514,0.054054054054054064,4.0,0.2374335921536576,0.018947963800904976,0.1917420814479638,0.6984817813765182,1.4235867446393762,0.1201923076923077,1.1871508379888271,YNL087W,non_ess,non_ess
0.01445086705202312,0.002506698936813899,0.0,0.0,0.08765835717204741,0.0037397157816005983,0.02169035153328347,0.0972033937920718,0.2105034722222222,0.32161555721765145,1.0411622276029056,YBR279W,non_ess,ess
0.05491329479768786,0.011064050479730312,0.054054054054054064,0.6666666666666666,0.09726195341234163,0.012855209742895805,0.08660351826792964,0.22984455778772425,0.6312151616499443,0.1975642760487145,1.1274131274131274,YGR256W,non_ess,non_ess
0.023121387283236997,0.0035439536692886157,0.027027027027027032,2.0,0.017163874131589704,0.026490066225165563,0.1357615894039735,0.5062404482934284,0.40625,0.3741721854304636,1.1530612244897958,YDR114C,non_ess,non_ess
0.02890173410404624,0.003111764197424151,0.21621621621621626,1.0,0.07376379239885575,0.0088261253309797,0.03177405119152692,0.29750984261729324,0.6675479180436219,0.27537511032656664,1.1863117870722435,YMR214W,non_ess,non_ess
0.07514450867052022,0.015040193620883397,0.10810810810810813,1.3333333333333333,0.025132815692684926,0.06205250596658711,0.4152744630071599,1.8161624511673176,0.9346611610395918,0.19809069212410504,0.8924731182795699,YPR064W,non_ess,non_ess
0.03468208092485549,0.0029388884086783643,0.2702702702702703,2.5,0.13547200653861874,0.005885237861696911,0.016674840608141242,0.3255504994381709,1.4852320675105488,0.23001471309465424,0.4580078125,YKL179C,non_ess,non_ess
0.023121387283236997,0.010113233641628491,0.054054054054054064,1.0,0.05741724560686556,0.008958566629339306,0.13101903695408734,0.4107158239297097,1.0615384615384615,0.3101903695408735,0.6925,YMR096W,non_ess,non_ess
0.0722543352601156,0.009853919958509809,0.4324324324324325,3.2,0.03453208009807928,0.04488330341113106,0.20466786355475766,0.769715158498352,0.9819324430479182,0.1400359066427289,0.8125,YER034W,non_ess,non_ess
0.0028901734104046237,0.0003457515774915723,0.054054054054054064,2.0,0.014507560277891298,0.0038022813688212928,0.015209125475285171,0.13579838724490734,0.8019323671497586,0.7794676806083649,1.1988304093567252,YGL032C,non_ess,non_ess
0.05491329479768786,0.008816665226035093,0.027027027027027032,0.3333333333333333,0.07744176542705354,0.016006739679865205,0.08593091828138164,0.3878124122437517,0.9869281045751632,0.21061499578770007,0.9765625,YGR010W,non_ess,non_ess
0.04335260115606936,0.007347221021695911,0.0,1.0,0.2932161830813241,0.003444316877152698,0.019517795637198614,0.14495135657743669,0.6842105263157894,0.2934557979334099,1.5250596658711215,YGR116W,ess,non_ess
0.0028901734104046237,0.001210130521220503,0.1891891891891892,0.7777777777777778,0.016346546791990192,0.003448275862068965,0.04827586206896552,0.14285714285714285,0.6428571428571429,0.6241379310344828,1.0,YDR322C-A,non_ess,non_ess
0.0838150289017341,0.04079868614400553,0.054054054054054064,2.0,0.09113199836534533,0.020893371757925067,0.3400576368876081,0.4160064870667024,1.1153846153846152,0.1484149855907781,1.1444444444444444,YGR004W,non_ess,non_ess
0.05780346820809248,0.009681044169764024,0.0,0.0,0.11728647323252965,0.011286681715575621,0.06320541760722348,0.3345542825503641,0.8490566037735848,0.21388261851015802,0.5242047026279392,YEL063C,non_ess,non_ess
0.017341040462427744,0.0012965684155933962,0.13513513513513514,1.6666666666666667,0.02778912954638333,0.013100436681222708,0.03275109170305677,0.5716068086623296,0.2328931572629052,0.3231441048034934,1.3214285714285714,YCL058C,non_ess,non_ess
0.011560693641618495,0.00224738525369522,0.027027027027027032,0.125,0.07948508377605233,0.003286770747740345,0.021364009860312245,0.07860245918250787,0.2774993405433922,0.5932621199671323,3.9239130434782608,YKL149C,non_ess,ess
0.0838150289017341,0.02472123779064742,0.027027027027027032,0.5,0.22456068655496528,0.008664475649835673,0.08544965640872422,0.2634468947585171,0.9862612612612612,0.29399462204959664,1.5351014040561624,YHR079C,non_ess,non_ess
0.05202312138728323,0.007779410493560376,0.054054054054054064,0.6666666666666666,0.06538618716796077,0.01782178217821782,0.0891089108910891,0.5930303266547127,0.9921259842519684,0.2306930693069307,0.7740863787375416,YIL096C,non_ess,non_ess
0.017341040462427744,0.0025931368311867924,0.0,1.0,0.0860237024928484,0.00456968773800457,0.02284843869002285,0.0985574123023162,1.0897058823529409,0.2817974105102818,0.6560283687943262,YMR323W,non_ess,non_ess
0.02890173410404624,0.0112369262684761,0.0,1.0,0.11606048222313035,0.005701254275940707,0.07411630558722919,0.15224460492419445,0.4828042328042329,0.23717217787913344,1.429553264604811,YNL076W,non_ess,non_ess
0.08670520231213873,0.035439536692886166,0.5135135135135136,1.1875,0.02411115651818553,0.07425742574257425,1.0148514851485149,3.095709570957096,0.5942857142857144,0.35396039603960394,1.075187969924812,YPL062W,non_ess,non_ess
0.02023121387283237,0.002333823148068113,0.0,0.0,0.14221495709031468,0.003274087932647334,0.012628624883068287,0.3497580021962826,0.2408317580340265,0.35640785781103834,3.3130434782608686,YDR211W,ess,ess
0.0838150289017341,0.014262252571527356,0.0,0.0,0.10993052717613404,0.017427884615384616,0.09915865384615384,0.4985400169683258,0.9666666666666668,0.10036057692307693,0.835,YNL117W,non_ess,non_ess
0.04624277456647399,0.00509983576800069,0.08108108108108109,3.0,0.09991826726604006,0.01054713249835201,0.03889255108767304,0.2903148604562306,0.8832271762208067,0.2762030323005933,1.4349315068493151,YER064C,non_ess,non_ess
0.09826589595375723,0.0174604546633244,0.027027027027027032,2.0,0.09889660809154067,0.022636484687083888,0.13448735019973368,0.9433508944595612,1.2034559643255296,0.23235685752330226,1.1711409395973154,YFR021W,non_ess,non_ess
0.0,0.0,0.0,0.0,0.028606456885982838,0.0,0.0,0.0,0.0,1.0,2.248803827751196,YER074W-A,non_ess,ess
0.02023121387283237,0.0009508168381018238,0.0,1.0,0.13833265222721702,0.003363767419509851,0.0052859202306583366,0.1781966172483552,0.3127572016460905,0.3498318116290245,2.2469135802469142,YPL106C,non_ess,non_ess
0.023121387283236997,0.0027660126199325783,0.027027027027027032,0.5,0.22353902738046588,0.002400960384153661,0.009603841536614643,0.05866876367271647,0.2160278745644599,0.4531812725090036,3.471264367816092,YNL163C,ess,ess
0.011560693641618495,0.003284639986169937,0.0,0.0,0.07008581937065796,0.003707136237256719,0.03521779425393883,0.15396573888606535,0.3817204301075269,0.8433734939759037,2.6224783861671472,YHR069C,ess,ess
0.060693641618497114,0.009767482064136915,0.0,1.0,0.4072333469554557,0.0034831647039310003,0.01874274340686681,0.1494227177338516,0.5514678558156819,0.16569912091557473,1.504518072289157,YDR170C,ess,non_ess
0.005780346820809247,0.00224738525369522,0.16216216216216214,1.5,0.02540525813921809,0.004728132387706857,0.061465721040189124,0.06711621317312526,0.10837727006444052,0.8817966903073287,4.287356321839081,YEL003W,non_ess,non_ess
0.023121387283236997,0.0035439536692886157,0.054054054054054064,0.6666666666666666,0.02145484266448713,0.021917808219178082,0.11232876712328768,1.3924011372447658,1.5094339622641508,0.7698630136986301,1.9513888888888888,YMR052C-A,non_ess,non_ess
0.03757225433526011,0.006137090500475408,0.10810810810810813,0.5714285714285714,0.02697180220678382,0.02914798206278027,0.1591928251121076,2.016157896902127,0.7436589314624933,0.31390134529147984,0.31390134529147984,YER137C,non_ess,non_ess
0.008670520231213872,0.0010372547324747168,0.027027027027027032,0.3333333333333333,0.017163874131589704,0.009933774834437088,0.039735099337748346,0.23116068316486585,0.30058479532163745,0.7350993377483444,3.083333333333333,YNL146W,non_ess,non_ess
0.023121387283236997,0.006396404183594088,0.054054054054054064,0.6666666666666666,0.020433183489987745,0.022857142857142857,0.21142857142857144,0.5132355212355213,1.141621621621622,0.3857142857142857,1.0975609756097562,YEL010W,non_ess,non_ess
0.031791907514450865,0.00509983576800069,0.0,0.0,0.14589293011851248,0.005018248175182482,0.026916058394160586,0.08637681528014446,0.5701219512195123,0.30656934306569344,1.3686354378818737,YER040W,non_ess,non_ess
0.0028901734104046237,0.00017287578874578615,0.0,1.0,0.10461789946873724,0.0006305170239596469,0.0012610340479192938,0.024057401487824658,0.1263565891472868,0.9470365699873896,2.4542483660130716,YKL139W,non_ess,ess
0.0,0.0,0.054054054054054064,1.0,0.0020433183489987745,0.0,0.0,0.0,0.0,1.0,1.0,YOR161W-A,non_ess,non_ess
0.01445086705202312,0.002160947359322327,0.027027027027027032,0.5,0.05619125459746629,0.005714285714285714,0.028571428571428567,0.14023360287511233,0.8595387840670862,0.5931428571428572,0.9301075268817206,YDR130C,non_ess,non_ess
0.04335260115606936,0.01659607571959547,0.0,0.0,0.12280343277482632,0.008094981111710739,0.10361575822989746,0.4519697787371829,0.6249999999999999,0.3880194279546681,2.246875,YPL119C,non_ess,non_ess
0.08092485549132948,0.026622871466851068,0.08108108108108109,0.6,0.10809154066203516,0.017104459376908982,0.1881490531459988,0.4410154597998214,0.8203124999999999,0.18142944410507025,1.8109756097560967,YDL085W,non_ess,non_ess
0.07803468208092486,0.019880715705765408,0.027027027027027032,2.0,0.15222721700040867,0.011816192560175057,0.10065645514223197,0.4043130948300863,0.9879518072289156,0.16761487964989058,0.8380743982494528,YOL036W,non_ess,non_ess
0.023121387283236997,0.002333823148068113,0.0,0.0,0.11442582754393135,0.004624277456647399,0.015606936416184969,0.1209777340003629,0.2309417040358744,0.5583815028901734,3.895161290322581,YLR196W,ess,ess
0.04335260115606936,0.005445587345492263,0.0,0.0,0.115038823048631,0.008625646923519264,0.03622771707878091,0.32956282696812017,0.5972022955523671,0.2288671650373778,0.868995633187773,YHR194W,non_ess,non_ess
0.02023121387283237,0.004667646296136226,0.0,1.0,0.08173273395995098,0.0056,0.0432,0.20257614678899089,0.3119266055045872,0.3624,2.1990291262135924,YIL033C,non_ess,non_ess
0.026011560693641616,0.008557351542916414,0.0,1.0,0.08949734368614631,0.006598240469208211,0.07258064516129033,0.19384560513592766,0.7337837837837838,0.4706744868035191,2.0,YPR125W,non_ess,non_ess
0.023121387283236997,0.005791338922983836,0.08108108108108109,0.3333333333333333,0.04903964037597058,0.010389610389610391,0.08701298701298701,0.25457985722886384,0.7829286239882266,0.4675324675324675,1.4693877551020411,YLL045C,non_ess,non_ess
0.03468208092485549,0.00449477050739044,0.10810810810810813,4.0,0.029628116060482226,0.024742268041237112,0.10721649484536082,0.5381276572095478,0.7190545303752851,0.3319587628865979,0.8655913978494623,YER067W,non_ess,non_ess
0.008670520231213872,0.003198202091797044,0.35135135135135137,1.625,0.041070698814875364,0.004594180704441043,0.05666156202143952,0.09020786784826652,1.4508196721311477,0.5160796324655437,0.5616666666666666,YPL220W,non_ess,non_ess
0.06936416184971098,0.021523035698850376,0.027027027027027032,1.0,0.059460563955864326,0.02600216684723727,0.26977248104008666,0.4475209297744509,1.2160000000000002,0.2383531960996749,1.0185185185185186,YDL119C,non_ess,non_ess
0.008670520231213872,0.0009508168381018238,0.0,0.0,0.03228442991418063,0.005725190839694657,0.02099236641221374,0.1782476826608506,0.29166666666666663,0.4618320610687023,2.0,YNL310C,ess,ess
0.17630057803468208,0.0536779324055666,0.0,0.0,0.35492439722108704,0.01159475384907812,0.11803839574225433,0.32902121448741345,0.7231138992993318,0.16783881391370462,1.5656028368794326,YER132C,non_ess,non_ess
0.04046242774566474,0.005359149451119371,0.0,0.0,0.11340416836943196,0.00816326530612245,0.036151603498542274,0.3605556508317613,1.0084033613445378,0.2419825072886297,0.7614678899082569,YHR184W,non_ess,non_ess
0.04335260115606936,0.008557351542916414,0.1891891891891892,0.5384615384615384,0.13179403351042093,0.007556675062972292,0.04987405541561713,0.1238087200394713,0.4553264604810997,0.2508816120906801,2.4776119402985075,YOR275C,non_ess,non_ess
0.07803468208092486,0.01322499783905264,0.0,1.0,0.15488353085410708,0.01161790017211704,0.06583476764199657,0.1816507099827883,0.6237399193548387,0.15748709122203094,1.1768488745980707,YML006C,non_ess,non_ess
0.005780346820809247,0.002333823148068113,0.0,0.0,0.010829587249693505,0.009569377990430622,0.1291866028708134,0.19867044925265692,1.7345132743362832,0.9712918660287081,0.9712918660287081,YOR329W-A,non_ess,non_ess
0.0,0.0,0.0,0.0,0.07008581937065796,0.0,0.0,0.0,0.0,1.0,4.882352941176472,YKL060C,ess,ess
0.0028901734104046237,0.0003457515774915723,0.10810810810810813,1.3333333333333333,0.010420923579893748,0.0049261083743842365,0.019704433497536943,0.1345939933259177,0.3064516129032258,0.5665024630541872,1.554054054054054,YDR182W-A,non_ess,non_ess
0.04335260115606936,0.006482842077966981,0.13513513513513514,1.25,0.07887208827135267,0.012417218543046357,0.062086092715231786,0.22819806730639275,0.4559948979591836,0.22350993377483444,1.2,YER154W,non_ess,non_ess
0.026011560693641616,0.008125162071051949,0.0,0.0,0.02881078872088272,0.019027484143763214,0.19873150105708245,1.5634249471458774,1.2692307692307692,0.5877378435517969,0.5877378435517969,YAR075W,non_ess,non_ess
0.11560693641618495,0.013397873627798429,0.0,0.0,0.30608908868001633,0.008802816901408451,0.03411091549295775,0.2672717338513842,1.078503301540719,0.18089788732394368,0.9820788530465948,YDR334W,non_ess,non_ess
0.04046242774566474,0.009767482064136915,0.0,1.0,0.10931753167143443,0.008459214501510574,0.06827794561933535,0.1738865468018248,0.4084396978379787,1.0,4.896449704142012,YOL013C,non_ess,non_ess
0.0,0.0,0.027027027027027032,0.2,0.004086636697997548,0.0,0.0,0.0,0.0,1.0,1.2941176470588236,YDL232W,non_ess,non_ess
0.04624277456647399,0.006655717866712767,0.10810810810810813,0.4,0.09337964854924398,0.011259676284306826,0.054187192118226604,0.2443804180091705,0.4230709757229009,0.31175228712174524,2.0228310502283104,YGL012W,non_ess,non_ess
0.10693641618497107,0.024807675685020316,0.2972972972972973,1.375,0.15958316305680426,0.015461763476807356,0.11993313832010027,0.3753995690894981,0.7272727272727272,0.16966151274550773,0.6744186046511628,YBR284W,non_ess,non_ess
0.03757225433526011,0.009075978909153772,0.0,0.0,0.022067838169186758,0.03475935828877005,0.2807486631016043,0.8636363636363636,0.6578947368421053,0.5775401069518716,1.0485436893203883,YBR178W,non_ess,non_ess
0.06358381502890173,0.01045898521912006,0.027027027027027032,0.3333333333333333,0.14323661626481407,0.010218300046446818,0.0562006502554575,0.31427269297780797,0.4877412623891496,0.1751045053413841,0.8568181818181818,YKR098C,non_ess,non_ess
0.017341040462427744,0.004667646296136226,0.10810810810810813,0.8,0.026358806702084188,0.013729977116704805,0.12356979405034325,0.1858970716613892,0.45507900677200896,0.6910755148741419,1.8414634146341464,YIL051C,ess,non_ess
0.017341040462427744,0.0013830063099662892,0.08108108108108109,1.0,0.05680425010216592,0.006787330316742082,0.01809954751131222,0.19343891402714933,0.8280871670702179,0.4366515837104072,1.1060171919770774,YDR184C,non_ess,non_ess
0.04335260115606936,0.0076929725991874845,0.0,0.0,0.3581937065794851,0.0028253908457336607,0.016763985684686386,0.1345416778971183,0.4356141096472588,0.41420229798455455,1.9918478260869563,YJL109C,ess,ess
0.008670520231213872,0.002074509464949433,0.0,0.0,0.08479771148344913,0.0023166023166023165,0.018532818532818532,0.03860201157498455,0.11805761805761805,0.5637065637065637,2.673992673992674,YIR012W,ess,ess
0.0,0.0,0.0,0.0,0.002860645688598284,0.0,0.0,0.0,1.0,1.0,1.0,YKL145W-A,non_ess,non_ess
0.04046242774566474,0.009767482064136915,0.1891891891891892,1.1666666666666667,0.09031467102574582,0.010174418604651164,0.08212209302325581,0.29440172543135784,1.0311827956989248,0.21729651162790692,1.1455938697318009,YJL044C,non_ess,non_ess
0.05491329479768786,0.00898954101478088,0.0,0.0,0.0976706170821414,0.012803234501347708,0.07008086253369272,0.4863095238095238,1.3282407407407406,0.21765498652291104,1.36864406779661,YNL083W,non_ess,non_ess
0.03757225433526011,0.008557351542916414,0.054054054054054064,0.4,0.09705762157744176,0.008813559322033898,0.0671186440677966,0.17373656807355708,0.1895424836601307,0.52,2.8198529411764706,YNL240C,ess,non_ess
0.03468208092485549,0.006223528394848302,0.027027027027027032,0.5,0.10747854515733553,0.00737100737100737,0.044226044226044224,0.29301578806529305,0.8033946251768036,0.2401719901719901,1.7,YNL249C,non_ess,non_ess
0.04624277456647399,0.009940357852882704,0.027027027027027032,2.0,0.10012259910093993,0.010526315789473684,0.0756578947368421,0.2044887780548628,0.7132169576059849,0.2019736842105263,0.8976608187134503,YOR347C,non_ess,non_ess
0.0028901734104046237,8.643789437289306e-05,0.027027027027027032,0.14285714285714285,0.07887208827135267,0.0008278145695364237,0.0008278145695364237,0.029307980466920864,0.1019283746556474,0.7947019867549668,2.750716332378224,YDL105W,ess,ess
0.060693641618497114,0.006396404183594088,0.08108108108108109,1.5,0.06620351450756028,0.02054794520547945,0.07240704500978473,0.9183929168058804,0.6231707317073171,0.2299412915851272,2.0085470085470085,YHR156C,non_ess,non_ess
0.0,0.0,0.054054054054054064,0.3333333333333333,0.0190028606456886,0.0,0.0,0.0,0.0,1.0,1.3373983739837398,YJR022W,ess,non_ess
0.06647398843930635,0.012274181000950816,0.32432432432432434,1.7142857142857142,0.1021659174499387,0.014838709677419357,0.09161290322580644,0.4055621301775148,0.5954142011834319,0.15548387096774194,0.8731884057971014,YPL198W,non_ess,non_ess
0.05780346820809248,0.0112369262684761,0.054054054054054064,1.0,0.1285247241520229,0.010325245224574084,0.06711409395973154,0.3053110788893198,0.8413078149920254,0.17449664429530198,0.9740634005763688,YJL106W,non_ess,non_ess
0.02023121387283237,0.0035439536692886157,0.027027027027027032,1.0,0.06232120964446261,0.0072538860103626935,0.04248704663212435,0.37946147965684207,0.4303278688524591,0.34300518134715025,2.1354838709677417,YCL050C,non_ess,non_ess
0.06358381502890173,0.019880715705765408,0.16216216216216214,3.0,0.14323661626481407,0.010218300046446818,0.1068276823037622,0.39210561534162025,0.6641949152542372,0.2043660009289364,0.9734513274336284,YLR362W,non_ess,non_ess
0.06358381502890173,0.014608004149018932,0.027027027027027032,0.2,0.0995096035962403,0.014559894109861018,0.11184645929847783,0.6623169222800911,0.6481693363844395,0.1343481138318994,1.0463917525773194,YKL175W,non_ess,non_ess
0.0028901734104046237,0.0006915031549831446,0.08108108108108109,1.0,0.015120555782590932,0.0036764705882352936,0.029411764705882363,0.14353302796528447,0.2870660559305689,0.7757352941176471,0.7757352941176471,YOR020W-A,non_ess,non_ess
0.08092485549132948,0.033365027227936724,0.13513513513513514,0.8333333333333334,0.09889660809154067,0.018641810918774968,0.2569906790945406,0.3833584849829856,1.234074074074074,0.15579227696404793,0.7748344370860927,YDR516C,non_ess,non_ess
0.03757225433526011,0.003803267352407295,0.0,1.0,0.3539027380465877,0.002478078536027449,0.008387342737323675,0.07263333640080455,0.2694991789819376,0.2689668318719024,1.8043478260869563,YNL172W,ess,ess
0.0028901734104046237,8.643789437289306e-05,0.0,0.0,0.04597466285247242,0.0013793103448275859,0.0013793103448275859,0.06869905956112853,0.05056818181818182,0.7351724137931035,5.610526315789473,YPL024W,non_ess,ess
0.011560693641618495,0.0047540841905091185,0.0,0.0,0.05353494074376789,0.004784688995215311,0.06578947368421052,0.10775951737050136,0.3345410628019323,0.7727272727272727,1.5833333333333333,YKL095W,ess,ess
0.0028901734104046237,0.0004321894718644654,0.0,0.0,0.06007355946056396,0.001072961373390558,0.00536480686695279,0.01927826924761321,0.08662131519274376,0.9227467811158798,2.9152542372881363,YML121W,non_ess,ess
0.008670520231213872,0.004062581035525975,0.16216216216216214,2.0,0.017776869636289334,0.00964630225080386,0.15112540192926044,0.4110013780431787,0.6428571428571429,1.0,2.338345864661654,YDL032W,non_ess,non_ess
0.026011560693641616,0.0049269599792549044,0.0,1.0,0.3017981201471189,0.002008480249944209,0.012720374916313323,0.060280157245120425,0.3988294314381272,0.35438518187904483,2.073107049608355,YDR180W,ess,ess
0.02890173410404624,0.005704901028610943,0.08108108108108109,1.5,0.041070698814875364,0.015313935681470138,0.10107197549770293,0.3506051266145864,0.9651898734177214,0.1990811638591118,0.4593639575971731,YNL306W,ess,non_ess
0.011560693641618495,0.0025931368311867924,0.0,0.0,0.15937883122190438,0.0016736401673640164,0.012552301255230124,0.06810635713321636,0.6359447004608295,0.6648535564853556,2.720890410958904,YOL076W,non_ess,ess
0.0,0.0,0.0,1.0,0.029423784225582342,0.0,0.0,1.0,1.0,1.0,1.0,YLR467C-A,non_ess,non_ess
0.01445086705202312,0.0018151957818307548,0.0,1.0,0.09480997139354312,0.0034674063800277394,0.014563106796116504,0.11631089217296114,0.18823921372647007,0.463245492371706,2.929824561403509,YGL038C,non_ess,non_ess
0.02023121387283237,0.005791338922983836,0.1891891891891892,2.333333333333333,0.02022885165508786,0.02017291066282421,0.1930835734870317,0.8674351585014409,0.8258426966292134,0.4207492795389049,2.0857142857142854,YLR311C,non_ess,non_ess
0.005780346820809247,0.0003457515774915723,0.0,0.0,0.05414793624846752,0.0023668639053254447,0.004733727810650889,0.056135963828271525,0.10584010584010584,0.7029585798816568,2.0412371134020617,YDL006W,non_ess,ess
0.031791907514450865,0.0036303915636615096,0.054054054054054064,1.0,0.1060482223130364,0.006845052893590543,0.02613565650280025,0.1639061980547434,0.4229752463350157,0.1922837585563161,1.02317880794702,YML115C,non_ess,non_ess
0.0722543352601156,0.0736450860057049,0.0,0.0,0.005925623212096446,0.18248175182481752,6.218978102189782,12.162408759124089,2.645833333333334,0.17518248175182485,0.7741935483870968,YDL240C-A,non_ess,non_ess
0.049132947976878616,0.008903103120407986,0.0,0.0,0.05782590927666531,0.01890989988876529,0.11457174638487208,0.5650015752891779,0.891951978657181,0.2513904338153504,1.1133004926108374,YLR018C,non_ess,non_ess
0.03468208092485549,0.012274181000950816,0.16216216216216214,1.5,0.06293420514916225,0.012320328542094456,0.1457905544147844,0.3551396717335281,0.935467217346412,1.0,6.366013071895425,YDR124W,non_ess,non_ess
0.02023121387283237,0.003284639986169937,0.32432432432432434,1.5,0.03051355401171503,0.014056224899598391,0.07630522088353414,0.3559481829758057,0.5083148558758315,0.39357429718875503,2.202247191011236,YMR292W,non_ess,non_ess
0.005780346820809247,0.001210130521220503,0.0,0.0,0.07355946056395588,0.001769911504424779,0.012389380530973451,0.0696165191740413,0.13888888888888887,0.8,3.476923076923077,YGL105W,non_ess,ess
0.09248554913294796,0.024029734635664275,0.13513513513513514,0.8333333333333334,0.13894564773191664,0.015311004784688997,0.13301435406698564,0.5018455228981545,0.7551020408163267,0.12679425837320574,0.9265734265734265,YIL108W,non_ess,non_ess
0.04624277456647399,0.005704901028610943,0.027027027027027032,0.5,0.11360850020433184,0.009313154831199068,0.03841676367869616,0.28018667276619136,0.6490713587487782,0.239813736903376,1.32475884244373,YPR121W,non_ess,non_ess
0.05202312138728323,0.009853919958509809,0.0,0.0,0.10931753167143443,0.010876132930513595,0.0688821752265861,0.3008719806417434,0.4855997083485235,0.15528700906344411,1.0798319327731092,YOL019W,non_ess,non_ess
0.0,0.0,0.027027027027027032,1.0,0.02308949734368615,0.0,0.0,0.0,1.0,1.0,1.0,YHR162W,non_ess,non_ess
0.005780346820809247,0.003889705246780188,0.10810810810810813,0.6666666666666666,0.01818553330608909,0.006309148264984227,0.14195583596214512,0.18067499243766474,0.5388127853881278,0.4479495268138801,0.953020134228188,YML108W,non_ess,non_ess
0.0722543352601156,0.01944852623390094,0.0,0.0,0.09072333469554557,0.01808972503617945,0.16280752532561504,0.6650061226761661,1.9230769230769231,0.191027496382055,0.8770764119601329,YIR027C,non_ess,non_ess
0.0,0.0,0.0,1.0,0.03575807110747855,0.0,0.0,0.0,1.0,1.0,1.0,YML133W-A,non_ess,non_ess
0.03468208092485549,0.004321894718644654,0.2972972972972973,1.2222222222222223,0.0813240702901512,0.00964630225080386,0.04019292604501608,0.945859042322065,0.8455598455598456,0.3062700964630225,1.0,YOR196C,non_ess,non_ess
0.060693641618497114,0.01149623995159478,0.027027027027027032,0.25,0.14997956681651006,0.009325044404973356,0.05905861456483126,0.1965844289392948,0.5086722488038278,0.17539964476021316,1.5429687499999998,YJL132W,non_ess,non_ess
0.02890173410404624,0.0076929725991874845,0.054054054054054064,2.0,0.1681651001225991,0.003969829297340214,0.03533148074632792,0.1001806069096708,0.287664553876158,0.26558157999206033,0.9422535211267606,YNL041C,non_ess,non_ess
0.023121387283236997,0.0027660126199325783,0.0,0.0,0.1275030649775235,0.004162330905306972,0.01664932362122789,0.12550485899222208,0.461864406779661,0.5665972944849116,1.459785522788204,YPL210C,ess,ess
0.01445086705202312,0.0042354568242717605,0.08108108108108109,6.0,0.037188393951777685,0.008389261744966443,0.08221476510067115,0.33843680089485456,0.9916666666666668,0.3674496644295302,0.9358974358974358,YHR153C,non_ess,non_ess
0.0028901734104046237,0.00017287578874578615,0.0,1.0,0.0361667347772783,0.0017211703958691911,0.0034423407917383822,0.03809912774585023,0.07619825549170046,0.9569707401032702,0.9569707401032702,YKL202W,non_ess,non_ess
0.06936416184971098,0.0349209093266488,0.08108108108108109,0.5,0.0480179812014712,0.031788079470198675,0.5350993377483444,0.8500168369064991,0.85006518904824,0.3258278145695364,2.0330578512396693,YOR289W,non_ess,non_ess
0.05202312138728323,0.00959460627539113,0.13513513513513514,1.25,0.047609317531671434,0.02403204272363151,0.14819759679572764,0.3311748998664887,1.215,1.0,2.2225519287833837,YNR009W,non_ess,non_ess
0.05202312138728323,0.012274181000950816,0.027027027027027032,0.5,0.08111973845525132,0.014504431909750204,0.1144238517324738,0.4949195180912325,1.6547842401500938,0.5052377115229654,1.5108433734939757,YBR233W,non_ess,non_ess
0.011560693641618495,0.0017287578874578616,0.0,1.0,0.09378831221904374,0.002803083391730904,0.01401541695865452,0.1420873305463596,0.33004926108374383,0.5094604064470918,1.923280423280424,YMR211W,ess,ess
0.031791907514450865,0.0060506526061025155,0.027027027027027032,0.5,0.022680833673886392,0.028720626631853787,0.18276762402088773,0.7633640236361139,1.654135338345865,0.3524804177545692,0.9712230215827338,YIL068W-A,non_ess,non_ess
0.09826589595375723,0.038724176679056095,0.10810810810810813,8.0,0.051355401171502515,0.04228855721393035,0.5572139303482587,1.2913113006396588,1.7202380952380951,0.12935323383084574,0.7938931297709922,YBR219C,non_ess,non_ess
0.08670520231213873,0.015472383092747859,0.0,0.0,0.11360850020433184,0.017462165308498253,0.10419091967403958,0.3269906353343566,0.6423065943477018,0.17112922002328287,1.4848484848484849,YOR090C,non_ess,non_ess
0.017341040462427744,0.002420261042441006,0.10810810810810813,0.8,0.1501838986514099,0.0026607538802660754,0.012416851441241685,0.11715993444519425,0.5362318840579711,0.5920177383592018,1.0245587106676899,YKR029C,non_ess,non_ess
0.06358381502890173,0.01797908202956176,0.08108108108108109,3.0,0.043931344503473635,0.031654676258992806,0.2992805755395683,0.8845260633598385,0.8630604288499026,0.26906474820143883,1.1,YEL072W,non_ess,non_ess
0.05780346820809248,0.00786584838793327,0.027027027027027032,1.0,0.0778504290968533,0.01676445934618609,0.07627829002514669,0.7258626977982251,1.2683499706400474,0.2145850796311819,1.1851851851851851,YBR042C,non_ess,non_ess
0.16473988439306358,0.037341170369089814,0.08108108108108109,3.0,0.28504290968532897,0.01345926800472255,0.10200708382526563,0.3752242659634333,1.0545489223726874,0.07319952774498227,0.5938697318007663,YMR176W,non_ess,non_ess
0.0,0.0,0.0,1.0,0.2791172864732325,0.0,0.0,0.0,1.0,1.0,1.0,YLR466W,non_ess,non_ess
0.08092485549132948,0.021436597804477483,0.0,0.0,0.25010216591744994,0.007522837184309511,0.06663084363245568,0.17687334246242914,0.8045540796963947,0.1990865126276196,1.9,YNL091W,non_ess,non_ess
0.09826589595375723,0.018411271501426223,0.054054054054054064,2.0,0.28095627298733145,0.0081437125748503,0.05101796407185629,0.36829125748503,0.9136410256410258,0.1880239520958084,1.1040787623066104,YER105C,non_ess,non_ess
0.01445086705202312,0.0006915031549831446,0.10810810810810813,2.0,0.10870453616673477,0.003037667071688943,0.004860267314702308,0.12056016341768365,0.23386034255599475,1.0,1.0,YOR241W,non_ess,non_ess
0.04624277456647399,0.011150488374103209,0.054054054054054064,1.0,0.032897425418880265,0.0300187617260788,0.2420262664165103,0.7551148038952916,1.2582972582972582,0.22326454033771104,0.6611111111111111,YBR022W,non_ess,non_ess
0.0028901734104046237,8.643789437289306e-05,0.0,0.0,0.2026971802206784,0.00033046926635822867,0.00033046926635822867,0.010356223078150284,0.05882352941176471,0.9596827495042959,6.100840336134454,YKL173W,ess,ess
0.06647398843930635,0.01659607571959547,0.16216216216216214,1.0,0.1338373518594197,0.01141439205955335,0.09528535980148883,0.31733174659441943,0.5988740323715693,0.2109181141439206,0.7048092868988391,YNL045W,non_ess,non_ess
0.0,0.0,0.027027027027027032,0.16666666666666666,0.04515733551287291,0.0,0.0,0.0,0.0,1.0,1.0469897209985315,YGR024C,ess,ess
0.01445086705202312,0.003111764197424151,0.0,0.0,0.10114425827543932,0.0032573289902280127,0.02345276872964169,0.09833648342515518,0.4283576505798729,0.5087947882736157,0.9689826302729532,YOR310C,ess,ess
0.008670520231213872,0.0006915031549831446,0.0,1.0,0.02697180220678382,0.006726457399103139,0.017937219730941704,0.2609865470852018,0.5823529411764705,0.4439461883408072,1.1511627906976745,YFL012W,non_ess,non_ess
0.023121387283236997,0.00449477050739044,0.4594594594594595,1.7,0.011033919084593379,0.03773584905660377,0.2452830188679245,0.6445981333512388,3.3594306049822067,0.3160377358490566,0.5982142857142857,YML009C,non_ess,non_ess
0.03757225433526011,0.012101305212205031,0.13513513513513514,1.25,0.03821005312627708,0.02127659574468085,0.22913256955810146,0.550644869793806,0.9947349947349946,0.2111292962356792,0.5308641975308642,YER128W,non_ess,non_ess
0.10115606936416184,0.035612412481631946,0.16216216216216214,0.6666666666666666,0.02308949734368615,0.08997429305912596,1.0591259640102828,2.8838312206364685,1.4120689655172416,0.1928020565552699,0.6756756756756757,YLR279W,non_ess,non_ess
0.21098265895953755,0.0510847955743798,0.027027027027027032,2.0,0.37167960768287706,0.013255856183039769,0.10731795896132196,0.4044606734900949,0.9107192640089208,0.07717450517523153,1.1871508379888271,YBR208C,non_ess,non_ess
0.026011560693641616,0.00509983576800069,0.0,1.0,0.06722517368205967,0.008678881388621022,0.056894889103182265,0.2550255915733254,1.1188811188811187,0.3510125361620058,1.6697247706422018,YLR372W,non_ess,non_ess
0.0,0.0,0.0,0.0,0.030854107069881488,0.0,0.0,0.0,0.0,1.0,1.0,YIR022W,ess,ess
0.060693641618497114,0.0075200968104416985,0.16216216216216214,2.0,0.0976706170821414,0.014150943396226415,0.05862533692722373,0.3906614373542506,2.752808988764045,1.0,2.5586206896551724,YNL223W,non_ess,non_ess
0.13583815028901733,0.03604460195349641,0.027027027027027032,0.5,0.13976297507151614,0.02235965746907707,0.1983824928639391,0.4746655334060477,0.8539074166251867,1.0,10.947916666666664,YOR317W,non_ess,non_ess
0.026011560693641616,0.006655717866712767,0.13513513513513514,1.25,0.056463697043999464,0.010238907849829351,0.0875995449374289,0.19986348122866893,0.6973426573426573,0.3947667804323095,1.4338842975206612,YPL052W,non_ess,non_ess
0.008670520231213872,0.0003457515774915723,0.21621621621621626,4.0,0.0190028606456886,0.00911854103343465,0.0121580547112462,0.20980180361224848,0.4958677685950413,0.3981762917933131,0.7705882352941177,YML099W-A,non_ess,non_ess
0.02023121387283237,0.0047540841905091185,0.08108108108108109,0.75,0.07131181038005723,0.006381039197812215,0.05013673655423884,0.2187329079307201,0.7000000000000001,0.2415679124886053,0.9851301115241636,YDR065W,non_ess,non_ess
0.05780346820809248,0.009767482064136915,0.0,0.0,0.4897834082550062,0.002762049440684989,0.015605579339870184,0.07512368294921892,0.3059772296015181,0.354923353128021,5.387840670859539,YHR165C,non_ess,ess
0.15895953757225434,0.0511712334687527,0.10810810810810813,2.0,0.2451982018798529,0.015068493150684932,0.16219178082191782,0.4010129268763265,0.8956866197183098,0.07780821917808219,0.5098743267504489,YBR295W,non_ess,non_ess
0.0,0.0,0.027027027027027032,1.0,0.030854107069881488,0.0,0.0,0.0,0.0,1.0,1.405027932960894,YML098W,ess,non_ess
0.008670520231213872,0.004149018929898867,0.027027027027027032,0.25,0.008990600735594606,0.016483516483516484,0.2637362637362637,0.39706664303438494,0.8266129032258063,0.4120879120879121,0.8720930232558141,YMR256C,non_ess,non_ess
0.04624277456647399,0.01573169677586654,0.3783783783783784,7.0,0.07335512872905599,0.014196983141082519,0.16149068322981364,0.3506460356626272,0.7465753424657535,0.28748890860692106,0.9178470254957508,YOL128C,non_ess,non_ess
0.09248554913294796,0.012274181000950816,0.0,1.0,0.256640784634246,0.008381351492928235,0.03719224724986904,0.3140979063519154,1.1764705882352942,0.33708748035620745,2.1557788944723617,YOR124C,non_ess,non_ess
0.060693641618497114,0.016768951508341255,0.027027027027027032,1.0,0.06947282386595832,0.019626168224299058,0.18130841121495328,0.547852993180096,1.0654338549075388,0.21682242990654205,1.5163398692810457,YGR154C,non_ess,non_ess
0.04046242774566474,0.0036303915636615096,0.027027027027027032,0.2,0.07764609726195341,0.011764705882352941,0.035294117647058816,0.2723770209838321,0.5769980506822612,0.20336134453781515,0.9918032786885246,YJR075W,non_ess,non_ess
0.049132947976878616,0.008384475754170628,0.1891891891891892,1.4,0.0986922762566408,0.01134089392928619,0.06470980653769179,0.4366244162775183,1.3183673469387749,0.42628418945963975,1.248046875,YFL018C,non_ess,non_ess
0.0,0.0,0.0,0.0,0.014507560277891298,0.0,0.0,0.0,0.0,1.0,1.0,YEL020W-A,non_ess,non_ess
0.005780346820809247,0.00017287578874578615,0.054054054054054064,2.0,0.012055578259092769,0.00881057268722467,0.00881057268722467,1.633397577092511,1.25,1.0,1.0,YDR210W,non_ess,non_ess
0.017341040462427744,0.0044083326130175465,0.0,0.0,0.032897425418880265,0.01125703564727955,0.09568480300187618,0.29511535161737396,0.6572864321608041,0.2926829268292683,1.2,YEL018C-A,non_ess,non_ess
0.008670520231213872,0.0013830063099662892,0.0,0.0,0.11912545974662855,0.0016675931072818232,0.008893829905503057,0.0342771729551648,0.23281596452328165,0.6425792106725959,1.690058479532164,YPL169C,ess,ess
0.0,0.0,0.0,1.0,0.0020433183489987745,0.0,0.0,0.0,1.0,1.0,1.0,YOR335W-A,non_ess,non_ess
0.017341040462427744,0.001901633676203648,0.0,0.0,0.06763383735185942,0.005752636625119847,0.02109300095877277,0.1741441543060177,0.6577540106951871,0.4477468839884947,1.2553763440860215,YOR262W,ess,non_ess
0.07803468208092486,0.013311435733425534,0.0,0.0,0.0968532897425419,0.018342391304347828,0.10461956521739132,0.4606494221243809,1.321518987341772,0.16508152173913046,0.7738853503184713,YBR283C,non_ess,non_ess
0.02890173410404624,0.009421730486645344,0.13513513513513514,2.5,0.1319983653453208,0.005030181086519115,0.05482897384305835,0.12136455094201573,0.423444976076555,0.3888329979879276,1.8274231678487,YDR307W,non_ess,non_ess
0.008670520231213872,0.0005186273662373584,0.10810810810810813,2.0,0.022885165508786276,0.007772020725388602,0.015544041450777204,0.2132933937823834,1.1906249999999998,1.0,1.0,YPR059C,non_ess,non_ess
0.017341040462427744,0.001901633676203648,0.0,0.0,0.17225173682059666,0.0023264831329972853,0.008530438154323382,0.11714665068678252,0.2529644268774704,0.3947266382318728,2.0118577075098814,YDR416W,ess,ess
0.02890173410404624,0.004840522084882012,0.10810810810810813,0.6666666666666666,0.07907642010625256,0.008257638315441783,0.046242774566473986,0.22944778833715984,0.8492663405958202,0.4004954582989265,1.197530864197531,YNL175C,non_ess,non_ess
0.03468208092485549,0.008211599965424842,0.2702702702702703,2.0,0.05496526358806703,0.014002333722287048,0.11085180863477248,0.3851562979794878,1.0026315789473683,0.2660443407234539,0.8603773584905661,YER083C,non_ess,non_ess
0.005780346820809247,0.0007779410493560378,0.0,0.0,0.0361667347772783,0.0034423407917383822,0.015490533562822718,0.09204063641324882,0.1524390243902439,0.9156626506024096,2.180327868852459,YKR068C,ess,ess
0.04335260115606936,0.009940357852882704,0.10810810810810813,1.3333333333333333,0.08908868001634655,0.011045655375552285,0.08468335787923417,0.2707778690381783,0.6670673076923076,0.3615611192930781,0.8583916083916083,YBR182C,non_ess,non_ess
0.01445086705202312,0.0012965684155933962,0.0,0.0,0.03923171230077646,0.007987220447284345,0.02396166134185304,0.4663930116876289,0.5126582278481012,0.3610223642172524,1.0089285714285716,YER104W,ess,ess
0.05780346820809248,0.009075978909153772,0.027027027027027032,2.0,0.06416019615856151,0.020161290322580645,0.1058467741935484,0.5410631994733378,1.020408163265306,0.21975806451612906,0.995433789954338,YLR181C,non_ess,non_ess
0.05202312138728323,0.011928429423459244,0.027027027027027032,1.0,0.10931753167143443,0.010876132930513595,0.08338368580060422,0.3409846950632449,0.9681897050318101,0.3099697885196375,0.8142857142857143,YOR132W,non_ess,non_ess
0.04046242774566474,0.013657187310917106,0.027027027027027032,0.25,0.058643236616264825,0.015367727771679471,0.1734357848518112,0.3574966928424667,0.9086538461538459,0.3205268935236004,1.5614973262032084,YOL056W,non_ess,non_ess
0.08092485549132948,0.023511107269426915,0.027027027027027032,2.0,0.043931344503473635,0.040287769784172665,0.39136690647482014,0.8446507310280807,1.5898617511520736,0.19280575539568345,0.3884057971014492,YDR043C,non_ess,non_ess
0.05202312138728323,0.011669115740340566,0.0,0.0,0.1031875766244381,0.011501597444089457,0.08626198083067092,0.38406868029557617,0.7039877300613497,0.3552715654952077,2.2601626016260163,YOR306C,non_ess,non_ess
0.0028901734104046237,0.0002593136831186792,0.054054054054054064,0.2857142857142857,0.003064977523498161,0.010526315789473684,0.03157894736842105,0.2374493927125506,0.9294871794871796,0.7894736842105263,0.7894736842105263,YGR068W-A,non_ess,non_ess
0.01445086705202312,0.005013397873627798,0.0,0.0,0.05537392725786678,0.005793742757821553,0.06720741599073002,0.24087924435549,0.2632384450566269,0.5005793742757821,1.1966759002770082,YBR011C,ess,ess
0.09826589595375723,0.02160947359322327,0.027027027027027032,0.25,0.2611360850020433,0.008753861997940269,0.06436663233779609,0.3110322818527419,0.9057829759584148,0.19618949536560248,2.134453781512605,YOL075C,non_ess,non_ess
0.0838150289017341,0.031722707234851766,0.16216216216216214,2.0,0.020433183489987745,0.08285714285714285,1.0485714285714285,1.184964749536178,0.9925133689839574,0.7657142857142857,0.9962825278810408,YDR008C,non_ess,non_ess
0.049132947976878616,0.010804736796611637,0.10810810810810813,1.0,0.05006129955046997,0.021656050955414008,0.1592356687898089,0.7158990690837824,1.198717948717949,0.22165605095541396,1.2167832167832169,YDR428C,non_ess,non_ess
0.07803468208092486,0.019102774656409367,0.054054054054054064,0.4,0.015324887617490809,0.09818181818181818,0.8036363636363636,2.597454545454545,1.3105263157894729,0.19636363636363635,1.1739130434782608,YDR250C,non_ess,non_ess
0.0,0.0,0.0,0.0,0.04515733551287291,0.0,0.0,0.0,0.0,1.0,1.577433628318584,YOR391C,non_ess,ess
0.011560693641618495,0.0015558820987120756,0.10810810810810813,1.3333333333333333,0.06375153248876175,0.004056795131845843,0.018255578093306288,0.08452678755273614,0.3618910487161027,0.9807302231237324,1.7329749103942649,YDR044W,ess,non_ess
0.03468208092485549,0.008298037859797734,0.0,0.0,0.05046996322026972,0.015170670037926675,0.1213653603034134,0.4388339406559084,1.6638655462184877,0.3716814159292036,0.5485074626865671,YLR030W,non_ess,non_ess
0.02023121387283237,0.008384475754170628,0.13513513513513514,1.6666666666666667,0.09174499387004496,0.005010737294201861,0.06943450250536863,0.19148688406119746,0.6564593301435406,0.5325697924123121,1.5091277890466532,YHR146W,non_ess,non_ess
0.14739884393063582,0.04304607139770075,0.0,0.0,0.054760931753167146,0.059718969555035126,0.5831381733021077,2.2319964871194378,0.9556334622823984,1.0,7.763636363636364,YFL021C-A,non_ess,non_ess
0.017341040462427744,0.0012965684155933962,0.08108108108108109,0.6,0.02819779321618308,0.01293103448275862,0.032327586206896554,0.2947072975140337,0.3119015047879617,0.32112068965517243,2.1911764705882355,YJR104C,non_ess,non_ess
0.005780346820809247,0.0010372547324747168,0.0,0.0,0.0939926440539436,0.0013986013986013984,0.008391608391608392,0.025604271247424776,0.04457617071724957,0.42097902097902096,2.7488584474885847,YJL002C,ess,ess
0.026011560693641616,0.011409802057221884,0.10810810810810813,0.6666666666666666,0.013894564773191663,0.03543307086614173,0.5196850393700787,0.8061956071280563,0.8421052631578946,0.4409448818897638,1.6,YGR008C,non_ess,non_ess
0.08670520231213873,0.011323364162848992,0.2702702702702703,1.6666666666666667,0.0815284021250511,0.02405773857257417,0.10505212510024058,1.0239701333620859,0.5363847666726265,1.0,8.971223021582734,YGL208W,non_ess,non_ess
0.05491329479768786,0.026622871466851068,0.08108108108108109,1.0,0.10850020433183492,0.011564211807668898,0.18746195982958005,0.21653792579460554,0.9436241610738254,0.2245891661594644,0.6351118760757315,YDL180W,non_ess,non_ess
0.06358381502890173,0.01348431152217132,0.16216216216216214,0.8571428571428571,0.09337964854924398,0.015482054890921885,0.10978184377199156,0.5580779570572957,0.8741007194244604,0.14919071076706544,0.8796680497925311,YGR288W,non_ess,non_ess
0.06936416184971098,0.013138559944679749,0.10810810810810813,0.8,0.12178177360032695,0.013057671381936888,0.08269858541893363,0.4043041953814533,1.0192592592592593,0.27529923830250275,2.0079365079365084,YDR244W,non_ess,non_ess
0.0953757225433526,0.03958855562278503,0.2972972972972973,0.8461538461538461,0.03330608908868002,0.061224489795918366,0.8497217068645642,1.8579178506845773,1.2698734177215192,0.28385899814471244,1.1167883211678833,YEL066W,non_ess,non_ess
0.011560693641618495,0.00112369262684761,0.08108108108108109,0.375,0.02751668709985016,0.00881057268722467,0.028634361233480177,0.21478218306412145,0.5111111111111112,0.4405286343612335,1.1299435028248588,YDR424C,non_ess,non_ess
0.10693641618497107,0.024375486213155845,0.0,1.0,0.2513281569268492,0.009893048128342245,0.07540106951871657,0.19937583556149727,0.7331117021276596,0.24224598930481284,1.78698224852071,YOR227W,non_ess,non_ess
0.10115606936416184,0.042354568242717605,0.16216216216216214,2.0,0.07662443808745402,0.029787234042553193,0.4170212765957447,0.8217567679443663,0.8748968282042212,0.2970212765957447,1.0028735632183907,YDL022W,non_ess,non_ess
0.017341040462427744,0.0028524505143054713,0.0,0.0,0.18348998774008995,0.002186588921282799,0.012026239067055394,0.10012494793835901,0.4703296703296703,0.5258746355685131,0.8203524729960204,YML065W,ess,ess
0.06936416184971098,0.011582677845967672,0.0,0.0,0.288312219043727,0.0056035489143123965,0.031286481438244224,0.13153593767280686,0.368421052631579,0.4907774924118609,3.928971962616824,YCR081W,non_ess,ess
0.0028901734104046237,0.00017287578874578615,0.027027027027027032,1.0,0.022680833673886392,0.0026109660574412533,0.0052219321148825075,0.06229019022752705,0.4126984126984127,1.0,1.0,YJR037W,non_ess,non_ess
0.017341040462427744,0.003284639986169937,0.027027027027027032,1.0,0.03044544340008173,0.012072434607645876,0.07645875251509053,0.3310316444119261,4.534090909090909,0.4748490945674044,0.4748490945674044,YPL034W,non_ess,non_ess
0.0722543352601156,0.015645258881493648,0.08108108108108109,1.5,0.060890886800163475,0.026483050847457626,0.1917372881355932,0.5444041586580465,1.0667239404352806,0.3072033898305085,1.013986013986014,YJL133W,non_ess,non_ess
0.2745664739884393,0.4445500907597891,0.054054054054054064,4.0,0.14977523498161013,0.04224099599822143,2.2867941307247666,1.2857843361327776,1.0978151048244504,0.17874610938194754,2.4363636363636365,YLL029W,non_ess,non_ess
0.07803468208092486,0.01702826519145994,0.054054054054054064,0.5,0.115038823048631,0.015526164462334674,0.11328349626221965,0.6252713851498046,0.7504373177842566,0.15871190339275446,1.1645569620253164,YHR150W,non_ess,non_ess
0.0,0.0,0.0,1.0,0.007355946056395587,0.0,0.0,0.0,0.0,1.0,1.0,YNL338W,non_ess,non_ess
0.011560693641618495,0.0012965684155933962,0.027027027027027032,1.0,0.03330608908868002,0.007421150278293135,0.027829313543599257,0.2654139880053501,0.5251937984496124,0.35435992578849723,0.6749116607773852,YDR540C,non_ess,non_ess
0.10693641618497107,0.021868787276341943,0.10810810810810813,4.0,0.11667347772783,0.02098695405558707,0.14350538854225753,0.5950745332481011,1.7510288065843618,0.2274532047646058,1.5363984674329505,YIL015W,non_ess,non_ess
0.026011560693641616,0.004149018929898867,0.0,0.0,0.13976297507151614,0.004281636536631779,0.02283539486203616,0.1108152470452424,0.5758293838862559,0.4191246431969553,2.0068337129840548,YDL074C,non_ess,non_ess
0.011560693641618495,0.003198202091797044,0.10810810810810813,4.0,0.020433183489987745,0.011428571428571429,0.10571428571428572,0.3034229137199434,0.9438943894389438,0.4914285714285714,0.9772727272727272,YOR345C,non_ess,non_ess
0.40462427745664736,0.17045552770334513,0.027027027027027032,0.3333333333333333,0.07437678790355537,0.12259194395796848,1.7267950963222416,2.64281125416927,1.3272548308553074,0.11120840630472854,0.9548872180451128,YGL126W,non_ess,non_ess
0.0028901734104046237,0.0015558820987120756,0.0,0.0,0.021250510829587253,0.0027624309392265192,0.04972375690607735,0.1228863217813494,0.7792207792207793,0.9585635359116024,1.5701357466063348,YDR542W,non_ess,non_ess
0.0,0.0,0.0,0.0,0.010625255414793628,0.0,0.0,0.0,0.0,1.0,1.0,YCR047W-A,non_ess,non_ess
0.0,0.0,0.054054054054054064,0.6666666666666666,0.05326249829723472,0.0,0.0,0.0,0.0,1.0,2.418604651162791,YNL162W,ess,non_ess
0.005780346820809247,0.0004321894718644654,0.08108108108108109,0.6,0.08173273395995098,0.0016,0.004,0.04942574257425742,0.1936193619361936,0.9264,2.172607879924953,YCR012W,ess,non_ess
0.24277456647398846,0.04442907770766704,0.0,1.0,0.6391499795668166,0.008903964384142463,0.05448378206487173,0.2677310790756837,0.7549999999999999,0.07865168539325842,0.8648018648018648,YLL040C,non_ess,non_ess
0.026011560693641616,0.003284639986169937,0.054054054054054064,2.0,0.036575398447078064,0.015332197614991482,0.06473594548551959,0.5139352640545145,0.6675,0.1942078364565588,0.832116788321168,YKR085C,non_ess,non_ess
0.02023121387283237,0.003198202091797044,0.054054054054054064,2.0,0.10155292194523907,0.004542504866969501,0.02401038286826736,0.19599676038412592,0.9767441860465116,0.3588578844905905,0.9170812603648424,YDR169C,non_ess,non_ess
0.0028901734104046237,0.0006050652606102515,0.0,1.0,0.08561503882304862,0.0007651109410864575,0.005355776587605203,0.022522953328232592,0.08522727272727272,0.6595256312165264,2.55786350148368,YOR110W,ess,ess
0.008670520231213872,0.0044083326130175465,0.0,1.0,0.009194932570494484,0.016216216216216217,0.2756756756756757,0.4163226218344329,2.456692913385827,0.6378378378378379,0.9440000000000001,YOL052C-A,non_ess,non_ess
0.02890173410404624,0.08419050911919786,0.32432432432432434,1.0909090909090908,0.017572537801389457,0.032467532467532464,3.1623376623376624,0.8733075435203095,0.946808510638298,0.2435064935064935,0.6818181818181818,YMR326C,non_ess,non_ess
0.0028901734104046237,0.00017287578874578615,0.0,1.0,0.021250510829587253,0.0027624309392265192,0.0055248618784530384,0.09325340320100244,0.15876288659793816,0.8342541436464088,1.5175879396984924,YGL029W,non_ess,non_ess
0.017341040462427744,0.0029388884086783643,0.0,0.0,0.12219043727012667,0.0032537960954446853,0.01843817787418655,0.08955686396033467,0.3619047619047619,0.4208242950108461,2.7038327526132404,YLR088W,ess,ess
0.023121387283236997,0.0025931368311867924,0.0,1.0,0.10993052717613404,0.004807692307692308,0.018028846153846152,0.15891513377926422,0.3478260869565218,0.3990384615384616,2.4057971014492754,YBR196C,ess,ess
0.04335260115606936,0.019794277811392515,0.054054054054054064,1.0,0.06313853698406212,0.015353121801432956,0.23439099283520984,0.4769063459570112,1.4583333333333333,0.3336745138178096,1.1854545454545449,YDR151C,non_ess,non_ess
0.005780346820809247,0.002333823148068113,0.0,0.0,0.014507560277891298,0.0076045627376425855,0.10266159695817492,0.7501056189269117,0.8666666666666667,0.8555133079847909,1.9396551724137927,YLR307C-A,non_ess,non_ess
0.1329479768786127,0.025239865156884776,0.054054054054054064,0.3333333333333333,0.18961994278708624,0.016231474947071278,0.10303458009880027,0.3640558006255504,0.6280501975366025,0.16019760056457305,1.2171581769436997,YOR005C,non_ess,non_ess
0.18208092485549127,0.04468839139078572,0.0,0.0,0.21107478545157335,0.020006351222610352,0.16417910447761194,0.5070950799862785,0.6436811943899864,0.0657351540171483,0.5476190476190477,YCR011C,non_ess,non_ess
0.10404624277456646,0.025239865156884776,0.1891891891891892,2.333333333333333,0.16693910911319984,0.014394242303078768,0.1167532986805278,0.4877151180344189,1.165620094191523,0.2399040383846461,0.8534850640113798,YGL027C,non_ess,non_ess
0.060693641618497114,0.015385945198374969,0.054054054054054064,0.6666666666666666,0.0659991826726604,0.020608439646712464,0.1746810598626104,0.474289573374698,1.614858260019551,0.1481844946025515,0.5451263537906137,YGR086C,non_ess,non_ess
0.04046242774566474,0.005445587345492263,0.0,0.0,0.11442582754393135,0.008092485549132947,0.03641618497109827,0.12640865931180245,0.33669100982120365,0.292485549132948,2.2,YIR010W,ess,ess
0.05202312138728323,0.013052122050306855,0.13513513513513514,1.25,0.1448712709440131,0.008268259072117593,0.06936150666054203,0.29218659878911796,0.5808270676691729,0.5002296738631143,3.1383285302593653,YKR018C,non_ess,non_ess
0.04624277456647399,0.01045898521912006,0.16216216216216214,1.5,0.06129955046996322,0.016842105263157894,0.12736842105263158,0.6004043220634367,1.0242825607064017,0.2957894736842105,1.6337209302325582,YPL039W,non_ess,non_ess
0.08959537572254335,0.021868787276341943,0.10810810810810813,4.0,0.08459337964854925,0.023993808049535603,0.19582043343653247,0.6742461690558577,0.8613445378151261,0.2430340557275541,2.4341085271317837,YHR132C,non_ess,non_ess
0.008670520231213872,0.0008643789437289308,0.054054054054054064,0.6666666666666666,0.0,0.06,0.2,2.5819047619047617,2.8095238095238093,0.66,0.6875000000000001,YJR151W-A,non_ess,non_ess
0.0,0.0,0.0,1.0,0.005721291377196569,0.0,0.0,0.0,1.0,1.0,1.0,YOL155W-A,non_ess,non_ess
0.0028901734104046237,8.643789437289306e-05,0.027027027027027032,1.0,0.01920719248058848,0.0030120481927710845,0.0030120481927710845,0.1840519974635384,0.2736842105263158,1.0,1.0,YBL094C,non_ess,non_ess
0.02023121387283237,0.004062581035525975,0.054054054054054064,0.4,0.04658765835717205,0.009536784741144414,0.06403269754768393,0.27869085954917017,0.6443181818181818,0.36239782016348776,1.7852348993288591,YKL154W,ess,non_ess
0.0028901734104046237,0.0002593136831186792,0.0,0.0,0.006129955046996323,0.0071428571428571435,0.021428571428571432,0.15872388481084135,0.4545454545454545,1.0,1.0,YGL188C-A,non_ess,non_ess
0.03468208092485549,0.003976143141153081,0.0,0.0,0.10257458111973848,0.007712082262210797,0.02956298200514139,0.3344702079462445,0.4167025398191993,0.2152956298200514,1.139455782312925,YCR098C,non_ess,non_ess
0.008670520231213872,0.00112369262684761,0.054054054054054064,1.0,0.017572537801389457,0.00974025974025974,0.04220779220779222,0.2011895667357852,0.4739495798319329,0.43506493506493504,1.381443298969072,YAL045C,non_ess,non_ess
0.22254335260115607,0.17175209611893855,0.054054054054054064,0.5,0.2198610543522681,0.02348993288590604,0.6061622940817571,1.089530201342282,1.2133333333333336,1.0,9.873493975903617,YDL215C,non_ess,non_ess
0.03757225433526011,0.0036303915636615096,0.0,1.0,0.2319166326113609,0.0037626628075253256,0.01215629522431259,0.08864247185520703,0.3833874458874459,0.4486251808972504,2.5203252032520327,YJR090C,non_ess,non_ess
0.026011560693641616,0.0036303915636615096,0.0,0.0,0.1340416836943196,0.0044598612487611496,0.02081268582755203,0.1000075408281984,0.4839816933638444,0.4489593657086224,1.2832861189801699,YNL103W,ess,ess
0.0,0.0,0.0,1.0,0.02165917449938701,0.0,0.0,0.0,1.0,1.0,1.0,YEL075C,non_ess,non_ess
0.0722543352601156,0.01858414729017201,0.10810810810810813,2.0,0.08275439313445035,0.01976284584980237,0.1699604743083004,0.6559853190287973,1.080357142857143,0.16600790513833993,0.6583072100313481,YOL031C,non_ess,non_ess
0.02023121387283237,0.002420261042441006,0.0,1.0,0.0778504290968533,0.00586756077116513,0.02347024308466052,0.19612226002443447,0.9321895424836599,0.4040234702430847,1.0041666666666669,YOL136C,non_ess,non_ess
0.023121387283236997,0.0026795747255596854,0.10810810810810813,0.6666666666666666,0.06722517368205967,0.007714561234329799,0.029893924783027964,0.18577286851153774,0.8131313131313131,0.3008678881388621,0.5016077170418007,YGL175C,non_ess,non_ess
0.005780346820809247,0.0003457515774915723,0.0,1.0,0.034123416428279534,0.003629764065335753,0.007259528130671506,0.06545714996752636,0.548494983277592,0.5916515426497277,1.3360655737704918,YOR094W,non_ess,non_ess
0.026011560693641616,0.003976143141153081,0.0,0.0,0.021863506334286884,0.024258760107816708,0.12398921832884095,0.816543126684636,0.9732142857142856,0.24258760107816715,0.6521739130434783,YBR292C,non_ess,non_ess
0.017341040462427744,0.0018151957818307548,0.0,1.0,0.09705762157744176,0.004067796610169493,0.014237288135593218,0.20088657105606256,1.061538461538461,0.3105084745762712,0.7633333333333333,YDL146W,non_ess,non_ess
0.008670520231213872,0.00112369262684761,0.08108108108108109,1.0,0.08030241111565183,0.0024410089503661514,0.010577705451586657,0.06992134526715486,0.19166666666666665,0.4271765663140765,1.3925729442970822,YJL046W,non_ess,non_ess
0.05780346820809248,0.02256029043132509,0.10810810810810813,1.0,0.02615447486718431,0.04608294930875576,0.6013824884792627,1.2882867877038109,0.9103078982597056,0.2119815668202765,1.6140350877192984,YOR186W,non_ess,non_ess
0.07803468208092486,0.047108652433226726,0.0,0.0,0.019411524315488357,0.08059701492537312,1.6268656716417909,1.7931320839411962,1.3355757815591611,0.21194029850746268,1.1451612903225807,YOR029W,non_ess,non_ess
0.060693641618497114,0.04546633244014176,0.10810810810810813,4.0,0.0425010216591745,0.031157270029673587,0.7804154302670623,0.9191394658753708,0.8618421052631579,0.38427299703264095,1.2634146341463417,YKL087C,non_ess,non_ess
0.023121387283236997,0.014694442043391822,0.13513513513513514,0.4545454545454545,0.025745811197384557,0.018691588785046728,0.397196261682243,0.5281495327102803,0.6262857142857142,0.4439252336448598,1.5966386554621848,YLR245C,non_ess,non_ess
0.026011560693641616,0.003803267352407295,0.0,1.0,0.09664895790764202,0.006126616746085773,0.029952348536419333,0.1087385937506148,0.5375722543352601,0.5466303607896529,2.440729483282675,YMR140W,non_ess,non_ess
0.023121387283236997,0.01633676203647679,0.10810810810810813,0.5714285714285714,0.033714752758479766,0.01467889908256881,0.3467889908256881,0.4568961529565954,0.6929541047188105,0.6165137614678899,2.4347826086956523,YDR178W,non_ess,non_ess
0.06358381502890173,0.02256029043132509,0.027027027027027032,0.5,0.07723743359215368,0.018581081081081082,0.2204391891891892,0.3930859739049393,0.6090848806366047,0.3344594594594595,1.409252669039146,YER028C,non_ess,non_ess
0.03757225433526011,0.0029388884086783643,0.13513513513513514,1.25,0.1264814058030241,0.00681699003670687,0.01782905086523335,0.19134406385474168,0.3931297709923664,0.3875196643943367,2.4715719063545154,YGL023C,non_ess,non_ess
0.04624277456647399,0.027141498833088425,0.027027027027027032,0.3333333333333333,0.044271897561640114,0.022857142857142857,0.44857142857142857,1.5331343283582088,1.9471871412169919,0.42,1.027972027972028,YLR306W,non_ess,non_ess
0.005780346820809247,0.0007779410493560378,0.0,1.0,0.0551695954229669,0.002325581395348837,0.010465116279069769,0.08417216244359597,0.5771144278606966,0.4511627906976744,0.9948717948717948,YKL180W,ess,non_ess
0.0,0.0,0.0,0.0,0.017776869636289334,0.0,0.0,0.0,0.0,1.0,1.1107142857142858,YOL150C,non_ess,non_ess
0.026011560693641616,0.004149018929898867,0.0,0.0,0.0715161422149571,0.008181818181818179,0.04363636363636364,0.3407616707616708,0.6525096525096525,0.4127272727272727,2.4148936170212765,YNL080C,non_ess,non_ess
0.008670520231213872,0.0005186273662373584,0.08108108108108109,1.0,0.08929301185124643,0.002204261572373255,0.00440852314474651,0.07210516909267828,0.43629343629343625,0.8457016899338722,1.4122699386503068,YDR125C,non_ess,non_ess
0.023121387283236997,0.009335292592272452,0.16216216216216214,1.5,0.056940471325432514,0.009029345372460496,0.12189616252821672,0.3574694680789489,3.6695156695156697,0.6749435665914221,0.8952095808383232,YPL241C,non_ess,non_ess
0.05780346820809248,0.015126631515256287,0.2702702702702703,10.0,0.08581937065794852,0.015267175572519085,0.13358778625954199,0.6433271913661489,0.5254515599343184,0.27938931297709924,1.2887323943661972,YNR066C,non_ess,non_ess
0.09826589595375723,0.05022041663065088,0.0,1.0,0.022067838169186758,0.09090909090909093,1.553475935828877,3.7420718816067655,1.3941248470012242,0.5347593582887701,0.9478672985781992,YFL012W-A,non_ess,non_ess
0.0,0.0,0.0,1.0,0.05394360441356764,0.0,0.0,0.0,1.0,1.0,1.0,YOL127W,ess,non_ess
0.03468208092485549,0.008298037859797734,0.054054054054054064,0.6666666666666666,0.11381283203923173,0.0069726902963393395,0.0557815223707147,0.2587036116575541,0.9791894852135818,0.2638001162115049,1.0111358574610243,YER124C,non_ess,non_ess
0.05202312138728323,0.011669115740340566,0.2432432432432433,2.25,0.10461789946873724,0.011349306431273644,0.08511979823455232,0.2934268600252207,0.921875,0.2849936948297604,1.1679586563307494,YDL088C,non_ess,non_ess
0.01445086705202312,0.0033710778805428297,0.10810810810810813,0.5714285714285714,0.07621577441765427,0.00427715996578272,0.033361847733105215,0.14860187881118495,0.3211009174311927,0.2480752780153977,1.0104529616724742,YDR197W,non_ess,non_ess
0.05202312138728323,0.01184199152908635,0.08108108108108109,6.0,0.10911319983653454,0.010895883777239709,0.08292978208232446,0.3557335805084745,1.4238281249999998,0.20823244552058112,1.1821305841924399,YMR171C,non_ess,non_ess
0.011560693641618495,0.0027660126199325783,0.0,0.0,0.11360850020433184,0.002328288707799767,0.018626309662398137,0.07153095076275008,0.13728323699421965,0.39988358556461,1.6594202898550725,YLR259C,ess,ess
0.008670520231213872,0.0006050652606102515,0.10810810810810813,1.3333333333333333,0.05537392725786678,0.003476245654692932,0.008111239860950173,0.07611874413728413,1.2857142857142858,0.4391657010428737,0.8875878220140515,YDL083C,non_ess,non_ess
0.04624277456647399,0.009940357852882704,0.027027027027027032,2.0,0.1575398447078055,0.006771053745239103,0.04866694879390605,0.3301282366719484,1.0790697674418608,0.13118916631400762,0.7242990654205608,YDR239C,non_ess,non_ess
0.026011560693641616,0.004840522084882012,0.027027027027027032,2.0,0.17409072333469555,0.0034535686876438986,0.021488871834228703,0.07170496104820419,0.5351157222665602,0.5138142747505756,1.5355504587155964,YPL174C,non_ess,non_ess
0.011560693641618495,0.0014694442043391822,0.0,0.0,0.0995096035962403,0.0026472534745201853,0.011250827266710787,0.07818354622492697,0.4473684210526315,1.0,3.299126637554585,YGL065C,ess,ess
0.060693641618497114,0.016509637825222582,0.1891891891891892,1.75,0.2082141397629751,0.006758931445123914,0.06147409076279368,0.1347771082225699,0.9779977997799781,0.16704216285806245,1.113733905579399,YFR030W,non_ess,non_ess
0.02023121387283237,0.0067421557610856594,0.0,1.0,0.029219452390682476,0.014613778705636744,0.162839248434238,0.5718790603968057,0.5785123966942148,0.4237995824634656,1.0972972972972972,YHR126C,non_ess,non_ess
0.03468208092485549,0.003803267352407295,0.0,0.0,0.04944830404577034,0.015463917525773196,0.05670103092783505,0.3848063867236611,0.7429643527204505,0.3389175257731959,2.0873015873015874,YCL047C,non_ess,non_ess
0.03757225433526011,0.02472123779064742,0.2432432432432433,3.0,0.011646914589293013,0.05882352941176471,1.2941176470588236,2.0500381970970203,0.6038961038961038,0.21266968325791846,0.7704918032786885,YGR035W-A,non_ess,non_ess
0.023121387283236997,0.003457515774915723,0.027027027027027032,1.0,0.06845116469145894,0.0075829383886255935,0.03791469194312797,0.2710060000466929,0.4785362420830401,0.2786729857819905,1.330316742081448,YJR060W,non_ess,non_ess
0.1184971098265896,0.021004408332613016,0.13513513513513514,1.25,0.1855333060890887,0.014780100937274691,0.08759913482335976,0.5673095409757271,0.9081140350877192,0.09913482335976928,0.6909547738693468,YBR203W,non_ess,non_ess
0.005780346820809247,0.00449477050739044,0.027027027027027032,1.0,0.02615447486718431,0.004608294930875576,0.11981566820276494,0.10484604772667236,1.4522292993630572,0.7096774193548387,0.9935483870967742,YBR285W,non_ess,non_ess
0.0,0.0,0.0,1.0,0.03964037597057622,0.0,0.0,0.0,1.0,1.0,1.0,YCR039C,non_ess,non_ess
0.0722543352601156,0.013570749416544212,0.0,0.0,0.10727421332243564,0.015384615384615384,0.09661538461538463,0.3214213607914395,0.6745406824146981,0.12430769230769233,0.8977777777777778,YMR011W,non_ess,non_ess
0.008670520231213872,0.0004321894718644654,0.0,1.0,0.05544203786950008,0.003472222222222222,0.005787037037037037,0.15620210727969347,0.3124042145593869,0.7523148148148148,0.7523148148148148,YPR202W,non_ess,non_ess
0.04046242774566474,0.015904572564612324,0.32432432432432434,2.4,0.02145484266448713,0.03835616438356165,0.5041095890410959,0.886027397260274,1.6592592592592597,0.2493150684931507,0.4945652173913043,YPL013C,non_ess,non_ess
0.02890173410404624,0.0035439536692886157,0.027027027027027032,0.5,0.06293420514916225,0.01026694045174538,0.042094455852156064,0.3358040767265989,0.5983231707317073,0.3531827515400411,2.1772151898734178,YKL120W,non_ess,non_ess
0.1213872832369942,0.036131039847869306,0.08108108108108109,3.0,0.09807928075194117,0.02818791946308725,0.28053691275167786,0.7661693340216831,0.7807692307692307,0.2087248322147651,1.4465116279069763,YEL071W,non_ess,non_ess
0.05491329479768786,0.01832483360705333,0.1891891891891892,3.5,0.11422149570903148,0.011001737116386795,0.12275622466705267,0.29723550335015303,1.1865306122448978,0.2379849449913144,1.0431472081218274,YGR171C,non_ess,non_ess
0.04046242774566474,0.005445587345492263,0.2702702702702703,1.1111111111111112,0.04781364936657132,0.018617021276595744,0.08377659574468085,0.3773245099681689,1.9291338582677169,0.18085106382978725,0.5112781954887218,YCR076C,non_ess,non_ess
0.10693641618497107,0.037341170369089814,0.08108108108108109,1.5,0.13179403351042093,0.018639798488664986,0.217632241813602,0.5071240827948746,0.7716507599858607,0.14105793450881612,1.5469613259668509,YNL279W,non_ess,non_ess
0.023121387283236997,0.006655717866712767,0.0,0.0,0.020024519820187988,0.02325581395348837,0.2238372093023256,0.8476343223736968,1.0390804597701149,0.4476744186046512,1.2320000000000002,YLR124W,non_ess,non_ess
0.01445086705202312,0.0012965684155933962,0.0,0.0,0.2460155292194524,0.001365374112506827,0.004096122337520481,0.06445186435628816,0.21363636363636365,0.3798470780993992,3.5943152454780365,YIL147C,ess,ess
0.011560693641618495,0.0014694442043391822,0.027027027027027032,0.3333333333333333,0.07294646505925624,0.003568242640499554,0.015165031222123104,0.08036400563288619,0.5283018867924529,0.4611953612845674,1.2164705882352942,YPL165C,non_ess,non_ess
0.04624277456647399,0.012706370472815282,0.10810810810810813,1.3333333333333333,0.04188802615447487,0.02406015037593985,0.22105263157894736,1.0583742374804936,0.5347708894878705,0.2300751879699248,1.125,YNL036W,non_ess,non_ess
0.0028901734104046237,8.643789437289306e-05,0.027027027027027032,1.0,0.1185124642419289,0.0005586592178770949,0.0005586592178770949,0.017191368167378682,0.03582887700534758,0.9608938547486032,3.3659491193737767,YDR349C,non_ess,non_ess
0.04624277456647399,0.01521306940962918,0.35135135135135137,1.8571428571428568,0.0190028606456886,0.0486322188449848,0.5349544072948328,0.949359859998158,0.7557932263814617,0.3069908814589666,1.364864864864865,YJR048W,non_ess,non_ess
0.008670520231213872,0.0009508168381018238,0.0,0.0,0.04147936248467512,0.004552352048558422,0.016691957511380882,0.1655128872545219,1.0018248175182485,0.7056145675265554,1.7350746268656716,YKL142W,non_ess,non_ess
0.017341040462427744,0.004062581035525975,0.054054054054054064,1.0,0.01736820596648958,0.019672131147540985,0.1540983606557377,0.3592168148414616,0.8150470219435736,0.26557377049180325,1.0124999999999995,YLR346C,non_ess,non_ess
0.005780346820809247,0.0004321894718644654,0.0,0.0,0.15120555782590928,0.000881057268722467,0.002202643171806168,0.0189442145389282,0.09994683678894208,0.781057268722467,1.7080924855491328,YNL161W,ess,ess
0.20231213872832368,0.09050047540841903,0.5405405405405406,1.3333333333333333,0.02697180220678382,0.15695067264573992,2.3475336322869955,2.930813581037796,0.9839650145772594,0.1188340807174888,0.6385542168674698,YGR203W,non_ess,non_ess
0.08959537572254335,0.02325179358630824,0.13513513513513514,2.5,0.11606048222313035,0.01767388825541619,0.153363740022805,0.6536555365014949,1.2098596371105783,0.18586088939566706,1.1941391941391941,YML070W,non_ess,non_ess
0.04335260115606936,0.0067421557610856594,0.054054054054054064,0.6666666666666666,0.10972619534123418,0.009030704394942806,0.04695966285370259,0.18248372591812165,0.7486979166666667,0.2781456953642384,1.2554347826086956,YMR258C,non_ess,non_ess
0.02890173410404624,0.00509983576800069,0.0,0.0,0.08990600735594606,0.007299270072992701,0.043065693430656936,0.4041791899241448,0.6887883358471593,0.34306569343065696,1.5719063545150505,YDR363W,non_ess,non_ess
0.005780346820809247,0.0013830063099662892,0.08108108108108109,1.0,0.027176134041683696,0.004454342984409799,0.035634743875278395,0.06344022845587331,0.16717791411042945,0.5189309576837416,2.377551020408163,YNR010W,non_ess,non_ess
0.011560693641618495,0.0010372547324747168,0.0,0.0,0.09930527176134042,0.002652519893899204,0.007957559681697613,0.08150320444173517,0.334448160535117,0.4920424403183024,1.4352030947775631,YKR063C,ess,ess
0.0722543352601156,0.01901633676203648,0.4324324324324325,1.4545454545454546,0.07008581937065796,0.02316960148285449,0.20389249304911955,0.6582754289316579,0.9435003310527476,0.13067655236329934,0.8294117647058824,YML021C,non_ess,non_ess
0.01445086705202312,0.0019880715705765406,0.0,0.0,0.08438904781364938,0.003878975950349108,0.017843289371605897,0.10982535725072397,0.3625954198473281,0.4321179208688906,1.5690140845070422,YPR186C,ess,ess
0.08092485549132948,0.010545423113492956,0.027027027027027032,1.0,0.22415202288516556,0.008380724334031727,0.03651601316970967,0.2874527273402561,1.0875912408759123,0.14486680634540558,0.805324459234609,YER110C,non_ess,non_ess
0.005780346820809247,0.0004321894718644654,0.0,0.0,0.042092357989374746,0.0029940119760479052,0.00748502994011976,0.0878726418131479,0.15933528836754646,0.8547904191616766,2.6807511737089205,YOL135C,ess,ess
0.011560693641618495,0.0010372547324747168,0.027027027027027032,0.2,0.03698406211687781,0.006745362563237775,0.020236087689713318,0.20164833859819967,1.5211267605633807,0.5902192242833052,1.2773722627737223,YKR065C,non_ess,non_ess
0.017341040462427744,0.00224738525369522,0.32432432432432434,1.3333333333333333,0.002451982018798529,0.06976744186046513,0.3023255813953488,1.516316579144786,2.4919354838709684,0.313953488372093,0.4821428571428571,YMR182W-A,non_ess,non_ess
0.0953757225433526,0.021004408332613016,0.027027027027027032,0.3333333333333333,0.07478545157335513,0.02874564459930314,0.21167247386759586,0.5562830167472181,0.8959417273673257,0.12369337979094075,1.0364963503649631,YAL060W,non_ess,non_ess
0.0028901734104046237,0.00017287578874578615,0.0,1.0,0.021250510829587253,0.0027624309392265192,0.0055248618784530384,0.13304928676218122,0.19915254237288132,0.5497237569060773,1.2208588957055213,YAL068C,non_ess,non_ess
0.04046242774566474,0.005877776817356729,0.13513513513513514,2.5,0.0615038823048631,0.014690451206715634,0.07135362014690451,0.6163804053680897,1.3263157894736841,0.17103882476390347,0.9421965317919077,YCR015C,non_ess,non_ess
0.06647398843930635,0.014608004149018932,0.21621621621621626,0.8888888888888888,0.11483449121373113,0.01324884792626728,0.09735023041474654,0.3675706014415692,0.6526495726495726,0.1445852534562212,1.1566820276497696,YLR361C,non_ess,non_ess
0.08670520231213873,0.01797908202956176,0.054054054054054064,1.0,0.11258684102983246,0.017615971814445096,0.12213740458015268,0.6390444409435286,2.504065040650407,0.13975337639459776,0.5573770491803278,YOR118W,non_ess,non_ess
0.0838150289017341,0.015040193620883397,0.0,0.0,0.11646914589293013,0.016477272727272726,0.09886363636363636,0.3855556515727617,0.9608908202064096,0.18352272727272728,1.3803418803418803,YNL065W,non_ess,non_ess
0.0722543352601156,0.011755553634713456,0.13513513513513514,0.7142857142857143,0.19288925214548427,0.008674531575294934,0.047189451769604436,0.15932589007282216,0.596745027124774,0.2772380291464261,1.7072649572649572,YMR086W,non_ess,non_ess
0.008670520231213872,0.0009508168381018238,0.13513513513513514,1.0,0.1438496117695137,0.0013876040703052724,0.005087881591119335,0.03336519064231022,0.34789156626506024,0.9130434782608696,2.159737417943107,YLR335W,non_ess,non_ess
0.02890173410404624,0.004062581035525975,0.0,0.0,0.08438904781364938,0.007757951900698216,0.03646237393328161,0.3495927075252133,1.0590277777777777,0.3762606671838635,1.6496598639455782,YPR108W,ess,non_ess
0.017341040462427744,0.003198202091797044,0.0,0.0,0.2568451164691459,0.0015702695629416384,0.009683328971473436,0.03850431824129809,0.333984375,0.4901858152316148,2.088071348940914,YDL195W,ess,ess
0.01445086705202312,0.002333823148068113,0.10810810810810813,4.0,0.056599918267266035,0.005675368898978434,0.030646992054483537,0.15093011613440466,1.1299126637554586,0.5505107832009081,0.8786231884057971,YPR069C,non_ess,non_ess
0.02023121387283237,0.0028524505143054713,0.027027027027027032,1.0,0.11606048222313035,0.003990877993158495,0.018814139110604332,0.14283240443738746,0.4371282922684792,0.8363740022805017,2.086770981507824,YBR299W,non_ess,non_ess
0.03757225433526011,0.010113233641628491,0.054054054054054064,0.6666666666666666,0.06497752349816102,0.012948207171314742,0.11653386454183265,0.35662280455642226,1.0528169014084507,0.2171314741035857,0.7676056338028169,YML107C,non_ess,non_ess
0.04335260115606936,0.00760653470481459,0.10810810810810813,1.3333333333333333,0.10359624029423783,0.009548058561425843,0.056015276893698285,0.485359643539147,1.0986842105263157,0.2215149586250796,1.4146341463414631,YHR086W,non_ess,non_ess
0.005780346820809247,0.00112369262684761,0.08108108108108109,0.6,0.08071107478545159,0.0016194331983805667,0.010526315789473684,0.041586725434275336,0.41625615763546797,0.6510121457489878,1.4460431654676258,YML074C,non_ess,non_ess
0.02023121387283237,0.005272711556746477,0.08108108108108109,3.0,0.013485901103391913,0.028225806451612906,0.2459677419354839,0.6893394165274387,1.464143426294821,0.3064516129032258,0.8085106382978724,YDL022C-A,non_ess,non_ess
0.008670520231213872,0.0006915031549831446,0.0,0.0,0.051287290559869234,0.003735990037359901,0.0099626400996264,0.19122521314302132,0.2934065934065934,0.5790784557907845,3.369565217391304,YPR183W,ess,ess
0.0,0.0,0.0,0.0,0.07539844707805476,0.0,0.0,0.0,0.0,1.0,2.0017301038062283,YGR046W,ess,ess
0.02890173410404624,0.00561846313423805,0.16216216216216214,6.0,0.06640784634246016,0.00975609756097561,0.06341463414634146,0.2822227809906965,0.9090909090909092,0.3121951219512195,1.641025641025641,YDL099W,non_ess,non_ess
0.12716763005780346,0.021523035698850376,0.08108108108108109,1.5,0.1961585615038823,0.015017064846416382,0.08498293515358361,0.34366830994817343,0.966137566137566,0.16791808873720138,0.924812030075188,YBR074W,non_ess,non_ess
0.0838150289017341,0.015385945198374969,0.10810810810810813,0.8,0.18246832856559053,0.010626603151337486,0.06522535727372664,0.3871699543992509,1.3593750000000002,0.11652620007328693,0.3434125269978402,YGL036W,non_ess,non_ess
0.03468208092485549,0.006655717866712767,0.0,1.0,0.12423375561912547,0.0064034151547492,0.04108858057630736,0.14079197216870645,0.6753246753246753,0.2022411953041622,0.9869791666666666,YGR225W,non_ess,non_ess
0.11271676300578035,0.03016682513613968,0.21621621621621626,1.6,0.1546791990192072,0.01680310211115898,0.15036622145626885,0.4530900078100855,0.8957597173144874,0.1046962516156829,1.2722513089005236,YPL270W,non_ess,non_ess
0.031791907514450865,0.0029388884086783643,0.0,1.0,0.0768287699223539,0.00933786078098472,0.028862478777589125,0.4739671760045274,0.696078431372549,0.1960950764006791,0.9871794871794872,YML062C,non_ess,non_ess
0.04624277456647399,0.008470913648543521,0.08108108108108109,1.5,0.06232120964446261,0.016580310880829015,0.10155440414507773,0.4066253291429542,0.8126004500160718,0.1865284974093264,1.2949640287769784,YPL206C,non_ess,non_ess
0.02023121387283237,0.0049269599792549044,0.0,1.0,0.021250510829587253,0.01933701657458564,0.1574585635359116,0.7809179770505736,1.7120315581854042,0.6215469613259669,1.0,YBR301W,non_ess,non_ess
0.02023121387283237,0.0026795747255596854,0.027027027027027032,0.5,0.06007355946056396,0.007510729613733906,0.033261802575107295,0.21135565565920614,0.4377410468319559,1.0,4.804123711340207,YDR090C,non_ess,non_ess
0.02023121387283237,0.005013397873627798,0.027027027027027032,0.5,0.02165917449938701,0.019021739130434784,0.15760869565217392,0.6206629714943853,1.6503311258278148,0.3804347826086957,0.8284023668639054,YJL169W,non_ess,non_ess
0.04046242774566474,0.008298037859797734,0.13513513513513514,2.5,0.08704536166734778,0.010542168674698794,0.07228915662650602,0.2672407421095424,0.8105828220858894,0.4066265060240964,1.2300683371298406,YDR483W,non_ess,non_ess
0.023121387283236997,0.003111764197424151,0.027027027027027032,0.5,0.051491622394769114,0.009925558312655087,0.04466501240694789,0.20326276331767068,0.5067698259187622,0.4267990074441687,1.5288888888888887,YPR009W,non_ess,non_ess
0.03757225433526011,0.01037254732474717,0.08108108108108109,6.0,0.01920719248058848,0.0391566265060241,0.3614457831325301,2.1956537807672407,1.0966257668711656,0.9759036144578314,0.9759036144578314,YJR020W,non_ess,non_ess
0.02890173410404624,0.005272711556746477,0.0,0.0,0.2108704536166735,0.003178639542275906,0.019389701207883026,0.06592319332396157,0.28169014084507044,0.4405594405594406,2.2684124386252047,YJR132W,non_ess,ess
0.0722543352601156,0.027919439882444462,0.4594594594594595,2.833333333333333,0.2529628116060482,0.006641870350690754,0.08581296493092455,0.12794339728172716,0.8120300751879698,0.17800212539851226,0.9824046920821116,YOR330C,non_ess,non_ess
0.01445086705202312,0.0037168294580344026,0.08108108108108109,3.0,0.03391908459337965,0.009124087591240877,0.07846715328467152,0.3458782562110761,0.8103975535168195,0.4489051094890511,1.211822660098522,YPL099C,non_ess,non_ess
0.005780346820809247,0.0006050652606102515,0.0,1.0,0.016346546791990192,0.006896551724137931,0.02413793103448276,0.15170019157088122,1.2916666666666663,0.6310344827586207,1.2281879194630874,YOL013W-B,non_ess,non_ess
0.10693641618497107,0.032154896706716216,0.08108108108108109,1.0,0.09174499387004496,0.02648532569792412,0.26628489620615603,0.5702726457236573,1.2879746835443036,0.16893342877594847,0.7788778877887789,YGL184C,non_ess,non_ess
0.005780346820809247,0.0015558820987120756,0.054054054054054064,1.0,0.06804250102165918,0.0019065776930409914,0.017159199237368927,0.04808453571601687,0.5800376647834276,0.6110581506196378,1.1783088235294117,YPR129W,non_ess,non_ess
0.005780346820809247,0.00017287578874578615,0.0,0.0,0.03814194251464378,0.003278688524590164,0.003278688524590164,0.10251236783393153,0.2189349112426036,0.7475409836065574,3.060402684563759,YLL050C,ess,ess
0.1213872832369942,0.03206845881234333,0.10810810810810813,2.0,0.14160196158561505,0.01972757162987318,0.17426021606387976,0.2732194506934316,0.4682395644283122,0.1240018788163457,2.046511627906977,YHL032C,non_ess,non_ess
0.02890173410404624,0.012879246261561068,0.0,0.0,0.021863506334286884,0.026954177897574125,0.4016172506738545,0.6827404401528392,0.5803571428571429,0.4959568733153639,1.472,YJR108W,non_ess,non_ess
0.18208092485549127,0.05047973031376955,0.21621621621621626,1.6,0.1765427053534941,0.02384557153671461,0.2210446631339894,0.4070678928013115,0.9642125625853436,0.08554125662376988,0.9003984063745021,YAL056W,non_ess,non_ess
0.031791907514450865,0.008557351542916414,0.054054054054054064,2.0,0.032897425418880265,0.020637898686679174,0.18574108818011256,1.720263994783974,1.7943262411347516,0.2701688555347092,0.3711340206185567,YJR025C,non_ess,non_ess
0.03757225433526011,0.006482842077966981,0.0,1.0,0.12362076011442585,0.006970509383378016,0.04021447721179625,0.2725033512064343,0.9160539215686276,0.48954423592493296,1.7193973634651598,YDR292C,ess,non_ess
0.06936416184971098,0.014694442043391822,0.16216216216216214,1.5,0.07498978340825503,0.0208514335360556,0.1476976542137272,0.4817728479106912,1.9287671232876715,0.2354474370112945,0.633177570093458,YDR309C,non_ess,non_ess
0.06358381502890173,0.011928429423459244,0.0,1.0,0.0298324478953821,0.04508196721311476,0.2827868852459016,0.6258965163934426,1.0044642857142856,0.09631147540983606,0.4895833333333333,YHL002C-A,non_ess,non_ess
0.15028901734104044,0.03967499351715792,0.10810810810810813,1.0,0.21904372701266855,0.015921616656460504,0.14053888548683405,0.27503369481975626,0.926903073286052,0.21586037966932026,1.2390158172231984,YMR196W,non_ess,non_ess
0.03468208092485549,0.003976143141153081,0.10810810810810813,2.0,0.07335512872905599,0.010647737355811893,0.040816326530612235,0.3947185679564832,0.7826086956521738,0.3779946761313221,1.0314769975786924,YDR171W,non_ess,non_ess
0.005780346820809247,0.0002593136831186792,0.0,1.0,0.018798528810788726,0.006134969325153374,0.009202453987730062,0.1209601895915754,0.5919003115264797,0.8711656441717791,1.9452054794520544,YLR261C,non_ess,non_ess
0.0028901734104046237,0.00017287578874578615,0.0,0.0,0.0425010216591745,0.001483679525222552,0.002967359050445104,0.03274876017783618,0.2698961937716263,0.6572700296735905,0.7009493670886077,YKL041W,non_ess,non_ess
0.008670520231213872,0.0008643789437289308,0.027027027027027032,0.16666666666666666,0.01982018798528811,0.008797653958944279,0.029325513196480937,0.30667377588198697,0.3744588744588745,0.6334310850439883,2.958904109589041,YOR053W,non_ess,non_ess
0.049132947976878616,0.01573169677586654,0.16216216216216214,1.2,0.07131181038005723,0.015496809480401094,0.1659070191431176,0.7030259910620985,1.0797764227642277,0.17684594348222424,0.7607843137254902,YML131W,non_ess,non_ess
0.008670520231213872,0.002333823148068113,0.2702702702702703,1.6666666666666667,0.02227217000408664,0.007957559681697613,0.07161803713527852,0.17979783497024876,0.3032432432432432,1.0,1.0,YML012C-A,non_ess,non_ess
0.0028901734104046237,0.0006915031549831446,0.027027027027027032,0.5,0.04842664487127095,0.001314060446780552,0.010512483574244415,0.02594739519308211,0.057315668202764986,0.6675427069645203,2.9028571428571435,YIL049W,non_ess,non_ess
0.049132947976878616,0.010286109430374276,0.054054054054054064,2.0,0.20698814875357585,0.0055033991583036575,0.038523794108125606,0.2061773448306307,0.4231601731601731,0.6005179669796049,4.894459102902374,YMR231W,non_ess,non_ess
0.04624277456647399,0.008384475754170628,0.027027027027027032,0.25,0.19248058847568453,0.005563282336578581,0.03372739916550765,0.09191565552411554,0.5693153423288354,0.29694019471488176,0.29694019471488176,YBR073W,non_ess,non_ess
0.04624277456647399,0.006655717866712767,0.16216216216216214,3.0,0.11238250919493258,0.009411764705882352,0.045294117647058825,0.2503980274744628,0.6204733390362133,0.2435294117647059,1.5801526717557253,YDR110W,non_ess,non_ess
0.01445086705202312,0.002160947359322327,0.0,1.0,0.04147936248467512,0.0075872534142640375,0.03793626707132018,0.2354695274729153,0.2450166112956811,0.3884673748103187,2.265486725663717,YDR246W,ess,non_ess
0.011560693641618495,0.0008643789437289308,0.0,0.0,0.0588475684511647,0.00437636761487965,0.010940919037199123,0.15716534223962533,0.4421052631578947,0.3643326039387309,1.4415584415584417,YOR074C,ess,ess
0.060693641618497114,0.0087302273316622,0.054054054054054064,0.6666666666666666,0.08009807928075195,0.017128874388254486,0.08238172920065252,0.4754825496243197,0.843065693430657,0.17781402936378465,1.3212121212121208,YJL059W,non_ess,non_ess
0.2658959537572254,0.2033883654594174,0.13513513513513514,1.0,0.06048222313036373,0.09808102345415776,2.508528784648188,1.778598463594536,0.9513813860163608,0.08422174840085288,0.7523809523809524,YFR034C,non_ess,non_ess
0.011560693641618495,0.0017287578874578616,0.027027027027027032,1.0,0.04903964037597058,0.005194805194805196,0.025974025974025976,0.13767488550097245,0.2910628019323672,0.3974025974025974,2.125,YMR200W,ess,non_ess
0.0,0.0,0.0,1.0,0.126685737637924,0.0,0.0,0.0,1.0,1.0,1.0,YHR218W,non_ess,non_ess
0.0,0.0,0.16216216216216214,2.0,0.0018389865140988968,0.0,0.0,0.0,1.0,1.0,1.0,YDL133C-A,non_ess,non_ess
0.05202312138728323,0.017114703085832832,0.13513513513513514,1.6666666666666667,0.0443400081732734,0.025677603423680456,0.28245363766048504,0.6578585998640126,0.8006230529595015,0.16547788873038516,0.9354838709677421,YHR008C,non_ess,non_ess
0.03757225433526011,0.01149623995159478,0.054054054054054064,0.2857142857142857,0.019615856150388238,0.038461538461538464,0.39349112426035504,1.0004690431519698,1.333148558758315,0.5207100591715976,1.093167701863354,YLR390W,non_ess,non_ess
0.01445086705202312,0.0005186273662373584,0.13513513513513514,0.8333333333333334,0.06620351450756028,0.004892367906066536,0.005870841487279843,0.11666073652375022,0.16582491582491582,0.6487279843444227,3.70391061452514,YJR105W,non_ess,non_ess
0.1184971098265896,0.029302446192410757,0.6486486486486487,1.5,0.06048222313036373,0.04371002132196162,0.36140724946695096,0.7268116483428065,1.4044249775381852,0.11513859275053305,0.6967741935483871,YDL124W,non_ess,non_ess
0.03468208092485549,0.005272711556746477,0.2702702702702703,1.4285714285714286,0.03044544340008173,0.02414486921529175,0.1227364185110664,0.6001224739742804,0.7111111111111109,0.2334004024144869,0.7160493827160493,YPL135W,non_ess,non_ess
0.05202312138728323,0.008643789437289308,0.054054054054054064,0.6666666666666666,0.3036371066612178,0.0039929015084294575,0.02218278615794144,0.13215215960156854,0.4838709677419354,0.18278615794143746,1.3574958813838551,YBL079W,non_ess,non_ess
0.04335260115606936,0.009075978909153772,0.10810810810810813,1.3333333333333333,0.06395586432366163,0.015166835187057632,0.10616784630940344,0.3733503968002269,0.5139694254085398,0.26289180990899896,0.8524590163934426,YKR013W,non_ess,non_ess
0.01445086705202312,0.004321894718644654,0.10810810810810813,1.0,0.036575398447078064,0.008517887563884156,0.08517887563884156,0.2272367600376089,0.4398907103825136,0.32367972742759793,1.3013698630136985,YPR131C,non_ess,non_ess
0.04046242774566474,0.011064050479730312,0.08108108108108109,0.42857142857142855,0.052717613404168376,0.016990291262135918,0.1553398058252427,0.3801025011729888,0.9568201315413212,0.1783980582524272,0.9671052631578948,YMR178W,non_ess,non_ess
0.049132947976878616,0.00959460627539113,0.027027027027027032,0.25,0.12832039231712306,0.008790072388831437,0.05739400206825233,0.25854937060942124,0.6839080459770115,0.2264736297828335,1.46,YNL115C,non_ess,non_ess
0.05491329479768786,0.014521566254646038,0.027027027027027032,0.5,0.020433183489987745,0.054285714285714284,0.48,1.7076600985221675,2.375,0.62,0.7406143344709897,YLR280C,non_ess,non_ess
0.06358381502890173,0.020226467283256982,0.027027027027027032,0.5,0.11115651818553332,0.013079667063020214,0.13912009512485138,0.2468689256445492,0.7395209580838323,0.2211652794292509,1.5308641975308643,YGL179C,non_ess,non_ess
0.0028901734104046237,8.643789437289306e-05,0.0,1.0,0.038823048630976714,0.0016129032258064516,0.0016129032258064516,0.03884045335658239,0.1801801801801802,1.0,1.5979381443298968,YIL127C,non_ess,non_ess
0.08959537572254335,0.01659607571959547,0.054054054054054064,1.0,0.15713118103800575,0.013152312261349173,0.08145948239287229,0.3221504632903304,0.7077209484616892,0.12388629613915995,0.7121951219512196,YGR237C,non_ess,non_ess
0.07803468208092486,0.016163886247731005,0.13513513513513514,0.8333333333333334,0.11973845525132815,0.014933628318584071,0.10342920353982303,0.30434939083525275,1.1419520547945206,0.2616150442477876,1.8622047244094488,YKR039W,non_ess,non_ess
0.05491329479768786,0.010804736796611637,0.13513513513513514,1.0,0.02697180220678382,0.04260089686098655,0.2802690582959641,1.124790843986346,0.9250177683013504,0.17713004484304934,1.2153846153846155,YCR049C,non_ess,non_ess
0.06358381502890173,0.019275650445155158,0.0,0.0,0.09031467102574582,0.015988372093023256,0.1620639534883721,0.5631573100281441,1.434245035593856,0.19840116279069767,0.9820143884892086,YMR238W,non_ess,non_ess
0.04046242774566474,0.006223528394848302,0.0,1.0,0.09828361258684104,0.009377093101138649,0.04822505023442733,0.2621522661308328,0.8200000000000001,0.2538513060951105,0.9619289340101522,YJR054W,non_ess,non_ess
0.01445086705202312,0.0027660126199325783,0.0,1.0,0.03575807110747855,0.008695652173913044,0.05565217391304348,0.32966577935522035,0.5064247921390779,0.5495652173913044,2.2411347517730498,YER115C,non_ess,non_ess
0.01445086705202312,0.0026795747255596854,0.027027027027027032,0.3333333333333333,0.0046996322026971816,0.04201680672268908,0.2605042016806723,1.2227602905569008,0.738498789346247,1.0,1.0,YBR223W-A,non_ess,non_ess
0.03468208092485549,0.007260783127323019,0.08108108108108109,3.0,0.029628116060482226,0.024742268041237112,0.1731958762886598,0.6579314931825739,1.2983870967741935,0.5463917525773195,1.7549668874172184,YLR050C,non_ess,non_ess
0.05491329479768786,0.0112369262684761,0.027027027027027032,1.0,0.11892112791172865,0.010579064587973272,0.07238307349665925,0.3880046143792593,0.7163450876025725,0.2310690423162584,1.4768683274021353,YOR071C,non_ess,non_ess
0.0,0.0,0.0,1.0,0.021250510829587253,0.0,0.0,0.0,1.0,1.0,1.0,YIL176C,non_ess,non_ess
0.05202312138728323,0.010199671536001384,0.0,0.0,0.06497752349816102,0.017928286852589643,0.11752988047808766,0.3987731084032073,1.7096234309623433,0.31772908366533864,1.0323624595469256,YPL227C,non_ess,non_ess
0.10982658959537572,0.01832483360705333,0.027027027027027032,0.5,0.13588067020841849,0.018581907090464547,0.10366748166259168,0.3170143470037367,0.6293501048218031,0.17359413202933985,0.9971910112359552,YBR117C,non_ess,non_ess
0.1213872832369942,0.03310571354481805,0.027027027027027032,1.0,0.15672251736820594,0.01786473840918758,0.16290940025521056,0.3032203180527161,0.7068723702664798,0.18715440238196512,1.6117216117216118,YAL053W,non_ess,non_ess
0.008670520231213872,0.0008643789437289308,0.0,0.0,0.013281569268492034,0.012244897959183671,0.040816326530612235,0.33896624070188824,0.43457943925233655,0.7142857142857143,0.9067357512953368,YHR131W-A,non_ess,non_ess
0.0028901734104046237,0.0003457515774915723,0.0,0.0,0.042092357989374746,0.0014970059880239526,0.0059880239520958105,0.11128324745857124,1.0,1.0,1.0,YNL334C,non_ess,non_ess
0.02023121387283237,0.005791338922983836,0.08108108108108109,1.5,0.07703310175725378,0.0059271803556308214,0.056731583403895,0.10964121465690424,0.7960784313725491,0.4504657070279424,1.3746770025839794,YBR125C,non_ess,non_ess
0.0,0.0,0.0,1.0,0.027176134041683696,0.0,0.0,0.0,0.0,1.0,1.6446886446886448,YGL106W,non_ess,non_ess
0.005780346820809247,0.0010372547324747168,0.16216216216216214,0.6666666666666666,0.05006129955046997,0.0025477707006369425,0.015286624203821656,0.0680744250258856,0.2134646962233169,0.9528662420382166,2.6810035842293907,YDL087C,ess,non_ess
0.023121387283236997,0.0060506526061025155,0.0,0.0,0.06375153248876175,0.008113590263691683,0.07099391480730223,0.2872999774622493,0.5972222222222223,0.7038539553752535,1.2947761194029852,YDL037C,non_ess,non_ess
0.04624277456647399,0.016682513613968362,0.13513513513513514,0.7142857142857143,0.01818553330608909,0.050473186119873815,0.6088328075709779,1.0433599307230779,1.3681917211328978,0.2429022082018928,0.2429022082018928,YJL135W,non_ess,non_ess
0.0,0.0,0.027027027027027032,2.0,0.022476501838986515,0.0,0.0,0.0,0.0,1.0,1.0354223433242506,YOR309C,non_ess,non_ess
0.04046242774566474,0.009940357852882704,0.08108108108108109,3.0,0.1581528402125051,0.005902192242833052,0.048482293423271504,0.2783258537442804,0.4541259500542889,0.2820404721753794,1.4113924050632911,YDR034C,non_ess,non_ess
0.03468208092485549,0.012014867317832138,0.027027027027027032,1.0,0.02145484266448713,0.03287671232876712,0.3808219178082192,0.5402443539429841,0.8076923076923075,0.23013698630136986,0.9438202247191012,YIR013C,non_ess,non_ess
0.03468208092485549,0.007952286282306162,0.0,1.0,0.11176951369023294,0.007096392667060911,0.05440567711413365,0.1752195720261953,0.3648834019204389,0.19160260201064452,1.514018691588785,YLR134W,non_ess,non_ess
0.031791907514450865,0.005272711556746477,0.027027027027027032,1.0,0.09419697588884347,0.007676203768318212,0.04256803907885555,0.2220110565049764,0.8928289992119778,0.2421493370551291,0.5473186119873816,YLR341W,non_ess,non_ess
0.005780346820809247,0.0004321894718644654,0.10810810810810813,1.3333333333333333,0.0406620351450756,0.0030911901081916537,0.0077279752704791345,0.0868466476381728,0.11064156742220516,0.4806800618238022,2.1448275862068966,YDR177W,ess,non_ess
0.0,0.0,0.0,1.0,0.38666394224220135,0.0,0.0,0.0,1.0,1.0,1.0,YGR296W,non_ess,non_ess
0.12427745664739885,0.06595211340651741,0.0,1.0,0.019411524315488357,0.12835820895522387,2.277611940298508,6.3874094872173774,2.2807637906647806,0.14328358208955225,0.294478527607362,YBL109W,non_ess,non_ess
0.017341040462427744,0.003111764197424151,0.054054054054054064,0.6666666666666666,0.08255006129955048,0.0047543581616481785,0.028526148969889063,0.10722328801401283,1.5328947368421053,0.35974643423137875,0.6331938633193863,YMR204C,non_ess,non_ess
0.1213872832369942,0.03224133460108912,0.10810810810810813,0.8,0.4395177768696363,0.006458557588805167,0.057358142395817324,0.14234237413753553,0.5658420268256334,0.11041057973243118,1.2486956521739132,YER155C,non_ess,non_ess
0.04046242774566474,0.007174345232950125,0.10810810810810813,2.0,0.09991826726604006,0.00922874093605801,0.05471324983520105,0.4187870797626895,0.5238095238095238,0.2887277521423863,2.2694300518134707,YLR015W,non_ess,non_ess
0.0,0.0,0.0,0.0,0.06865549652635881,0.0,0.0,0.0,0.0,1.0,3.933085501858737,YJL167W,ess,ess
0.005780346820809247,0.0036303915636615096,0.0,0.0,0.14139762975071518,0.0009407337723424273,0.01975540921919097,0.13964315895211826,0.13220338983050847,0.9129821260583256,4.503480278422273,YLR424W,ess,ess
0.03757225433526011,0.015991010458985218,0.10810810810810813,1.3333333333333333,0.10359624029423783,0.008274984086569064,0.11775938892425207,0.2707424338869278,1.4050505050505049,0.2310630171865054,0.8601895734597156,YMR029C,non_ess,non_ess
0.02023121387283237,0.00509983576800069,0.0,1.0,0.017572537801389457,0.022727272727272728,0.1915584415584416,1.0138888888888888,1.2152777777777777,0.762987012987013,0.762987012987013,YDL158C,non_ess,non_ess
0.060693641618497114,0.017633330452070186,0.16216216216216214,3.0,0.08663669799754803,0.01588502269288956,0.15431164901664146,0.35135926718571264,0.4689353988134475,0.3441754916792738,2.630057803468208,YDL131W,non_ess,non_ess
0.14161849710982655,0.033365027227936724,0.5135135135135136,2.375,0.2394769105026563,0.013740886146943354,0.10824453168816604,0.4332212430705832,0.9292344545363808,0.08581043185642176,0.7989556135770235,YEL025C,non_ess,non_ess
0.0953757225433526,0.025672054628749243,0.10810810810810813,1.3333333333333333,0.02063751532488762,0.09348441926345608,0.8413597733711048,4.670758577274158,1.0985449735449735,0.2322946175637393,2.1025641025641018,YLR255C,non_ess,non_ess
0.031791907514450865,0.0187570230789178,0.027027027027027032,0.14285714285714285,0.036575398447078064,0.018739352640545142,0.3696763202725724,0.7065706509566505,0.4645418326693228,0.626916524701874,3.315315315315315,YNL282W,ess,non_ess
0.0,0.0,0.0,1.0,0.027380465876583573,0.0,0.0,0.0,0.0,1.0,1.7251908396946565,YMR298W,ess,ess
0.02023121387283237,0.002506698936813899,0.027027027027027032,0.25,0.21924805884756848,0.002141327623126339,0.008871214438666258,0.0603938915812014,0.3119019138755981,0.6301621290914653,4.587973273942094,YMR308C,ess,ess
0.0028901734104046237,0.0006050652606102515,0.054054054054054064,1.0,0.0624574308677292,0.001034126163391934,0.007238883143743538,0.030240489339699445,0.11246200607902736,0.5118924508790073,2.6052631578947367,YHR012W,non_ess,non_ess
0.05202312138728323,0.0076929725991874845,0.0,1.0,0.18798528810788726,0.006405693950177936,0.031672597864768684,0.1608270953491226,0.6422788605697152,0.3868327402135232,1.3570536828963795,YGR089W,non_ess,non_ess
0.05202312138728323,0.009681044169764024,0.027027027027027032,1.0,0.18328565590519005,0.006566946369937978,0.04086099963516965,0.4271798613644655,0.6125,0.4589565851878876,2.556910569105691,YDR213W,non_ess,non_ess
0.017341040462427744,0.0036303915636615096,0.0,0.0,0.03964037597057622,0.00949367088607595,0.06645569620253164,0.4738631036099391,1.4666666666666666,0.4398734177215189,1.4946236559139785,YOR247W,non_ess,non_ess
0.02023121387283237,0.0047540841905091185,0.054054054054054064,0.6666666666666666,0.014303228442991419,0.026923076923076925,0.21153846153846154,0.6515703231679564,1.111439842209073,0.3615384615384615,0.912621359223301,YNL211C,non_ess,non_ess
0.16473988439306358,0.047713717693836984,0.0,0.0,0.10870453616673477,0.03462940461725395,0.3353584447144593,0.7117447842610068,1.2433913604126374,0.11300121506682867,0.484375,YKR005C,non_ess,non_ess
0.031791907514450865,0.008903103120407986,0.10810810810810813,1.0,0.17511238250919495,0.004196871423120946,0.039297977871041584,0.1683113315528424,0.9624999999999998,0.3838229683326975,2.704301075268817,YNL082W,non_ess,non_ess
0.06647398843930635,0.01849770939579912,0.027027027027027032,1.0,0.158357172047405,0.00968421052631579,0.09010526315789473,0.9739026812313804,0.8104883462819089,0.3772631578947369,2.7569230769230764,YOR144C,non_ess,non_ess
0.0,0.0,0.0,0.0,0.059460563955864326,0.0,0.0,0.0,0.0,1.0,3.7068273092369486,YGR104C,non_ess,ess
0.008670520231213872,0.0007779410493560378,0.0,0.0,0.11544748671843072,0.0017191977077363895,0.005157593123209169,0.043369863822999434,0.21649484536082475,0.5696275071633238,1.871939736346516,YNL225C,non_ess,ess
0.04046242774566474,0.007001469444204339,0.054054054054054064,2.0,0.18083367388639152,0.005175600739371534,0.029944547134935308,0.1991168617785993,0.8263888888888888,0.2454713493530499,0.7830188679245282,YPL150W,non_ess,non_ess
0.0,0.0,0.0,0.0,0.0615038823048631,0.0,0.0,0.0,0.0,1.0,2.4882506527415145,YBL027W,non_ess,ess
0.0722543352601156,0.01901633676203648,0.027027027027027032,0.3333333333333333,0.0913363302002452,0.017972681524083392,0.15815959741193386,0.547548293395658,1.150649904112508,0.1588785046728972,0.9735682819383259,YHR018C,non_ess,non_ess
0.0838150289017341,0.02048578096637566,0.10810810810810813,1.3333333333333333,0.10890886800163466,0.01758641600970285,0.14372346876895087,0.5902987961989853,0.5117647058823529,0.08793208004851426,1.0139860139860142,YHR050W,non_ess,non_ess
0.023121387283236997,0.004321894718644654,0.08108108108108109,1.5,0.08704536166734778,0.006024096385542169,0.037650602409638564,0.4385739680031602,0.5770491803278689,0.4977409638554217,0.936260623229462,YML038C,non_ess,non_ess
0.03468208092485549,0.004840522084882012,0.027027027027027032,0.3333333333333333,0.09664895790764202,0.008168822328114363,0.0381211708645337,0.29180580115281896,0.4234995773457311,0.6929884275017019,1.9243856332703213,YHR183W,non_ess,non_ess
0.017341040462427744,0.0027660126199325783,0.10810810810810813,1.0,0.05803024111156519,0.006651884700665189,0.03547671840354767,0.1976810096193921,0.6015037593984962,0.4323725055432373,1.2380952380952381,YGR044C,non_ess,non_ess
0.05780346820809248,0.016077448353358108,0.35135135135135137,1.8571428571428568,0.1871679607682877,0.0071479628305932815,0.06647605432451753,0.19949314445383065,0.9447415329768272,0.27448177269478197,0.9846153846153844,YPL195W,non_ess,non_ess
0.011560693641618495,0.0017287578874578616,0.027027027027027032,0.16666666666666666,0.029015120555782595,0.008403361344537815,0.04201680672268908,0.33488832795475604,0.17845373891001268,0.5084033613445378,1.9206349206349205,YGR030C,ess,non_ess
0.017341040462427744,0.005359149451119371,0.13513513513513514,5.0,0.0361667347772783,0.010327022375215149,0.10671256454388983,0.8777969018932875,1.5474452554744524,0.36316695352839934,0.5994318181818182,YPL257W,non_ess,non_ess
0.005780346820809247,0.0002593136831186792,0.0,0.0,0.06906416019615856,0.0018796992481203009,0.002819548872180451,0.04472815702622894,0.2574257425742575,0.9125939849624058,2.2955082742316786,YBR087W,ess,ess
0.0,0.0,0.0,1.0,0.38666394224220135,0.0,0.0,0.0,1.0,1.0,1.0,YPL283C,non_ess,non_ess
0.02023121387283237,0.003889705246780188,0.21621621621621626,1.6,0.04944830404577034,0.00902061855670103,0.05798969072164949,0.14932502770408676,1.130944625407166,0.615979381443299,0.8722627737226277,YMR193W,non_ess,non_ess
0.008670520231213872,0.0010372547324747168,0.027027027027027032,2.0,0.11319983653453207,0.0017523364485981304,0.0070093457943925215,0.07049602172265723,1.0,0.9369158878504672,1.0151898734177216,YDR342C,non_ess,non_ess
0.0028901734104046237,8.643789437289306e-05,0.0,1.0,0.029628116060482226,0.002061855670103093,0.002061855670103093,0.0643052251299674,0.4188034188034189,0.981443298969072,2.5869565217391304,YNL120C,non_ess,non_ess
0.07803468208092486,0.018151957818307547,0.054054054054054064,2.0,0.19002860645688602,0.009507042253521126,0.07394366197183097,0.21422155688622754,0.7895209580838324,0.16338028169014085,1.7984496124031006,YBR086C,non_ess,non_ess
0.005780346820809247,0.0010372547324747168,0.0,0.0,0.029423784225582342,0.004149377593360996,0.024896265560165973,0.17057611426313266,0.5487528344671202,0.9522821576763484,1.4664536741214056,YLR010C,ess,ess
0.13583815028901733,0.022906042008816664,0.08108108108108109,3.0,0.2061708214139763,0.015274618134546638,0.08612284692882677,0.3285315783772073,1.1114864864864866,0.1728956776080598,2.030534351145038,YBL037W,non_ess,non_ess
0.04335260115606936,0.026017806206240814,0.1891891891891892,0.875,0.020841847159787496,0.04213483146067416,0.8455056179775281,1.3359082397003743,1.4236111111111107,0.7219101123595506,1.1077586206896552,YPR170W-B,non_ess,non_ess
0.031791907514450865,0.0028524505143054713,0.0,0.0,0.15508786268900696,0.004727116458960034,0.014181349376880103,0.4092969326446716,0.9586702605570528,0.3339063171465406,1.8633093525179856,YLR274W,ess,ess
0.04335260115606936,0.008211599965424842,0.08108108108108109,0.75,0.03759705762157745,0.024916943521594685,0.15780730897009967,0.4691580649172989,1.232377248420029,0.25249169435215946,1.0,YLR073C,non_ess,non_ess
0.02023121387283237,0.0029388884086783643,0.0,0.0,0.03391908459337965,0.012773722627737226,0.062043795620437964,0.3991648870047493,0.8117418728772441,0.2974452554744525,0.4822485207100592,YHR093W,non_ess,non_ess
0.005780346820809247,0.0006915031549831446,0.054054054054054064,1.0,0.019411524315488357,0.005970149253731343,0.023880597014925373,0.221438263229308,2.227272727272727,0.582089552238806,0.9798994974874372,YKL137W,non_ess,non_ess
0.02890173410404624,0.0035439536692886157,0.0,1.0,0.1691867592970985,0.003946329913180742,0.01617995264404104,0.11855097208575616,0.5209452201933404,0.3729281767955801,1.3235294117647058,YPL084W,non_ess,non_ess
0.06936416184971098,0.00786584838793327,0.054054054054054064,4.0,0.20187985288107888,0.007962840079628402,0.030192435301924364,0.1758158894854316,0.6397058823529411,0.2183145321831453,0.8083538083538083,YDR270W,non_ess,non_ess
0.02023121387283237,0.0014694442043391822,0.0,0.0,0.039844707805476096,0.011023622047244094,0.026771653543307086,0.2859737968438592,0.5941154281403243,0.30866141732283464,1.1597633136094676,YPR071W,non_ess,non_ess
0.0028901734104046237,8.643789437289306e-05,0.0,0.0,0.015733551287290558,0.0035587188612099642,0.0035587188612099642,0.05637084051803206,0.11274168103606412,0.7366548042704626,0.7366548042704626,YJR005C-A,non_ess,non_ess
0.06936416184971098,0.010718298902238741,0.027027027027027032,2.0,0.22476501838986515,0.007164179104477613,0.037014925373134326,0.3055983884259683,0.8764241893076249,0.15850746268656715,0.99438202247191,YNR065C,non_ess,non_ess
0.08092485549132948,0.05385080819431239,0.0,0.0,0.08704536166734778,0.021084337349397592,0.4691265060240964,0.6722953992134341,0.8192624199939044,0.12274096385542167,1.1241379310344828,YMR243C,non_ess,non_ess
0.0,0.0,0.0,1.0,0.034940743767879034,0.0,0.0,0.0,1.0,1.0,1.0,YER112W,ess,non_ess
0.04335260115606936,0.011582677845967672,0.054054054054054064,2.0,0.05762157744176542,0.016741071428571428,0.14955357142857142,0.4492849576271187,0.7796610169491525,0.3013392857142857,0.9215017064846416,YLL056C,non_ess,non_ess
0.023121387283236997,0.006482842077966981,0.13513513513513514,2.5,0.06375153248876175,0.008113590263691683,0.07606490872210954,0.19601524141722432,1.0778816199376948,0.6359026369168357,1.482269503546099,YPR128C,non_ess,non_ess
0.06936416184971098,0.02273316622007088,0.10810810810810813,4.0,0.10114425827543932,0.015635179153094463,0.17133550488599347,0.20401192257869785,0.3894396326828761,0.2273615635179153,1.8465608465608463,YMR004W,non_ess,non_ess
0.10693641618497107,0.02809231567119025,0.1891891891891892,0.5384615384615384,0.036575398447078064,0.06303236797274275,0.5536626916524702,1.0955702627692063,1.8090868060779297,0.17546848381601365,1.0729166666666667,YDL125C,non_ess,non_ess
0.05202312138728323,0.005359149451119371,0.08108108108108109,3.0,0.07560277891295464,0.015517241379310345,0.05344827586206897,0.26185344827586204,0.40469457013574656,0.1353448275862069,1.2170542635658914,YNL001W,non_ess,non_ess
0.02890173410404624,0.0047540841905091185,0.2432432432432433,0.9,0.07192480588475685,0.009041591320072331,0.04972875226039783,0.4714098646879093,1.0847701149425288,0.23508137432188064,1.0699588477366255,YIR025W,non_ess,non_ess
0.06647398843930635,0.014002938888408678,0.027027027027027032,0.25,0.126685737637924,0.012041884816753926,0.08481675392670157,0.3470187865722205,1.1789915966386553,0.15392670157068064,0.7882037533512065,YNL176C,non_ess,non_ess
0.017341040462427744,0.006915031549831446,0.0,0.0,0.052717613404168376,0.0072815533980582535,0.0970873786407767,0.2079288025889968,0.6727642276422765,0.6310679611650486,1.7105263157894743,YFR052W,ess,non_ess
0.0028901734104046237,8.643789437289306e-05,0.0,0.0,0.03228442991418063,0.0019083969465648848,0.0019083969465648848,0.033510623639319864,0.7617328519855595,0.9045801526717556,1.6232876712328763,YDL120W,ess,ess
0.0028901734104046237,8.643789437289306e-05,0.0,0.0,0.04903964037597058,0.001298701298701299,0.001298701298701299,0.046073833573833566,0.2106481481481481,0.9012987012987012,1.3094339622641509,YEL051W,non_ess,ess
0.10115606936416184,0.02584493041749503,0.13513513513513514,0.8333333333333334,0.17286473232529628,0.013523956723338485,0.11553323029366308,0.2736193720960279,1.256965944272446,0.1545595054095827,0.8771929824561403,YNL068C,non_ess,non_ess
0.04046242774566474,0.0042354568242717605,0.08108108108108109,0.5,0.203310175725378,0.004612850082372322,0.01614497528830313,0.1401813448696505,1.0229007633587783,0.25436573311367383,0.8058455114822548,YDR495C,non_ess,non_ess
0.049132947976878616,0.005704901028610943,0.08108108108108109,1.5,0.04147936248467512,0.025796661608497726,0.10015174506828528,0.6559040071938402,0.7870370370370371,0.1805766312594841,0.8947368421052632,YLR178C,non_ess,non_ess
0.02023121387283237,0.002420261042441006,0.027027027027027032,1.0,0.0190028606456886,0.02127659574468085,0.0851063829787234,0.6972751026502426,0.8114035087719298,0.3373860182370821,1.2906976744186047,YER046W-A,non_ess,non_ess
0.0722543352601156,0.015299507304002076,0.13513513513513514,0.625,0.10155292194523907,0.016223231667748216,0.11486048020765735,0.6949502708286429,1.2976929902395742,0.14406229720960415,0.9694323144104804,YMR283C,non_ess,non_ess
0.09826589595375723,0.020312905177629872,0.027027027027027032,2.0,0.10359624029423783,0.021642266072565246,0.14958625079567156,0.3282798208569753,0.5977129202935655,0.1820496499045194,1.0035087719298246,YPL247C,non_ess,non_ess
0.01445086705202312,0.005704901028610943,0.054054054054054064,4.0,0.019615856150388238,0.014792899408284025,0.1952662721893491,0.24543774543774546,0.5963105963105962,0.33136094674556216,0.5894736842105264,YGR139W,non_ess,non_ess
0.06358381502890173,0.014608004149018932,0.054054054054054064,0.6666666666666666,0.0960359624029424,0.015068493150684932,0.11575342465753426,1.0878292939936776,1.4553846153846155,0.1952054794520548,0.9105431309904152,YER141W,non_ess,non_ess
0.005780346820809247,0.0008643789437289308,0.08108108108108109,0.75,0.009603596240294238,0.010471204188481676,0.052356020942408384,0.2913157295697701,0.4619565217391304,0.774869109947644,1.608695652173913,YLR402W,non_ess,non_ess
0.023121387283236997,0.003198202091797044,0.2432432432432433,1.5,0.03330608908868002,0.014842300556586271,0.0686456400742115,0.4561716942669324,0.6814814814814815,0.23562152133580705,0.8698630136986302,YLL049W,non_ess,non_ess
0.09826589595375723,0.032154896706716216,0.16216216216216214,1.5,0.08255006129955048,0.02694136291600634,0.294770206022187,0.6822954917346321,0.6713124274099884,0.13312202852614896,0.96,YOL058W,non_ess,non_ess
0.011560693641618495,0.003111764197424151,0.2972972972972973,1.375,0.012464241928892523,0.017167381974248927,0.15450643776824036,0.4597785608122776,0.5654993514915694,0.3991416309012876,0.9117647058823528,YKL165C-A,non_ess,non_ess
0.011560693641618495,0.0015558820987120756,0.0,0.0,0.058643236616264825,0.004390779363336993,0.019758507135016458,0.09433345529942676,0.2240000000000001,0.7486278814489572,3.919540229885057,YNL006W,ess,ess
0.05202312138728323,0.01348431152217132,0.054054054054054064,4.0,0.09664895790764202,0.012253233492171544,0.10619469026548672,0.3397635008723328,0.749290444654683,0.21647379169503064,1.0358306188925082,YLR183C,non_ess,non_ess
0.02890173410404624,0.005013397873627798,0.0,1.0,0.035962402942378416,0.017301038062283742,0.10034602076124567,0.3494809688581315,0.6269841269841271,0.444636678200692,1.9323308270676691,YER148W-A,non_ess,non_ess
0.02890173410404624,0.007260783127323019,0.10810810810810813,2.0,0.04658765835717205,0.013623978201634877,0.11444141689373295,0.42876763917502936,1.0975609756097562,0.3828337874659401,1.1195219123505975,YIR030C,non_ess,non_ess
0.0,0.0,0.0,0.0,0.012464241928892523,0.0,0.0,0.0,0.0,1.0,1.3705882352941177,YGR105W,non_ess,non_ess
0.008670520231213872,0.0015558820987120756,0.0,1.0,0.01982018798528811,0.008797653958944279,0.05278592375366569,0.19909538247427805,0.9220338983050848,0.4868035190615836,1.0,YKL061W,non_ess,non_ess
0.11271676300578035,0.04728152822197251,0.027027027027027032,0.3333333333333333,0.1068655496526359,0.024088943792464484,0.3378628783199506,0.7421783674240298,1.1280991735537191,0.17541692402717726,0.5831622176591376,YBR078W,non_ess,non_ess
0.0722543352601156,0.014780879937764715,0.10810810810810813,1.3333333333333333,0.05598692276256642,0.028669724770642207,0.19610091743119265,1.2846863289830728,0.9419014084507044,0.11353211009174312,0.5439560439560439,YNR064C,non_ess,non_ess
0.1184971098265896,0.07822629440746823,0.0,1.0,0.049243972210870464,0.05304010349288486,1.1707632600258733,1.5548230338010414,0.7480276134122287,0.1927554980595084,1.1287878787878791,YJL043W,non_ess,non_ess
0.08959537572254335,0.027919439882444462,0.08108108108108109,3.0,0.07458111973845526,0.027074235807860263,0.2820960698689957,0.5919412465263993,0.6725206611570248,0.10829694323144104,0.10829694323144104,YPL014W,non_ess,non_ess
0.01445086705202312,0.0007779410493560378,0.0,1.0,0.09297098487944422,0.00353356890459364,0.006360424028268552,0.1003037629409212,0.5236576289207867,0.4784452296819788,1.5966981132075468,YPL235W,ess,ess
0.0,0.0,0.0,1.0,0.020024519820187988,0.0,0.0,0.0,1.0,1.0,1.0,YLR156W,non_ess,non_ess
0.0,0.0,0.0,1.0,0.011033919084593379,0.0,0.0,0.0,1.0,1.0,1.0,YLR157W-D,non_ess,non_ess
0.026011560693641616,0.003111764197424151,0.10810810810810813,1.3333333333333333,0.061708214139762976,0.009414225941422594,0.03765690376569039,0.2422266949572667,0.6931279620853082,0.3138075313807531,0.6535947712418301,YOR288C,non_ess,non_ess
0.011560693641618495,0.0042354568242717605,0.054054054054054064,0.3333333333333333,0.03575807110747855,0.006956521739130435,0.08521739130434783,0.1588985507246377,0.3472222222222223,0.40869565217391307,1.715328467153285,YGL147C,non_ess,non_ess
0.023121387283236997,0.006655717866712767,0.027027027027027032,0.5,0.056599918267266035,0.009080590238365494,0.08740068104426787,0.4192462340560611,2.006779661016949,0.2780930760499433,0.6250000000000001,YOL093W,non_ess,non_ess
0.031791907514450865,0.00561846313423805,0.4594594594594595,1.3076923076923077,0.053330608908867996,0.013205282112845138,0.07803121248499399,0.3046481750594975,1.1150097465886937,0.2845138055222089,0.6970588235294117,YKL023W,non_ess,non_ess
0.031791907514450865,0.008125162071051949,0.13513513513513514,1.25,0.10073559460563956,0.007194244604316547,0.061478090255068674,0.2432720490274448,0.8436213991769548,0.5068672334859385,1.5656565656565655,YEL052W,non_ess,non_ess
0.06647398843930635,0.011409802057221884,0.0,0.0,0.1581528402125051,0.0096964586846543,0.05564924114671164,0.3113375256481612,1.2400109469074985,0.2133220910623946,0.6764705882352939,YNL183C,non_ess,non_ess
0.005780346820809247,0.0013830063099662892,0.0,0.0,0.041683694319574985,0.0030211480362537764,0.024169184290030208,0.11075835936299863,0.1963276836158192,0.8746223564954683,0.8746223564954683,YPR113W,ess,ess
0.04046242774566474,0.010718298902238741,0.054054054054054064,0.3333333333333333,0.09378831221904374,0.009810791871058164,0.08689558514365803,0.1880976422307349,0.5412140575079872,0.16538192011212333,0.6035805626598465,YMR153W,non_ess,non_ess
0.0028901734104046237,0.0006050652606102515,0.0,0.0,0.03739272578667757,0.001669449081803005,0.011686143572621035,0.06958669855164012,0.3986486486486487,0.9081803005008348,1.7215189873417722,YLR009W,ess,ess
0.0,0.0,0.0,1.0,0.0016346546791990194,0.0,0.0,0.0,1.0,1.0,1.0,YBR191W-A,non_ess,non_ess
0.011560693641618495,0.003976143141153081,0.2432432432432433,2.25,0.018594196975888846,0.01238390092879257,0.14241486068111456,0.22835539928745896,0.5644891122278057,0.6191950464396285,1.0050251256281408,YGL182C,non_ess,non_ess
0.01445086705202312,0.0035439536692886157,0.13513513513513514,2.5,0.023293829178586026,0.012755102040816329,0.10459183673469387,0.3493519029233315,0.7207207207207207,0.32908163265306123,0.8600000000000001,YGL080W,non_ess,non_ess
0.011560693641618495,0.0016423199930849686,0.0,0.0,0.04188802615447487,0.006015037593984964,0.028571428571428567,0.18159509202453988,0.35917456776352485,0.849624060150376,3.0053191489361697,YMR077C,non_ess,ess
0.0,0.0,0.0,0.0,0.039844707805476096,0.0,0.0,0.0,0.0,1.0,3.097560975609756,YMR269W,non_ess,ess
0.005780346820809247,0.0026795747255596854,0.027027027027027032,0.2,0.052717613404168376,0.0024271844660194173,0.03762135922330097,0.08339556883246202,0.5341880341880342,0.9381067961165048,3.092,YDR429C,ess,ess
0.05780346820809248,0.013052122050306855,0.054054054054054064,4.0,0.0986922762566408,0.0133422281521014,0.10073382254836558,0.3425447473456881,0.6458211572180012,0.15210140093395594,1.3491124260355027,YNL142W,non_ess,non_ess
0.04046242774566474,0.007779410493560376,0.027027027027027032,0.3333333333333333,0.14364527993461382,0.0064844835572024076,0.04168596572487263,0.2506937037619353,0.8008634646519159,0.1732283464566929,0.7043314500941619,YDL167C,non_ess,non_ess
0.031791907514450865,0.0049269599792549044,0.1891891891891892,7.0,0.03780138945647732,0.01818181818181818,0.09421487603305784,0.38489371325192223,0.5376060872110039,0.21652892561983472,1.1293103448275863,YML079W,non_ess,non_ess
0.05780346820809248,0.02489411357939321,0.027027027027027032,2.0,0.011646914589293013,0.09049773755656107,1.3031674208144797,3.2388886539518755,2.747663551401869,0.20361990950226244,0.4891304347826087,YBR298C-A,non_ess,non_ess
0.023121387283236997,0.01322499783905264,0.13513513513513514,0.8333333333333334,0.0036779730281977937,0.07692307692307693,1.4711538461538465,2.927350427350428,2.7222222222222223,1.0,1.6774193548387095,YBR196C-B,non_ess,non_ess
0.005780346820809247,0.001210130521220503,0.10810810810810813,1.3333333333333333,0.045361667347772784,0.002793296089385475,0.019553072625698324,0.07110679726745996,0.126912874923485,0.8645251396648045,2.3358490566037737,YJL121C,non_ess,non_ess
0.16473988439306358,0.04633071138387069,0.13513513513513514,5.0,0.17858602370249285,0.02133233532934132,0.2005988023952096,1.3617967553265564,0.9556517036235808,0.0812125748502994,0.6555891238670695,YMR054W,non_ess,non_ess
0.15317919075144507,0.12187743106577925,0.054054054054054064,0.6666666666666666,0.11646914589293013,0.030113636363636363,0.8011363636363636,0.9451433421350434,0.8840663900414938,0.1215909090909091,0.8699186991869919,YLL028W,non_ess,non_ess
0.005780346820809247,0.0016423199930849686,0.1891891891891892,2.333333333333333,0.017572537801389457,0.006493506493506494,0.06168831168831169,0.15520440150982026,0.8078817733990147,1.0,1.0,YJL188C,non_ess,non_ess
0.03468208092485549,0.009853919958509809,0.08108108108108109,1.5,0.05557825909276666,0.013856812933025405,0.13163972286374134,0.3863261449866531,0.8301698301698301,0.20785219399538107,0.9045226130653268,YGR148C,non_ess,non_ess
0.02890173410404624,0.0026795747255596854,0.2432432432432433,3.0,0.0406620351450756,0.015455950540958269,0.04791344667697063,0.6911937881798778,2.574404761904762,0.4945904173106646,0.8121827411167514,YGL101W,non_ess,non_ess
0.04624277456647399,0.006915031549831446,0.08108108108108109,1.5,0.11238250919493258,0.009411764705882352,0.047058823529411764,0.4103292637809841,0.4485175202156334,0.3311764705882353,1.989399293286219,YLR417W,non_ess,non_ess
0.049132947976878616,0.0076929725991874845,0.2702702702702703,1.25,0.07825909276665305,0.014178482068390326,0.07422852376980818,0.4867408446432634,0.8483201581027671,0.1701417848206839,1.4782608695652175,YAL015C,non_ess,non_ess
0.04624277456647399,0.010113233641628491,0.0,1.0,0.10870453616673477,0.009720534629404616,0.07108140947752126,0.2285488381286808,0.7181590339485077,0.1324422843256379,0.42829076620825146,YNL291C,non_ess,non_ess
0.10982658959537572,0.03154983144610597,0.16216216216216214,2.0,0.14221495709031468,0.017773620205799808,0.1707202993451824,0.4855084630575744,1.2558404558404557,1.0,5.873626373626371,YLL051C,non_ess,non_ess
0.023121387283236997,0.00561846313423805,0.0,0.0,0.03964037597057622,0.012658227848101266,0.1028481012658228,0.2281856540084388,0.882962962962963,0.3686708860759494,0.8927203065134101,YOR089C,non_ess,non_ess
0.011560693641618495,0.003457515774915723,0.0,1.0,0.018594196975888846,0.01238390092879257,0.1238390092879257,0.4428012179208352,0.6016528925619834,0.3808049535603715,0.7784810126582279,YDL011C,non_ess,non_ess
0.05202312138728323,0.013570749416544212,0.0,1.0,0.2505108295872497,0.004828326180257511,0.0421137339055794,0.3616378880127758,0.5994832041343671,0.26126609442060084,1.371830985915493,YDR097C,non_ess,non_ess
0.04046242774566474,0.020312905177629872,0.21621621621621626,0.8,0.05190028606456886,0.017241379310344827,0.2894088669950739,0.30301384740700515,0.6441929133858267,0.3103448275862069,1.8260869565217392,YNR020C,non_ess,non_ess
0.005780346820809247,0.001210130521220503,0.08108108108108109,0.6,0.05121917994823594,0.002493765586034913,0.017456359102244388,0.08115953502487168,0.5855379188712523,0.5548628428927681,0.940803382663848,YPR132W,non_ess,non_ess
0.05491329479768786,0.012879246261561068,0.027027027027027032,2.0,0.12157744176542705,0.010354223433242507,0.08119891008174387,0.3575840145322434,1.4487179487179491,0.19455040871934606,0.5158959537572254,YFR023W,non_ess,non_ess
0.01445086705202312,0.04028005877776817,0.08108108108108109,0.6,0.012055578259092769,0.022026431718061675,2.052863436123348,1.095846088752831,0.9957627118644068,0.8458149779735683,1.5238095238095242,YAL067W-A,non_ess,non_ess
0.06358381502890173,0.07148413864638258,0.2972972972972973,1.0,0.0046996322026971816,0.18487394957983194,6.949579831932772,3.3549756744803187,0.7333333333333334,0.17647058823529413,1.9090909090909087,YJL052C-A,non_ess,non_ess
0.049132947976878616,0.011582677845967672,0.2972972972972973,1.8333333333333333,0.047132543250238385,0.02291105121293801,0.18059299191374664,0.603679558703692,0.8283499446290142,0.16442048517520216,0.9838709677419356,YDR305C,non_ess,non_ess
0.031791907514450865,0.013570749416544212,0.13513513513513514,1.6666666666666667,0.037188393951777685,0.018456375838926176,0.2634228187919463,0.7876036320568496,1.4215686274509804,0.2751677852348993,1.0,YJL217W,non_ess,non_ess
0.008670520231213872,0.0014694442043391822,0.13513513513513514,1.25,0.01920719248058848,0.009036144578313251,0.05120481927710843,0.2440263848690853,0.4078212290502793,0.4307228915662651,0.7566137566137567,YGR215W,non_ess,non_ess
0.0,0.0,0.0,1.0,0.027380465876583573,0.0,0.0,0.0,1.0,1.0,1.0,YIL171W-A,non_ess,non_ess
0.011560693641618495,0.005704901028610943,0.08108108108108109,0.75,0.0036779730281977937,0.038461538461538464,0.6346153846153846,1.4997851310700474,2.111731843575419,0.2692307692307692,0.2692307692307692,YHR180C-B,non_ess,non_ess
0.02023121387283237,0.005791338922983836,0.027027027027027032,1.0,0.10870453616673477,0.0042527339003645215,0.04070473876063183,0.1480808063148509,0.6934144991698948,0.23147023086269744,1.3368421052631578,YKL140W,non_ess,non_ess
0.023121387283236997,0.0028524505143054713,0.054054054054054064,0.5,0.06048222313036373,0.008528784648187633,0.03518123667377398,0.2928737700749203,0.3414439569206223,0.3891257995735608,2.3701298701298703,YOL096C,non_ess,non_ess
0.02890173410404624,0.011150488374103209,0.16216216216216214,1.2,0.017981201471189208,0.03184713375796178,0.410828025477707,1.100300972912438,1.3064713064713065,1.0,2.532258064516129,YBR174C,non_ess,non_ess
0.09248554913294796,0.01849770939579912,0.027027027027027032,1.0,0.21209644462607274,0.010113780025284451,0.06763590391908976,0.2891522433128087,0.920863309352518,0.11662452591656132,1.3369565217391304,YMR261C,non_ess,non_ess
0.005780346820809247,0.0009508168381018238,0.027027027027027032,0.5,0.0715161422149571,0.0018181818181818184,0.01,0.06006493506493505,0.2700892857142857,0.66,3.6482412060301512,YMR028W,ess,ess
0.01445086705202312,0.00786584838793327,0.0,0.0,0.010216591744993873,0.025,0.455,0.5137573964497042,0.5645956607495071,0.455,0.7398373983739838,YBR056W-A,non_ess,non_ess
0.0,0.0,0.0,1.0,0.015937883122190438,0.0,0.0,0.0,0.0,1.0,1.9452054794520548,YER048W-A,ess,non_ess
0.031791907514450865,0.009075978909153772,0.13513513513513514,1.0,0.040049039640375976,0.017241379310344827,0.16457680250783702,0.33365355445444433,1.028673835125448,0.7789968652037618,1.004040404040404,YAL059W,non_ess,non_ess
0.11560693641618495,0.06724868182211081,0.054054054054054064,0.2857142857142857,0.05843890478136495,0.04405286343612335,0.8568281938325991,0.7945063487950247,1.1633986928104576,0.14757709251101322,0.8023952095808383,YML052W,non_ess,non_ess
0.03757225433526011,0.010545423113492956,0.027027027027027032,2.0,0.05823457294646505,0.0143646408839779,0.13480662983425415,0.4379076055013518,0.7836879432624114,0.16464088397790055,0.5580524344569289,YPL064C,non_ess,non_ess
0.04624277456647399,0.01037254732474717,0.054054054054054064,2.0,0.06048222313036373,0.017057569296375266,0.1279317697228145,0.3092119577041904,1.0036014405762306,0.19189765458422176,1.1320754716981132,YOR164C,non_ess,non_ess
0.005780346820809247,0.0014694442043391822,0.0,0.0,0.027380465876583573,0.004424778761061947,0.03761061946902655,0.2516380190605854,0.28525641025641024,0.5022123893805309,1.0460829493087556,YPL059W,non_ess,non_ess
0.02890173410404624,0.0075200968104416985,0.0,0.0,0.04127503064977524,0.01524390243902439,0.1326219512195122,0.4778304727491719,0.778727445394112,0.2728658536585366,1.0406976744186047,YOR131C,non_ess,non_ess
0.02023121387283237,0.0017287578874578616,0.0,0.0,0.08289061435771694,0.0055248618784530384,0.01578531965272297,0.06575413773113915,0.3020919123702849,0.3164956590370955,0.6426282051282051,YDR005C,non_ess,non_ess
0.07803468208092486,0.016423199930849685,0.0,0.0,0.16693910911319984,0.010795681727309077,0.07596961215513795,0.3939641534690472,0.4911268855368234,0.5461815273890444,3.4064837905236907,YGL073W,ess,non_ess
0.02890173410404624,0.008211599965424842,0.0,0.0,0.05986922762566409,0.010764262648008612,0.1022604951560818,0.23143164693218515,0.7720588235294117,0.2744886975242196,1.0039370078740155,YKL107W,non_ess,non_ess
0.11560693641618495,0.027314374621834208,0.10810810810810813,1.3333333333333333,0.07376379239885575,0.0353045013239188,0.2789055604589585,0.8170815751611069,1.221917808219178,0.1147396293027361,0.8227848101265822,YOL126C,non_ess,non_ess
0.0,0.0,0.0,0.0,0.02778912954638333,0.0,0.0,0.0,0.0,1.0,1.440251572327044,YFL057C,non_ess,ess
0.12427745664739885,0.04131731351024289,0.10810810810810813,1.0,0.034940743767879034,0.0763765541740675,0.8490230905861457,1.6989383732637042,1.525806451612903,0.1172291296625222,0.6534653465346535,YDR512C,non_ess,non_ess
0.008670520231213872,0.003198202091797044,0.027027027027027032,1.0,0.08806702084184717,0.0022338049143708115,0.027550260610573345,0.04642059355387725,0.8142857142857142,0.5241995532390171,1.2179930795847749,YDR515W,non_ess,non_ess
0.16184971098265896,0.03595816405912352,0.3783783783783784,3.5,0.1060482223130364,0.03484754200373367,0.2588674548848787,1.1754193381484097,1.2584269662921348,0.0970752955818295,0.7684729064039408,YFR006W,non_ess,non_ess
0.0,0.0,0.0,1.0,0.24969350224765025,0.0,0.0,0.0,1.0,1.0,1.0,YLL066C,non_ess,non_ess
0.031791907514450865,0.00959460627539113,0.027027027027027032,1.0,0.3058847568451165,0.002422373926447919,0.024443955075974456,0.059342962970664034,0.3152429738335871,0.5126624091609777,4.255941499085924,YBL034C,ess,ess
0.005780346820809247,0.002420261042441006,0.0,0.0,0.048086091813104484,0.002645502645502645,0.037037037037037035,0.09612596941364064,0.5753424657534247,0.7367724867724867,1.0017985611510791,YGR118W,non_ess,non_ess
0.0028901734104046237,8.643789437289306e-05,0.0,0.0,0.05905190028606457,0.0010905125408942203,0.0010905125408942203,0.02886426550548688,0.16643356643356644,0.8353326063249727,1.6798245614035088,YBL072C,non_ess,ess
0.031791907514450865,0.005704901028610943,0.0,1.0,0.08418471597874949,0.008553654743390357,0.05132192846034215,0.2728549555740413,0.8658318425760286,0.3872472783825817,1.4228571428571428,YGL196W,non_ess,non_ess
0.023121387283236997,0.004062581035525975,0.10810810810810813,4.0,0.04352268083367389,0.011611030478955007,0.06821480406386067,0.3041315916787615,0.6355555555555555,0.2772133526850508,0.9095238095238096,YFL034C-A,non_ess,non_ess
0.04335260115606936,0.010113233641628491,0.054054054054054064,0.6666666666666666,0.05925623212096445,0.016304347826086956,0.12717391304347825,0.5116163292399601,0.41486890142714894,0.2684782608695652,1.7034482758620688,YER186C,non_ess,non_ess
0.05202312138728323,0.011582677845967672,0.10810810810810813,0.6666666666666666,0.08282250374608363,0.014218009478672985,0.10584518167456557,0.7280147446024223,1.4404761904761902,0.2669826224328594,1.0464396284829722,YHR123W,non_ess,non_ess
0.11271676300578035,0.027660126199325785,0.054054054054054064,1.0,0.1908459337964855,0.01367461430575035,0.11220196353436183,0.41602768194428796,0.8613138686131386,0.12552594670406733,1.1623376623376624,YDR421W,non_ess,non_ess
0.017341040462427744,0.003457515774915723,0.054054054054054064,2.0,0.01736820596648958,0.019672131147540985,0.13114754098360654,0.510779610985188,1.2540192926045015,0.28852459016393445,0.4888888888888889,YGL052W,non_ess,non_ess
0.6213872832369942,0.28610943037427605,0.08108108108108109,3.0,0.3054760931753167,0.0474090407938258,0.7298787210584344,1.0865691495297485,2.165498173200355,0.03770672546857773,0.4913793103448276,YOR153W,non_ess,non_ess
0.031791907514450865,0.005877776817356729,0.10810810810810813,1.0,0.017981201471189208,0.03503184713375796,0.21656050955414013,1.0475690021231423,0.6485416666666667,0.29936305732484075,1.0444444444444445,YDR048C,non_ess,non_ess
0.1329479768786127,0.04226813034834472,0.08108108108108109,3.0,0.2529628116060482,0.012221041445270987,0.12991498405951116,0.2751023464578934,0.578684169401469,0.10812964930924547,1.1212121212121209,YJL197W,non_ess,non_ess
0.06647398843930635,0.010286109430374276,0.054054054054054064,0.6666666666666666,0.1491622394769105,0.010267857142857145,0.053125,0.3521166871921182,0.9665948275862069,0.12589285714285714,0.9155844155844156,YDL234C,non_ess,non_ess
0.05491329479768786,0.009248854697899558,0.0,0.0,0.0659991826726604,0.018645731108930325,0.10500490677134446,0.4185510269906737,1.1332784862196628,0.18645731108930325,0.7089552238805971,YKL093W,non_ess,non_ess
0.08670520231213873,0.021523035698850376,0.027027027027027032,1.0,0.256640784634246,0.00785751702462022,0.06521739130434782,0.1983930824338382,0.5902079141515761,0.3074908328968046,1.5674232309746332,YKL129C,non_ess,non_ess
0.011560693641618495,0.0010372547324747168,0.0,0.0,0.06293420514916225,0.004106776180698152,0.012320328542094456,0.08508257894629129,0.184717607973422,1.0,1.0,YAL037C-B,non_ess,non_ess
0.011560693641618495,0.0010372547324747168,0.0,0.0,0.07580711074785453,0.0034393809114359416,0.010318142734307824,0.09477405178179038,0.20854700854700856,0.5064488392089423,3.1,YLR244C,non_ess,ess
0.0,0.0,0.0,0.0,0.01920719248058848,0.0,0.0,0.0,0.0,1.0,2.515151515151515,YIL142C-A,non_ess,non_ess
0.17630057803468208,0.03310571354481805,0.054054054054054064,0.4,0.3351042092357989,0.01227364185110664,0.07706237424547284,0.5587525150905432,1.0901639344262295,0.10885311871227364,0.9890310786106032,YMR162C,non_ess,non_ess
0.0028901734104046237,0.002420261042441006,0.0,1.0,0.06375153248876175,0.0010141987829614604,0.02839756592292089,0.023664638269100743,0.05368589743589744,1.0,5.056410256410256,YGL091C,ess,ess
0.060693641618497114,0.0261906819949866,0.0,0.0,0.060277891295463834,0.022459893048128343,0.3240641711229946,0.5132363989923543,0.7747933884297521,0.2192513368983957,0.9808612440191388,YGL146C,non_ess,non_ess
0.026011560693641616,0.0019880715705765406,0.08108108108108109,0.75,0.0723334695545566,0.008093525179856115,0.020683453237410068,0.44860202746893396,0.981818181818182,0.4640287769784173,1.5311572700296736,YDR438W,non_ess,non_ess
0.07803468208092486,0.017633330452070186,0.0,0.0,0.16836943195749898,0.01070578905630452,0.08088818398096749,0.33748725501302823,0.8464285714285715,0.14948453608247422,0.9195121951219511,YBL008W,non_ess,non_ess
0.0028901734104046237,0.00017287578874578615,0.0,0.0,0.07723743359215368,0.0008445945945945946,0.0016891891891891893,0.030244693073640444,0.13765182186234814,0.9510135135135136,1.99645390070922,YLR459W,ess,ess
0.16184971098265896,0.05722188607485521,0.10810810810810813,1.3333333333333333,0.2274213322435636,0.016524048391856002,0.1953378577751549,0.4089013474968034,1.6264705882352943,0.08999704927707289,0.854341736694678,YBR245C,non_ess,non_ess
0.04335260115606936,0.0236839830581727,0.0,0.0,0.13220269718022068,0.0075339025615268704,0.13761928679055752,0.17696904109730904,0.5326460481099656,0.629331993972878,1.3401069518716575,YDR137W,non_ess,non_ess
0.03757225433526011,0.01037254732474717,0.0,0.0,0.1230077646097262,0.007004310344827586,0.06465517241379311,0.2525190326914465,0.5775803144224197,0.2677801724137931,1.1861575178997612,YNL061W,ess,non_ess
0.005780346820809247,0.0010372547324747168,0.054054054054054064,1.0,0.032080098079280764,0.003838771593090211,0.023032629558541268,0.1368669717997933,0.4205128205128205,0.90595009596929,1.8084291187739463,YPL148C,non_ess,non_ess
0.0028901734104046237,0.0002593136831186792,0.0,0.0,0.06763383735185942,0.0009587727708533076,0.0028763183125599234,0.02691305129434324,0.04464285714285714,0.7622243528283796,3.4565217391304346,YLR100W,ess,ess
0.13005780346820808,0.04079868614400553,0.1891891891891892,0.7777777777777778,0.1068655496526359,0.027794935145151328,0.29153798641136497,1.4664939662404468,0.9271576898118103,0.0846201358863496,0.9716312056737588,YAR002W,non_ess,non_ess
0.011560693641618495,0.0028524505143054713,0.5675675675675675,1.75,0.033714752758479766,0.007339449541284405,0.06055045871559634,0.182853527364758,0.3486590038314176,0.4678899082568808,0.9444444444444444,YPR046W,non_ess,non_ess
0.08670520231213873,0.06258103552597459,0.7297297297297298,2.4545454545454546,0.012872905598692277,0.12552301255230125,3.0292887029288704,2.487488719337107,1.9230769230769231,1.0,5.085106382978722,YDR525W-A,non_ess,non_ess
0.011560693641618495,0.0009508168381018238,0.0,0.0,0.08847568451164692,0.0029651593773165306,0.00815418828762046,0.07830504659258944,0.12565445026178013,1.0,1.0,YER043C,ess,ess
0.02890173410404624,0.00950816838101824,0.21621621621621626,1.0,0.046791990192071926,0.0135685210312076,0.14925373134328354,0.34240979775089336,1.2266267763649965,0.3473541383989145,1.391304347826087,YBR107C,non_ess,non_ess
0.04624277456647399,0.013052122050306855,0.0,1.0,0.01920719248058848,0.04819277108433735,0.4548192771084337,1.5233536887275128,1.3349937733499375,0.1536144578313253,0.5099999999999999,YBR027C,non_ess,non_ess
0.08670520231213873,0.043996888235802584,0.1891891891891892,2.333333333333333,0.1058438904781365,0.018703241895261846,0.3173316708229427,0.4232195892179099,1.0613065326633164,0.27556109725685785,0.7027027027027027,YGR260W,non_ess,non_ess
0.023121387283236997,0.0016423199930849686,0.027027027027027032,1.0,0.05843890478136495,0.00881057268722467,0.02092511013215859,0.3506909145675666,2.1709401709401708,0.2830396475770925,0.7694610778443113,YER106W,non_ess,non_ess
0.07514450867052022,0.01097761258535742,0.40540540540540543,1.5,0.20187985288107888,0.008626410086264101,0.042136695421366964,0.17536507484089908,0.6698419571335789,0.2524883875248839,1.5953878406708597,YGL241W,non_ess,non_ess
0.14161849710982655,0.024461924107528742,0.0,0.0,0.230077646097262,0.014294049008168028,0.08255542590431739,0.37392492858005066,0.8448275862068965,0.0910151691948658,0.5611510791366907,YER129W,non_ess,non_ess
0.049132947976878616,0.007952286282306162,0.054054054054054064,0.2857142857142857,0.2080098079280752,0.00547680412371134,0.02963917525773196,0.22237325236548508,0.5356164383561643,0.2541881443298969,1.9924242424242424,YIL031W,ess,non_ess
0.01445086705202312,0.0042354568242717605,0.054054054054054064,0.4,0.01838986514098897,0.015625,0.153125,0.6344401041666666,0.30943627450980393,0.590625,2.486842105263158,YMR158W-B,non_ess,non_ess
0.031791907514450865,0.00509983576800069,0.027027027027027032,0.5,0.08929301185124643,0.008082292432035268,0.04335047759000735,0.3397977874595109,0.494299128101945,0.3041880969875092,1.4680851063829787,YLR431C,non_ess,non_ess
0.031791907514450865,0.005791338922983836,0.0,0.0,0.06926849203105845,0.010309278350515464,0.06279287722586692,0.3754892772479188,0.6092436974789914,0.2858481724461106,1.2603305785123968,YKR100C,non_ess,non_ess
0.06647398843930635,0.031895583023597546,0.027027027027027032,0.3333333333333333,0.1892112791172865,0.008132956152758133,0.1304809052333805,0.21785656317388172,0.7075490791337786,0.2213578500707213,1.9747634069400632,YML109W,non_ess,non_ess
0.10982658959537572,0.023856858846918492,0.0,0.0,0.15181855333060892,0.016673979815708645,0.12110574813514698,0.5081774302923929,0.7094155844155846,0.1083808688021062,1.0206611570247934,YAL023C,non_ess,non_ess
0.0,0.0,0.027027027027027032,2.0,0.0026563138536984067,0.0,0.0,0.0,0.0,1.0,1.0,YMR242W-A,non_ess,non_ess
0.023121387283236997,0.002506698936813899,0.0,0.0,0.0778504290968533,0.006705783738474434,0.024308466051969825,0.2179643722237989,1.0078740157480317,0.2481139983235541,0.5174825174825175,YGL025C,non_ess,non_ess
0.011560693641618495,0.002074509464949433,0.0,1.0,0.0334423103119466,0.0073937153419593345,0.04436229205175602,0.17672072334574726,1.077175697865353,0.4528650646950093,0.9919028340080972,YJL189W,non_ess,non_ess
0.01445086705202312,0.0045812084017633325,0.0,0.0,0.03568996049584525,0.008710801393728224,0.09233449477351917,0.22230541077547727,0.7644628099173554,0.8153310104529616,0.8153310104529616,YML094W,non_ess,non_ess
0.11271676300578035,0.046244273489497785,0.13513513513513514,5.0,0.16346546791990196,0.015918367346938776,0.21836734693877552,0.3438631552205945,0.8948010739565536,0.12163265306122448,0.9933333333333334,YGR130C,non_ess,non_ess
0.07514450867052022,0.0324142103898349,0.16216216216216214,1.5,0.06885982836125869,0.024505183788878417,0.35344015080113106,0.7021200443813456,1.5427215189873418,0.21583411875589067,0.8035087719298246,YKL051W,non_ess,non_ess
0.017341040462427744,0.011928429423459244,0.1891891891891892,2.333333333333333,0.028606456885982838,0.01276595744680851,0.2936170212765957,0.3782791676408698,0.41098901098901097,0.4893617021276596,1.352941176470588,YLR170C,non_ess,non_ess
0.008670520231213872,0.0017287578874578616,0.0,1.0,0.10788720882713528,0.0018359853121175031,0.012239902080783354,0.05104253902810883,0.3450292397660819,0.8757649938800489,3.2448979591836733,YDR235W,ess,ess
0.023121387283236997,0.009940357852882704,0.054054054054054064,0.5,0.03044544340008173,0.01609657947686117,0.2313883299798793,0.7879778672032194,1.0989583333333337,0.4748490945674044,0.7840531561461794,YGL259W,non_ess,non_ess
0.008670520231213872,0.0013830063099662892,0.0,0.0,0.14630159378831226,0.001364877161055505,0.007279344858962694,0.04575412537195977,0.12324324324324325,0.9631483166515014,4.6940133037694025,YMR277W,ess,ess
0.04624277456647399,0.008125162071051949,0.027027027027027032,2.0,0.18165100122599104,0.005888847994111153,0.03459698196540302,0.18005692296130435,0.5645344866833599,0.3099006256900993,2.2334217506631298,YBR289W,non_ess,non_ess
0.08959537572254335,0.016423199930849685,0.0,1.0,0.16489579076420108,0.01254552812626467,0.07689194658033185,0.3967319608760321,1.092764378478664,0.29664103601780656,1.87948717948718,YIL140W,non_ess,non_ess
0.0,0.0,0.0,0.0,0.008581937065794852,0.0,0.0,0.0,0.0,1.0,1.0797546012269938,YHR072W-A,non_ess,non_ess
0.0,0.0,0.0,1.0,0.07069881487535759,0.0,0.0,0.0,1.0,1.0,1.0,YLR157C,non_ess,non_ess
0.017341040462427744,0.0027660126199325783,0.2702702702702703,1.4285714285714286,0.0488353085410707,0.007822685788787484,0.04172099087353325,0.2823849878934625,0.4553571428571429,0.4406779661016949,1.656862745098039,YMR157C,non_ess,non_ess
0.08092485549132948,0.01884346097329069,0.08108108108108109,1.0,0.08847568451164692,0.020756115641215715,0.16160118606375093,0.5390755014126185,0.9805622489959837,0.13046701260192736,0.13046701260192736,YKL046C,non_ess,non_ess
0.023121387283236997,0.0036303915636615096,0.13513513513513514,5.0,0.058983789674431276,0.008733624454148471,0.04585152838427948,0.20852071520128607,0.3833464257659073,0.2947598253275109,1.9708029197080288,YLR199C,non_ess,non_ess
0.02023121387283237,0.002160947359322327,0.08108108108108109,0.42857142857142855,0.060277891295463834,0.007486631016042781,0.026737967914438502,0.19772276632818606,0.7209737827715355,0.7732620320855615,1.9026315789473685,YIL134W,non_ess,non_ess
0.07514450867052022,0.021868787276341943,0.054054054054054064,1.0,0.16632611360850022,0.01043338683788122,0.10152487961476724,0.2820714228794554,0.9890393294648614,0.1833868378812199,0.8839458413926499,YJL062W,non_ess,non_ess
0.060693641618497114,0.0087302273316622,0.027027027027027032,1.0,0.0380057212913772,0.03453947368421053,0.16611842105263158,0.6214475353994123,0.9627220812182744,0.3009868421052632,1.7766990291262137,YDL135C,non_ess,non_ess
0.06358381502890173,0.017806206240815973,0.32432432432432434,2.4,0.0659991826726604,0.02158979391560353,0.2021589793915604,0.4607404371879348,1.3239141810570385,0.30814524043179586,1.0940766550522651,YGR084C,non_ess,non_ess
0.026011560693641616,0.003976143141153081,0.027027027027027032,1.0,0.07621577441765427,0.007698887938408894,0.03934987168520103,0.5846106382083608,0.8398486759142497,0.5782720273738238,1.5089285714285714,YGR112W,non_ess,non_ess
0.04335260115606936,0.016941827297087042,0.054054054054054064,0.5,0.07090314671025746,0.013748854262144821,0.17965169569202566,0.4917798275962552,1.102394715111478,0.2465627864344638,0.7911764705882354,YCR107W,non_ess,non_ess
0.02890173410404624,0.006828593655458553,0.2702702702702703,1.6666666666666667,0.0461789946873723,0.013736263736263736,0.10851648351648352,0.3619970255308601,0.7679914070891515,0.3475274725274725,1.9166666666666667,YLR376C,non_ess,non_ess
0.008670520231213872,0.001210130521220503,0.0,1.0,0.034327748263179414,0.005415162454873646,0.02527075812274368,0.24084156950938035,0.4496487119437939,0.6137184115523465,1.3821138211382114,YGL018C,ess,non_ess
0.011560693641618495,0.0006050652606102515,0.027027027027027032,2.0,0.02308949734368615,0.010282776349614395,0.017994858611825194,0.3144018652478029,0.3847780126849894,0.9768637532133676,0.9921671018276764,YLR171W,non_ess,non_ess
0.15317919075144507,0.04149018929898868,0.16216216216216214,6.0,0.1338373518594197,0.026302729528535983,0.2382133995037221,1.0410589219903974,0.9467455621301776,0.14838709677419354,1.7383720930232556,YOR138C,non_ess,non_ess
0.11560693641618495,0.025758492523122137,0.0,1.0,0.15590519002860648,0.017101325352714837,0.12740487387772553,0.3287848558263266,0.7554200542005421,0.12911500641299695,1.606382978723404,YGL009C,non_ess,non_ess
0.026011560693641616,0.010718298902238741,0.0,1.0,0.044135676338373515,0.012893982808022923,0.17765042979942694,0.395278593980983,0.3882455124493341,0.4040114613180516,2.292682926829268,YOR077W,ess,non_ess
0.011560693641618495,0.0019880715705765406,0.027027027027027032,1.0,0.1203514507560278,0.002201430930104568,0.012658227848101266,0.05568910114154847,0.2540942928039702,0.5008255365987893,2.4266666666666667,YIL072W,non_ess,ess
0.0838150289017341,0.0112369262684761,0.10810810810810813,0.8,0.25970576215774416,0.0075071188195702816,0.03365260160497023,0.2731266464649541,0.6992134062927496,0.16075588920528086,1.6005154639175256,YLR398C,non_ess,non_ess
0.0028901734104046237,0.0004321894718644654,0.0,1.0,0.030854107069881488,0.0019880715705765406,0.009940357852882704,0.08864760157006676,0.17729520314013353,0.9463220675944334,0.9463220675944334,YDL235C,ess,non_ess
0.04335260115606936,0.005964214711729622,0.13513513513513514,5.0,0.14058030241111566,0.0070955534531693485,0.032639545884579,0.14234955832172888,0.8595505617977528,0.2847682119205298,0.9376947040498445,YBR131W,non_ess,non_ess
0.008670520231213872,0.00112369262684761,0.027027027027027032,0.2,0.06559051900286066,0.002961500493583416,0.012833168805528134,0.07611615042187413,0.17886792452830189,0.6159921026653504,3.073891625615764,YGL225W,ess,ess
0.04046242774566474,0.00786584838793327,0.08108108108108109,0.3333333333333333,0.08581937065794852,0.010687022900763359,0.06946564885496183,0.3333773468124613,0.7351351351351352,0.41603053435114506,1.187363834422658,YMR240C,ess,non_ess
0.017341040462427744,0.0018151957818307548,0.054054054054054064,0.4,0.08990600735594606,0.004379562043795621,0.015328467153284672,0.19150630391506304,0.3664772727272728,0.5,2.5464684014869894,YPL101W,non_ess,non_ess
0.02023121387283237,0.0014694442043391822,0.027027027027027032,0.5,0.17981201471189212,0.0026022304832713753,0.0063197026022304825,0.13042379182156133,0.7,0.6546468401486989,2.8176,YPL126W,ess,ess
0.04335260115606936,0.008038724176679056,0.054054054054054064,4.0,0.10809154066203516,0.009163103237629807,0.056811240073304826,0.2337919311572069,1.1363636363636365,0.3359804520464264,0.5741127348643007,YBR270C,non_ess,non_ess
0.10115606936416184,0.02627711988935949,0.054054054054054064,1.0,0.12014711892112792,0.019294377067254686,0.16758544652701213,0.4397261467698731,1.0278038113089658,0.13230429988974646,0.7741935483870969,YOR108W,non_ess,non_ess
0.1329479768786127,0.06163021868787276,0.027027027027027032,2.0,0.0659991826726604,0.045142296368989206,0.6997055937193327,0.8652273470722932,0.7407407407407408,0.06869479882237488,0.7692307692307692,YJR129C,non_ess,non_ess
0.12427745664739885,0.08185668597112973,0.0,0.0,0.021046178994687373,0.11977715877437325,2.6378830083565457,2.982330266452829,1.5744949494949494,0.0947075208913649,0.4722222222222222,YJL152W,non_ess,non_ess
0.13005780346820808,0.032154896706716216,0.10810810810810813,0.8,0.14834491213731102,0.02019748653500897,0.16696588868940754,0.6346583787812066,0.8045822102425876,1.0,13.753086419753089,YCR026C,non_ess,non_ess
0.08959537572254335,0.0261906819949866,0.027027027027027032,2.0,0.25766244380874537,0.008087659796504044,0.07905035220453953,0.15195637927026334,0.5703219559428709,0.1774067310200887,1.1950790861159928,YMR012W,non_ess,non_ess
0.026011560693641616,0.004840522084882012,0.0,0.0,0.07580711074785453,0.007738607050730869,0.04815133276010318,0.17024935511607908,0.4844890510948904,0.26827171109200343,0.9936305732484076,YGL246C,non_ess,non_ess
0.20231213872832368,0.07744835335811219,0.35135135135135137,1.8571428571428568,0.1021659174499387,0.045161290322580636,0.5780645161290323,0.8153024193548386,0.8960336538461537,0.08064516129032258,0.5482456140350878,YPR002W,non_ess,non_ess
0.15895953757225434,0.040625810355259744,0.10810810810810813,0.5714285714285714,0.1293420514916224,0.028219599794766542,0.24114930733709594,0.6672937688843281,0.8834244080145719,0.1375064135454079,1.810810810810811,YIL155C,non_ess,non_ess
0.07514450867052022,0.010286109430374276,0.10810810810810813,0.8,0.2893338782182264,0.00604932526756631,0.02768729641693811,0.1262004476057524,0.5523809523809524,0.1742671009771987,1.1684867394695788,YPR189W,non_ess,non_ess
0.0028901734104046237,0.01486731783213761,0.0,0.0,0.0380057212913772,0.001644736842105263,0.28289473684210525,0.06615497076023391,0.6349206349206349,0.5789473684210527,1.0,YLR462W,non_ess,non_ess
0.11560693641618495,0.03578528827037773,0.08108108108108109,3.0,0.11381283203923173,0.023242300987797792,0.24055781522370714,0.9982568274259151,1.0666666666666669,0.08367228355607205,0.5274725274725275,YLL012W,non_ess,non_ess
0.10115606936416184,0.02195522517071484,0.054054054054054064,0.6666666666666666,0.17633837351859422,0.013262599469496022,0.0962485790071997,0.31082548555355777,0.9308973402933136,0.07919666540356196,0.4771689497716896,YNL325C,non_ess,non_ess
0.03468208092485549,0.0067421557610856594,0.027027027027027032,0.5,0.10706988148753577,0.007398273736128238,0.04808877928483354,0.2790326196614729,0.8267045454545454,0.2564734895191122,0.8489795918367347,YMR279C,non_ess,non_ess
0.011560693641618495,0.0009508168381018238,0.054054054054054064,0.4,0.09113199836534533,0.002881844380403458,0.007925072046109509,0.18377628348809905,0.15587761674718195,0.4675792507204611,2.7854077253218885,YLR163C,ess,ess
0.06647398843930635,0.033365027227936724,0.0,0.0,0.06252554147936247,0.0237603305785124,0.3987603305785124,0.9991681871847162,1.9990009990009991,0.16632231404958678,0.7061403508771931,YFL031W,non_ess,non_ess
0.008670520231213872,0.0005186273662373584,0.027027027027027032,2.0,0.3077237433592154,0.0006567425569176883,0.0013134851138353765,0.01913177307222841,0.06837606837606837,0.5882224168126094,4.448675496688741,YHR164C,ess,ess
0.0,0.0,0.0,0.0,0.041683694319574985,0.0,0.0,0.0,0.0,1.0,3.9879518072289164,YNL110C,ess,ess
0.07803468208092486,0.01097761258535742,0.027027027027027032,0.3333333333333333,0.11994278708622805,0.014908890115958034,0.07012700165654334,0.2832211272989848,0.8622939560439559,0.17283268912203206,0.9690402476780186,YLR353W,non_ess,non_ess
0.02023121387283237,0.0030253263030512573,0.08108108108108109,0.75,0.05741724560686556,0.007838745800671894,0.03919372900335946,0.17863740957564933,0.4089581304771178,0.4423292273236282,1.6737288135593222,YNL305C,non_ess,non_ess
0.04335260115606936,0.00449477050739044,0.0,1.0,0.13874131589701674,0.007187350263536177,0.024916147580258743,0.3443467586934636,0.50561797752809,0.4916147580258745,2.0685483870967745,YLR188W,non_ess,non_ess
0.03757225433526011,0.00561846313423805,0.054054054054054064,0.6666666666666666,0.01409889660809154,0.05058365758754864,0.2529182879377432,1.4138948161164804,0.9027777777777778,0.2840466926070039,1.1774193548387095,YNL042W-B,non_ess,non_ess
0.026011560693641616,0.0028524505143054713,0.0,0.0,0.17225173682059666,0.003489724699495929,0.012795657231485073,0.0930689388865567,0.3923553719008264,0.3854207056998837,2.175054704595186,YLR115W,ess,ess
0.09248554913294796,0.02135015991010459,0.027027027027027032,0.25,0.12076011442582756,0.01755348326933626,0.13549094898518926,0.2965614804977337,1.2294736842105265,0.14591332967635764,0.469964664310954,YJL100W,non_ess,non_ess
0.0028901734104046237,0.0002593136831186792,0.10810810810810813,2.0,0.029628116060482226,0.002061855670103093,0.006185567010309278,0.04948453608247423,0.2021052631578948,0.8948453608247423,1.5228070175438595,YPL073C,non_ess,non_ess
0.07803468208092486,0.017201140980205722,0.10810810810810813,1.3333333333333333,0.15529219452390686,0.011587982832618023,0.08540772532188841,0.20186601977980967,0.8995502248875562,0.33047210300429186,1.1773700305810402,YOR165W,non_ess,non_ess
0.005780346820809247,0.0017287578874578616,0.13513513513513514,5.0,0.026767470371883945,0.004514672686230248,0.045146726862302484,0.10710070888281653,0.4543859649122807,0.7133182844243793,0.9844236760124612,YNL147W,non_ess,non_ess
0.05491329479768786,0.019362088339528048,0.10810810810810813,1.3333333333333333,0.06436452799346139,0.019095477386934675,0.22512562814070355,0.5072817269869949,0.8664904163912757,0.2221105527638191,0.8769841269841271,YJL213W,non_ess,non_ess
0.04046242774566474,0.013138559944679749,0.2702702702702703,1.6666666666666667,0.03698406211687781,0.023608768971332208,0.2563237774030354,0.6021853126660353,1.8378995433789955,0.2799325463743676,0.3887587822014051,YHL019W-A,non_ess,non_ess
0.060693641618497114,0.015645258881493648,0.4594594594594595,1.0625,0.02840212505108296,0.044967880085653104,0.3875802997858672,1.3883832976445396,1.893181818181818,0.9892933618843684,1.0669745958429562,YLR281C,non_ess,non_ess
0.0722543352601156,0.02273316622007088,0.0,1.0,0.01736820596648958,0.08196721311475409,0.8622950819672132,3.2157641993707564,0.9785353535353531,0.3737704918032787,0.9827586206896552,YLR366W,non_ess,non_ess
0.011560693641618495,0.0016423199930849686,0.0,0.0,0.20228851655087865,0.001324503311258278,0.006291390728476821,0.03471032278979299,0.22750582750582754,0.5152317880794702,2.7155322862129148,YOR048C,ess,ess
0.0,0.0,0.0,0.0,0.044748671843073164,0.0,0.0,0.0,0.0,1.0,1.127591706539075,YDR412W,ess,ess
0.05780346820809248,0.01097761258535742,0.027027027027027032,1.0,0.17082141397629752,0.007818608287724784,0.049648162627052385,0.3106119837941574,0.8754208754208757,0.1810007818608288,1.5802047781569966,YHR103W,non_ess,non_ess
0.08959537572254335,0.02307891779756245,0.054054054054054064,4.0,0.19145892930118516,0.01083537224746592,0.09332401258301293,0.33249565641129,1.2738577994052451,0.0964697658161482,0.5702479338842975,YNL127W,non_ess,non_ess
0.02890173410404624,0.010545423113492956,0.054054054054054064,4.0,0.05353494074376789,0.011961722488038276,0.14593301435406694,0.3662890150482188,0.6613837244742458,0.2990430622009569,0.946969696969697,YKL055C,non_ess,non_ess
0.02023121387283237,0.0045812084017633325,0.0,0.0,0.0570085819370658,0.007891770011273957,0.059751972942502826,0.2292688865247101,0.6342723004694836,0.3494926719278467,1.5422885572139302,YDR054C,ess,non_ess
0.05202312138728323,0.012965684155933962,0.16216216216216214,3.0,0.1211687780956273,0.00984144341170038,0.08201202843083652,0.28026340618452944,0.5290771175726928,0.981957353745216,8.511848341232227,YPL189W,non_ess,non_ess
0.02890173410404624,0.02411617253003717,0.0,0.0,0.02881078872088272,0.0211416490486258,0.5898520084566596,0.720548989706443,0.9289617486338796,0.6765327695560254,1.839080459770115,YPR168W,ess,non_ess
0.011560693641618495,0.0010372547324747168,0.054054054054054064,0.6666666666666666,0.1185124642419289,0.00223463687150838,0.0067039106145251395,0.05859453102028815,0.2418988648090815,0.6731843575418994,3.121761658031088,YGR246C,ess,ess
0.02023121387283237,0.0014694442043391822,0.054054054054054064,0.4,0.11238250919493258,0.00411764705882353,0.01,0.09811629995509656,0.3940839694656489,0.4005882352941176,2.8978723404255318,YPR070W,non_ess,non_ess
0.10404624277456646,0.02973463566427522,0.08108108108108109,6.0,0.18655496526358809,0.01290785227680172,0.12334169953388313,0.32747221226245965,1.0125,0.12226604517748295,1.1881533101045296,YHR098C,non_ess,non_ess
0.02023121387283237,0.0025931368311867924,0.027027027027027032,0.5,0.09297098487944422,0.004946996466431096,0.02120141342756184,0.09715118484358468,0.25393993458221825,0.3406360424028269,1.9435483870967745,YNR026C,ess,non_ess
0.023121387283236997,0.0042354568242717605,0.0,0.0,0.034940743767879034,0.014209591474245116,0.08703374777975133,0.3948499434009148,0.6286701208981,0.9644760213143873,0.9945054945054944,YLR358C,non_ess,non_ess
0.01445086705202312,0.0008643789437289308,0.0,0.0,0.06763383735185942,0.004793863854266539,0.009587727708533078,0.09236918466217547,0.1854304635761589,0.5043144774688398,3.393548387096774,YMR146C,ess,ess
0.05780346820809248,0.018151957818307547,0.08108108108108109,1.0,0.10420923579893747,0.012658227848101266,0.13291139240506328,0.29428836060512503,0.4848484848484848,0.20063291139240505,0.8544474393530996,YMR023C,non_ess,non_ess
0.0,0.0,0.0,0.0,0.0551695954229669,0.0,0.0,0.0,0.0,1.0,1.3190184049079756,YOR194C,ess,ess
0.008670520231213872,0.0014694442043391822,0.0,0.0,0.11728647323252965,0.0016930022573363429,0.009593679458239277,0.0594107573752627,0.23275862068965514,0.505079006772009,1.984478935698448,YOR073W,non_ess,ess
0.060693641618497114,0.010199671536001384,0.054054054054054064,1.0,0.10380057212913772,0.013341804320203305,0.07496823379923763,0.5426230035545976,0.7974683544303796,0.2204574332909784,1.1566666666666667,YER123W,non_ess,non_ess
0.3583815028901734,0.09499524591580948,0.0,0.0,0.1501838986514099,0.054988913525498895,0.4873614190687362,0.9406732922889912,1.0766764627304302,0.050110864745011086,1.0089285714285714,YDR001C,non_ess,non_ess
0.04335260115606936,0.010286109430374276,0.08108108108108109,1.0,0.06824683285655905,0.014258555133079847,0.11311787072243346,0.3680572829679116,0.5180820804550995,0.2984790874524715,1.5023923444976075,YNL264C,non_ess,non_ess
0.0,0.0,0.054054054054054064,4.0,0.01818553330608909,0.0,0.0,0.0,0.0,1.0,1.1828358208955223,YMR321C,non_ess,non_ess
0.15895953757225434,0.05514737660990578,0.054054054054054064,0.6666666666666666,0.13833265222721702,0.026429601153291685,0.3065833733781836,0.7608859271781986,1.676706827309237,0.08649687650168188,0.5099150141643058,YDR234W,non_ess,non_ess
0.06358381502890173,0.022300976748206414,0.10810810810810813,2.0,0.0696771557008582,0.020503261882572232,0.2404473438956197,0.704664737332614,1.0058479532163742,0.16589002795899346,0.8317757009345793,YNL191W,non_ess,non_ess
0.011560693641618495,0.003198202091797044,0.08108108108108109,6.0,0.03964037597057622,0.006329113924050633,0.05854430379746835,0.17222157705260713,0.7633027522935778,0.8575949367088608,2.9944751381215466,YML095C,non_ess,non_ess
0.18208092485549127,0.043478260869565216,0.2972972972972973,5.5,0.37842255823457294,0.011237959329290049,0.08972529432750624,0.1460382478934031,0.7285859527238839,0.10542276132714948,0.7838196286472148,YHL030W,non_ess,non_ess
0.017341040462427744,0.0025931368311867924,0.0,1.0,0.13445034736411934,0.0029644268774703555,0.014822134387351778,0.10040461211029772,0.6781065088757395,0.2460474308300395,0.6327827191867853,YDR295C,non_ess,non_ess
0.02023121387283237,0.0027660126199325783,0.054054054054054064,2.0,0.030854107069881488,0.013916500994035786,0.0636182902584493,0.3680141373978352,0.7372685185185186,0.532803180914513,1.2523364485981308,YKL063C,non_ess,non_ess
0.10115606936416184,0.019880715705765408,0.0,0.0,0.10890886800163466,0.021224984839296544,0.13947847180109155,0.5400723276486858,0.9745934959349593,0.17343844754396606,0.9629629629629628,YKR097W,non_ess,non_ess
0.026011560693641616,0.003284639986169937,0.08108108108108109,1.0,0.08745402533714754,0.006746626686656672,0.028485757121439283,0.17627841484663076,0.7722972972972973,0.4002998500749625,1.1710526315789471,YJL060W,non_ess,non_ess
0.005780346820809247,0.002074509464949433,0.0,0.0,0.027176134041683696,0.004454342984409799,0.0534521158129176,0.10157593527106652,1.7911392405063291,0.9309576837416479,1.0,YJL104W,ess,non_ess
0.0,0.0,0.027027027027027032,2.0,0.020024519820187988,0.0,0.0,0.0,1.0,1.0,1.0,YLR200W,non_ess,non_ess
0.026011560693641616,0.00509983576800069,0.08108108108108109,0.375,0.07703310175725378,0.007620660457239628,0.04995766299745978,0.30537636285866426,0.5938144329896908,0.3056731583403895,2.506944444444444,YHR208W,non_ess,non_ess
0.14161849710982655,0.04010718298902238,0.4324324324324325,2.2857142857142856,0.021250510829587253,0.13535911602209946,1.281767955801105,4.397731280122252,1.2278959810874703,1.0,6.135593220338983,YMR103C,non_ess,non_ess
0.023121387283236997,0.017892644135188866,0.0,1.0,0.03248876174908051,0.015180265654648957,0.3927893738140417,1.294539321104786,1.8730158730158728,0.3206831119544592,0.9135135135135136,YDR163W,non_ess,non_ess
0.02023121387283237,0.026363557783732387,0.027027027027027032,0.16666666666666666,0.02881078872088272,0.014799154334038053,0.6448202959830867,0.28022709047167743,0.2401221264367816,0.9154334038054968,1.9681818181818185,YCR063W,non_ess,non_ess
0.03757225433526011,0.006915031549831446,0.0,0.0,0.13506334286881894,0.006394490900147565,0.039350713231677326,0.2147093285984508,0.7457091237579042,0.37973438268568616,2.2247838616714697,YMR232W,non_ess,non_ess
0.0838150289017341,0.018929898867663584,0.027027027027027032,2.0,0.11626481405803026,0.016505406943653957,0.12464428002276608,1.4807707943735269,0.6665842807711321,0.12293682413204325,0.7372013651877133,YHL010C,non_ess,non_ess
0.005780346820809247,0.0005186273662373584,0.0,1.0,0.017163874131589704,0.006622516556291391,0.019867549668874173,0.20968689995689488,2.1420118343195265,1.0,1.0,YLR444C,non_ess,non_ess
0.011560693641618495,0.002333823148068113,0.054054054054054064,0.6666666666666666,0.0253371475275848,0.009478672985781993,0.06398104265402843,0.18343039012661397,0.6733137829912025,0.7630331753554502,1.1624548736462097,YAL059C-A,non_ess,non_ess
0.07803468208092486,0.010286109430374276,0.10810810810810813,0.8,0.11708214139762975,0.01526286037309214,0.06726964386659129,0.3689696081639939,1.1182715311004785,0.22385528547201808,1.2983606557377048,YOR027W,non_ess,non_ess
0.02890173410404624,0.00509983576800069,0.10810810810810813,1.3333333333333333,0.059460563955864326,0.010834236186348862,0.06392199349945829,0.21136004792208224,0.5247440273037542,0.2979414951245937,1.3888888888888893,YJL126W,non_ess,non_ess
0.08959537572254335,0.029648197769902324,0.1891891891891892,1.75,0.2073968124233756,0.010016155088852988,0.11082390953150242,0.1708621763341486,0.4906890130353818,0.1651050080775444,1.1747126436781608,YGR258C,non_ess,non_ess
0.017341040462427744,0.00950816838101824,0.027027027027027032,0.25,0.11340416836943196,0.003498542274052478,0.0641399416909621,0.1070392153558368,0.3761671854157403,0.7440233236151603,1.915915915915916,YKL088W,ess,ess
0.0028901734104046237,0.00017287578874578615,0.0,0.0,0.029219452390682476,0.0020876826722338203,0.0041753653444676405,0.0804521615153521,0.06585365853658535,0.534446764091858,2.6391752577319587,YFL017C,ess,ess
0.03757225433526011,0.01659607571959547,0.0,1.0,0.04352268083367389,0.018867924528301886,0.27866473149492016,0.6670930604413176,1.9692796610169487,0.2351233671988389,0.2351233671988389,YDL069C,non_ess,non_ess
0.05491329479768786,0.011064050479730312,0.10810810810810813,1.3333333333333333,0.08336738863914997,0.014913657770800628,0.10047095761381476,0.3088130962444149,1.0374313186813189,0.2802197802197802,1.0625,YGR263C,non_ess,non_ess
0.008670520231213872,0.002420261042441006,0.0,1.0,0.1248467511238251,0.0015932023366967605,0.01486988847583643,0.041740656532129584,0.10302734374999996,0.9543281996813596,5.686708860759492,YKL125W,ess,ess
0.023121387283236997,0.007779410493560376,0.13513513513513514,1.0,0.022680833673886392,0.020887728459530026,0.2349869451697128,0.4689159404564105,0.5018981018981019,0.3342036553524804,1.4712643678160915,YDR529C,non_ess,non_ess
0.0,0.0,0.0,1.0,0.03248876174908051,0.0,0.0,0.0,1.0,1.0,1.0,YCR040W,non_ess,non_ess
0.011560693641618495,0.0044083326130175465,0.4594594594594595,2.4285714285714284,0.018798528810788726,0.012269938650306749,0.15644171779141106,0.20959325808353169,0.6718861209964413,1.0,1.0,YML009C-A,non_ess,non_ess
0.026011560693641616,0.0029388884086783643,0.0,0.0,0.1636697997548018,0.003668976763147167,0.013860578883000407,0.18086696562032886,0.4088888888888889,0.2645739910313901,1.8595988538681951,YLR222C,ess,ess
0.008670520231213872,0.0016423199930849686,0.08108108108108109,3.0,0.010420923579893748,0.014778325123152709,0.09359605911330048,0.4178321955237356,0.6631832797427654,1.0,1.0,YGL041C,non_ess,non_ess
0.09826589595375723,0.043564698763938106,0.0,1.0,0.22476501838986515,0.010149253731343285,0.15044776119402986,0.2907653223245475,1.546276595744681,0.21044776119402986,0.7755775577557756,YOL087C,non_ess,non_ess
0.12716763005780346,0.053591494511193716,0.0,1.0,0.2466285247241521,0.011985834922364479,0.1688913102696813,0.3377185251654462,0.8337595907928389,0.3108144919640425,1.5152722443559097,YPL110C,non_ess,non_ess
0.023121387283236997,0.002333823148068113,0.16216216216216214,3.0,0.031467102574581116,0.015625,0.052734375,0.4111842105263158,0.6000000000000001,0.41015625,2.0588235294117645,YGR174C,non_ess,non_ess
0.0,0.0,0.0,1.0,0.029423784225582342,0.0,0.0,0.0,0.0,1.0,1.2422680412371134,YEL027W,non_ess,non_ess
0.13872832369942195,0.053591494511193716,0.5405405405405406,2.2222222222222223,0.0425010216591745,0.0712166172106825,0.9198813056379822,2.249020771513353,1.1542857142857141,1.0,1.0,YDR476C,non_ess,non_ess
0.0722543352601156,0.027227936727461318,0.027027027027027032,1.0,0.08193706579485084,0.019952114924181964,0.25139664804469275,0.8501026108767529,1.3392857142857144,0.18994413407821228,0.18994413407821228,YDL033C,non_ess,non_ess
0.02890173410404624,0.003976143141153081,0.2972972972972973,1.375,0.0253371475275848,0.023696682464454968,0.10900473933649288,0.3971511027562286,0.7905027932960894,0.2938388625592417,1.0508474576271185,YDL123W,non_ess,non_ess
0.008670520231213872,0.0010372547324747168,0.13513513513513514,1.0,0.025950143032284437,0.006960556844547564,0.027842227378190254,0.2897479255967596,1.1122881355932204,0.39443155452436207,0.7623318385650224,YNL081C,non_ess,non_ess
0.12427745664739885,0.02852450514305472,0.1891891891891892,1.75,0.12055578259092767,0.023626373626373626,0.1813186813186813,0.8545383188240331,1.2844155844155845,0.11923076923076925,0.554987212276215,YOL158C,non_ess,non_ess
0.06936416184971098,0.015645258881493648,0.0,1.0,0.14262362076011445,0.011194029850746268,0.08442164179104478,0.23537313432835816,0.7163636363636362,0.1669776119402985,0.6767485822306238,YOL017W,non_ess,non_ess
0.008670520231213872,0.0010372547324747168,0.0,1.0,0.10359624029423783,0.0019096117122851689,0.007638446849140674,0.05547265498638227,0.2093316519546028,0.4423933800127308,2.5272727272727282,YGL078C,non_ess,ess
0.06647398843930635,0.011669115740340566,0.054054054054054064,0.5,0.10380057212913772,0.014612452350698857,0.08576874205844981,0.6189350836442509,1.2615003538570415,0.1238881829733164,0.5508474576271186,YHR016C,non_ess,non_ess
0.060693641618497114,0.008298037859797734,0.027027027027027032,0.5,0.1610134859011034,0.008699254349627173,0.039768019884009936,0.1917153469169955,0.5461718293395674,0.1271748135874068,0.7139534883720929,YGL083W,non_ess,non_ess
0.05780346820809248,0.0112369262684761,0.027027027027027032,0.1,0.056395586432366175,0.02277904328018224,0.1480637813211845,0.6813613828219216,0.8877005347593585,0.4441913439635535,1.0743801652892562,YKL052C,ess,non_ess
0.008670520231213872,0.003111764197424151,0.4594594594594595,1.4166666666666667,0.019411524315488357,0.008955223880597015,0.10746268656716418,0.19132835820895525,0.4740000000000001,0.5253731343283582,1.4426229508196722,YLR204W,non_ess,non_ess
0.017341040462427744,0.004840522084882012,0.027027027027027032,1.0,0.021863506334286884,0.016172506738544475,0.1509433962264151,0.4412997903563941,0.4658119658119658,0.4420485175202156,1.6078431372549018,YDR493W,non_ess,non_ess
0.02023121387283237,0.005704901028610943,0.1891891891891892,1.4,0.05190028606456886,0.008620689655172414,0.0812807881773399,0.5651041666666666,0.6440972222222222,0.7155172413793104,1.815625,YBL095W,non_ess,non_ess
0.05491329479768786,0.01045898521912006,0.027027027027027032,1.0,0.08295872496935024,0.01498422712933754,0.09542586750788644,0.4463587201442091,0.59375,0.2831230283911672,2.1890243902439024,YJL183W,non_ess,non_ess
0.008670520231213872,0.0003457515774915723,0.0,1.0,0.0704944830404577,0.0027649769585253448,0.003686635944700461,0.05130131964809385,0.10836038961038964,0.2921658986175115,1.4952830188679245,YDL055C,ess,ess
0.04335260115606936,0.009075978909153772,0.08108108108108109,0.5,0.05537392725786678,0.01738122827346466,0.1216685979142526,0.7931463431258946,0.8823529411764706,0.3325608342989571,1.8636363636363635,YIL034C,non_ess,non_ess
0.07514450867052022,0.01434869046590025,0.21621621621621626,4.0,0.04454434000817328,0.036931818181818184,0.23579545454545456,1.3635850219058052,0.9041621029572836,0.18181818181818185,0.8421052631578948,YER010C,non_ess,non_ess
0.02890173410404624,0.003111764197424151,0.027027027027027032,0.3333333333333333,0.1303637106661218,0.005091649694501018,0.018329938900203662,0.09689622327367907,0.3405521573813853,0.20112016293279025,0.933806146572104,YDR389W,non_ess,non_ess
0.04046242774566474,0.007087907338577231,0.16216216216216214,6.0,0.1330200245198202,0.006989515726410384,0.040938592111832255,0.15474384576980682,0.9198717948717948,0.20668996505242132,1.5862068965517242,YJL057C,non_ess,non_ess
0.017341040462427744,0.011064050479730312,0.10810810810810813,1.0,0.01838986514098897,0.01875,0.4,0.4275528169014085,0.602112676056338,0.4625,1.383177570093458,YBL070C,non_ess,non_ess
0.07803468208092486,0.010631861007865848,0.0,1.0,0.2490805067429506,0.007283517669274345,0.0331804693822498,0.18127040403428704,1.3920515574650911,0.2821688697059617,1.1235230934479052,YJL129C,non_ess,non_ess
0.02890173410404624,0.003889705246780188,0.027027027027027032,1.0,0.05026563138536985,0.012690355329949237,0.05710659898477158,0.206146979980608,0.33473782771535576,0.3020304568527919,1.5063291139240509,YMR084W,non_ess,non_ess
0.15895953757225434,0.05514737660990578,0.054054054054054064,1.0,0.2496253916360169,0.014804845222072678,0.17173620457604308,0.32895880678684114,0.9668643181025464,0.08667563930013457,0.6018691588785047,YGL251C,non_ess,non_ess
0.023121387283236997,0.0030253263030512573,0.054054054054054064,0.6666666666666666,0.052717613404168376,0.009708737864077669,0.04247572815533982,0.8761677962996884,0.7698113207547169,0.33859223300970875,1.2455357142857144,YDR319C,non_ess,non_ess
0.1445086705202312,0.04935603768692195,0.21621621621621626,2.6666666666666665,0.12505108295872494,0.02651113467656416,0.30275715800636266,0.8051778371388557,1.503164556962025,0.1102863202545069,0.7247386759581881,YEL065W,non_ess,non_ess
0.05491329479768786,0.008298037859797734,0.21621621621621626,1.3333333333333333,0.08418471597874949,0.014774494556765163,0.07465007776049767,0.5504479830440826,0.9387905604719764,0.13763608087091758,0.8509615384615384,YDL066W,non_ess,non_ess
0.1445086705202312,0.053245742933702135,0.10810810810810813,0.8,0.12893338782182265,0.02573340195573855,0.3170355120946989,0.9008528784648188,1.2462006079027357,0.1224909933093155,1.7500000000000002,YIL101C,non_ess,non_ess
0.0838150289017341,0.0199671536001383,0.027027027027027032,1.0,0.09562729873314264,0.01994497936726272,0.15887207702888584,0.4935573813152905,1.2683046683046684,0.22145804676753786,0.9252873563218392,YDL089W,non_ess,non_ess
0.0722543352601156,0.009767482064136915,0.0,0.0,0.0960359624029424,0.017123287671232876,0.0773972602739726,0.5006308579668348,1.2036483253588517,0.12876712328767126,0.8355555555555555,YNL137C,ess,non_ess
0.011560693641618495,0.005791338922983836,0.054054054054054064,0.5,0.007968941561095219,0.023952095808383242,0.4011976047904192,0.8569101796407187,0.6752000000000001,0.6287425149700598,1.3636363636363635,YOR381W-A,non_ess,non_ess
0.008670520231213872,0.004062581035525975,0.2432432432432433,3.0,0.014507560277891298,0.01140684410646388,0.17870722433460076,0.5563904079499493,0.4870517928286853,0.6387832699619772,1.4117647058823528,YGR037C,non_ess,non_ess
0.03757225433526011,0.014953755726510504,0.08108108108108109,0.5,0.04740498569677156,0.01742627345844504,0.2319034852546917,0.5167220959038925,0.6942246835443038,0.4571045576407507,2.2287581699346406,YPL107W,non_ess,non_ess
0.08670520231213873,0.04503414296827729,0.10810810810810813,1.3333333333333333,0.02370249284838578,0.07537688442211055,1.309045226130653,3.544764639524151,0.8953258722843975,0.3065326633165829,0.9606299212598424,YLR416C,non_ess,non_ess
0.026011560693641616,0.003457515774915723,0.027027027027027032,1.0,0.13792398855741725,0.004337349397590362,0.01927710843373494,0.2071536144578313,0.5687500000000001,0.3383132530120482,1.319548872180451,YIL144W,ess,non_ess
0.1213872832369942,0.02532630305125767,0.1891891891891892,1.4,0.4621986105435227,0.006143943826799297,0.04286132241076653,0.14751909880640132,0.5796834744203165,0.17495611468695146,0.912280701754386,YFR019W,non_ess,non_ess
0.02023121387283237,0.0035439536692886157,0.08108108108108109,1.5,0.12382509194932573,0.003747323340471092,0.021948608137044967,0.05731531049250535,0.3129411764705882,0.4277301927194861,1.447463768115942,YAL047C,non_ess,non_ess
0.026011560693641616,0.002074509464949433,0.0,0.0,0.06763383735185942,0.00862895493767977,0.023010546500479387,0.2562623515369715,0.5372448979591837,0.2751677852348993,1.1619433198380569,YBR159W,non_ess,non_ess
0.011560693641618495,0.0013830063099662892,0.0,0.0,0.040049039640375976,0.006269592476489028,0.025078369905956112,0.20474013138190605,0.8917197452229298,0.6990595611285266,2.563218390804598,YKL144C,ess,ess
0.026011560693641616,0.0067421557610856594,0.16216216216216214,6.0,0.05578259092766653,0.010356731875719215,0.08975834292289989,0.15185447463928475,0.4679487179487179,0.3084004602991945,1.7516339869281046,YFR032C,non_ess,non_ess
0.005780346820809247,0.0006915031549831446,0.054054054054054064,0.5,0.09501430322844301,0.001384083044982699,0.005536332179930796,0.03471453287197232,0.16590909090909092,0.9328719723183392,2.3607705779334505,YDR181C,non_ess,ess
0.08959537572254335,0.01348431152217132,0.08108108108108109,6.0,0.2844299141806293,0.007335541883577852,0.03691433980123048,1.1562647893989588,0.670995670995671,0.13487931850449594,1.2179487179487178,YJR031C,non_ess,non_ess
0.02023121387283237,0.0047540841905091185,0.027027027027027032,0.3333333333333333,0.07498978340825503,0.006081668114682885,0.04778453518679409,0.1773175374015056,0.5296899632159747,0.4317984361424848,1.1193693693693694,YOL044W,non_ess,non_ess
0.13583815028901733,0.05566600397614314,0.10810810810810813,1.0,0.03780138945647732,0.07768595041322314,1.0644628099173554,1.803583916083916,1.1229603729603728,0.17520661157024794,1.2470588235294118,YKL030W,non_ess,non_ess
0.0,0.0,0.0,1.0,0.037188393951777685,0.0,0.0,0.0,0.0,1.0,1.6239782016348774,YER012W,ess,ess
0.02890173410404624,0.005877776817356729,0.027027027027027032,0.5,0.04147936248467512,0.015174506828528072,0.10318664643399088,0.615677856323328,1.0452961672473868,0.21699544764795145,0.6529680365296804,YNR061C,non_ess,non_ess
0.0,0.0,0.0,0.0,0.01920719248058848,0.0,0.0,0.0,0.0,1.0,2.862068965517241,YDR045C,ess,ess
0.008670520231213872,0.0029388884086783643,0.0,0.0,0.0913363302002452,0.002156721782890007,0.02444284687275341,0.08413415689784183,0.3144712430426717,0.9769949676491732,2.299492385786802,YGL111W,ess,ess
0.049132947976878616,0.009335292592272452,0.08108108108108109,0.75,0.05803024111156519,0.018847006651884702,0.1197339246119734,0.3185208890514397,0.6572164948453607,0.2771618625277162,1.0460251046025104,YER053C,non_ess,non_ess
0.008670520231213872,0.001210130521220503,0.08108108108108109,3.0,0.0026563138536984067,0.033707865168539325,0.15730337078651685,0.6531979256698358,0.6274038461538461,0.4494382022471911,0.8888888888888888,YDR524W-C,non_ess,non_ess
0.05780346820809248,0.01901633676203648,0.0,1.0,0.1213731099305272,0.010917030567685587,0.12008733624454147,0.4395987050143049,0.9523809523809522,1.0,2.6901615271659325,YDR143C,non_ess,non_ess
0.02890173410404624,0.007001469444204339,0.027027027027027032,0.3333333333333333,0.2061708214139763,0.0032499187520311987,0.026324341891452715,0.07487387220081403,0.36904761904761896,0.3412414689632759,1.6535433070866141,YGR047C,ess,ess
0.1329479768786127,0.1572305298642925,0.2702702702702703,1.25,0.010829587249693505,0.22009569377990432,8.703349282296651,4.642685225460345,1.6669191919191917,1.0,1.0,YOR316C-A,non_ess,non_ess
0.026011560693641616,0.007260783127323019,0.027027027027027032,1.0,0.06824683285655905,0.008555133079847909,0.07984790874524715,0.22123465161899689,0.8129704690214244,0.4020912547528517,1.8883928571428568,YDR279W,non_ess,non_ess
0.1791907514450867,0.05886420606794018,0.16216216216216214,2.0,0.11749080506742952,0.03492957746478873,0.3836619718309859,1.165881140501546,1.4606430155210643,0.07774647887323942,0.07774647887323942,YLR028C,non_ess,non_ess
0.005780346820809247,0.0010372547324747168,0.027027027027027032,0.5,0.08030241111565183,0.0016273393002441008,0.009764035801464606,0.03913514025926833,0.24110032362459544,0.9161920260374288,2.9246753246753245,YNL152W,ess,ess
0.02023121387283237,0.014089376782781571,0.10810810810810813,0.8,0.045361667347772784,0.009776536312849162,0.2276536312849162,0.2255553496253541,0.8330700368615059,0.5544692737430168,1.4924812030075187,YBR256C,ess,non_ess
0.06358381502890173,0.0087302273316622,0.0,1.0,0.3105843890478137,0.004772234273318872,0.02190889370932755,0.08793563672507454,0.3526657060518732,0.37483731019522776,2.3900414937759336,YOL004W,non_ess,non_ess
0.0028901734104046237,0.0015558820987120756,0.0,0.0,0.041070698814875364,0.0015313935681470134,0.027565084226646247,0.04802883898684086,0.1338495575221239,0.9908116385911179,2.003095975232198,YGL135W,non_ess,ess
0.008670520231213872,0.0008643789437289308,0.0,1.0,0.061912545974662864,0.003128258602711157,0.010427528675703858,0.3006344225390545,0.5166889185580773,0.4171011470281543,1.680672268907563,YOR143C,ess,ess
0.05780346820809248,0.017287578874578616,0.2972972972972973,3.6666666666666665,0.013485901103391913,0.08064516129032258,0.8064516129032258,2.813203300825206,2.081395348837209,0.17338709677419356,0.5733333333333334,YOR072W-A,non_ess,non_ess
0.060693641618497114,0.011755553634713456,0.054054054054054064,0.5,0.11360850020433184,0.012223515715948778,0.07916181606519207,0.3094512838762992,1.1392868028040233,0.2665890570430733,1.8174603174603177,YBR180W,non_ess,non_ess
0.017341040462427744,0.001901633676203648,0.0,0.0,0.08398038414384963,0.004676539360872954,0.0171473109898675,0.16610006467554436,0.29521276595744683,0.4715510522213562,2.7752293577981653,YKL181W,non_ess,ess
0.031791907514450865,0.008470913648543521,0.0,1.0,0.06640784634246016,0.010731707317073172,0.09560975609756098,0.3505382674516401,1.2538314176245209,0.2917073170731707,1.0,YMR228W,non_ess,non_ess
0.0838150289017341,0.03103120407986861,0.21621621621621626,1.6,0.024315488353085408,0.07125307125307126,0.8820638820638821,1.7759151556619912,1.3110307414104885,0.13022113022113022,0.13022113022113022,YDR482C,non_ess,non_ess
0.08670520231213873,0.02135015991010459,0.054054054054054064,1.0,0.17143440948099714,0.011686793922867159,0.0962212699649396,0.31368838926299,1.1904761904761905,0.1994546162835996,0.9624060150375942,YJL165C,non_ess,non_ess
0.060693641618497114,0.01581813467023943,0.40540540540540543,0.8823529411764706,0.02370249284838578,0.05276381909547738,0.4597989949748744,1.0895142378559464,0.6799999999999999,0.7110552763819096,1.132,YLR235C,non_ess,non_ess
0.06936416184971098,0.04408332613017547,0.027027027027027032,2.0,0.021863506334286884,0.0646900269541779,1.3746630727762803,2.259329326480388,1.060041407867495,0.3881401617250674,1.9459459459459456,YER119C-A,non_ess,non_ess
0.02023121387283237,0.0015558820987120756,0.10810810810810813,4.0,0.07294646505925624,0.006244424620874218,0.01605709188224799,0.15611061552185548,0.6425120772946861,0.4165923282783229,1.6560283687943265,YMR294W,non_ess,non_ess
0.03757225433526011,0.0075200968104416985,0.0,1.0,0.07192480588475685,0.011754068716094029,0.07866184448462929,0.2984538400451601,0.6635543106131341,0.21609403254972875,1.2256410256410255,YGR173W,non_ess,non_ess
0.011560693641618495,0.0003457515774915723,0.054054054054054064,0.6666666666666666,0.09521863506334287,0.0027624309392265192,0.0027624309392265192,0.08382870597011445,0.2459312839059674,0.5904696132596685,2.1215880893300247,YOR046C,ess,ess
0.0,0.0,0.0,1.0,0.029423784225582342,0.0,0.0,0.0,1.0,1.0,1.0,YFL068W,non_ess,non_ess
0.02890173410404624,0.0036303915636615096,0.054054054054054064,2.0,0.0615038823048631,0.01049317943336831,0.044071353620146914,0.2613672292049469,0.8102862688015524,0.4312696747114376,1.3173076923076923,YDR352W,non_ess,non_ess
0.06358381502890173,0.013052122050306855,0.027027027027027032,0.5,0.09664895790764202,0.014976174268209666,0.10279101429543908,0.6046630360789652,0.6329365079365078,0.15180394826412524,1.2054054054054053,YDL238C,non_ess,non_ess
0.026011560693641616,0.005704901028610943,0.027027027027027032,2.0,0.1755210461789947,0.003425961172440045,0.02512371526456033,0.15518875183244374,0.6941489361702128,0.2329653597259231,1.1746641074856046,YDR285W,non_ess,non_ess
0.02023121387283237,0.0033710778805428297,0.054054054054054064,0.4,0.08357172047404986,0.005481597494126861,0.03054032889584965,0.1593737433596478,0.43881381381381374,0.3320281910728269,1.5362318840579712,YNL136W,non_ess,non_ess
0.049132947976878616,0.010804736796611637,0.0,0.0,0.10012259910093993,0.011184210526315793,0.08223684210526316,0.2911778143274854,1.076121794871795,0.25921052631578945,0.9358669833729216,YPL181W,non_ess,non_ess
0.03468208092485549,0.009767482064136915,0.4324324324324325,1.0666666666666669,0.00878626890069473,0.0670391061452514,0.6312849162011173,1.2399954395165886,1.036734693877551,0.26256983240223464,0.94,YHR032W-A,non_ess,non_ess
0.01445086705202312,0.0013830063099662892,0.0,0.0,0.043931344503473635,0.007194244604316547,0.02302158273381295,0.3559334350701257,0.5325987144168962,0.5237410071942447,1.60352422907489,YHR122W,ess,ess
0.005780346820809247,0.00112369262684761,0.0,1.0,0.05905190028606457,0.0021810250817884407,0.014176663031624863,0.05773343341500376,0.2491883116883117,0.5659760087241004,1.4497206703910617,YDR280W,ess,ess
0.10982658959537572,0.027141498833088425,0.16216216216216214,0.8571428571428571,0.2374335921536576,0.010746606334841629,0.08880090497737557,0.2766115926327194,0.7359154929577466,0.15186651583710406,1.0,YKL201C,non_ess,non_ess
0.05491329479768786,0.01322499783905264,0.10810810810810813,4.0,0.02451982018798529,0.04634146341463415,0.37317073170731707,0.8800149328023893,0.6844465058750773,0.3829268292682927,1.2170542635658914,YPL250C,non_ess,non_ess
0.02023121387283237,0.0044083326130175465,0.0,1.0,0.0976706170821414,0.0047169811320754715,0.03436657681940701,0.12929582210242588,0.3970588235294118,0.6495956873315364,5.0736842105263165,YDR082W,ess,ess
0.017341040462427744,0.008298037859797734,0.027027027027027032,1.0,0.004903964037597058,0.04918032786885247,0.7868852459016393,0.6242561523400008,0.5667447306791569,0.4672131147540984,1.14,YDR003W-A,non_ess,non_ess
0.023121387283236997,0.009940357852882704,0.08108108108108109,0.75,0.06456885982836126,0.008016032064128256,0.11523046092184368,0.2886352414974877,0.8695652173913042,0.5260521042084169,1.13882863340564,YML019W,non_ess,non_ess
0.05491329479768786,0.011323364162848992,0.027027027027027032,2.0,0.13363302002451982,0.00944333996023857,0.06510934393638171,0.9792263368938908,0.503177966101695,0.2286282306163022,1.735849056603774,YLR427W,non_ess,non_ess
0.09826589595375723,0.0662114270896361,0.32432432432432434,1.7142857142857142,0.06272987331426237,0.035015447991761074,0.7888774459320288,0.7756091708077951,1.2978817299205652,0.33470648815653964,2.5390625,YGR007W,non_ess,non_ess
0.060693641618497114,0.011928429423459244,0.10810810810810813,0.5714285714285714,0.08908868001634655,0.015463917525773196,0.101620029455081,0.3954896907216495,1.547,0.18483063328424154,0.8019169329073482,YNL074C,non_ess,non_ess
0.023121387283236997,0.003198202091797044,0.10810810810810813,0.4444444444444444,0.07907642010625256,0.006606110652353428,0.0305532617671346,0.14618053719394872,0.7527093596059111,0.2493806771263419,1.0307167235494878,YNL292W,non_ess,non_ess
0.0953757225433526,0.042527444031463385,0.13513513513513514,1.25,0.15222721700040867,0.014442013129102843,0.2153172866520788,0.4261000680359672,0.8100398053958425,0.15054704595185994,1.4273858921161824,YLR069C,non_ess,non_ess
0.017341040462427744,0.004149018929898867,0.2432432432432433,2.25,0.07642010625255416,0.005119453924914676,0.040955631399317405,0.15548939986547422,0.5295288652952886,0.39419795221843,1.0,YMR024W,non_ess,non_ess
0.0,0.0,0.0,1.0,0.05986922762566409,0.0,0.0,0.0,1.0,1.0,1.0,YLR464W,non_ess,non_ess
0.05491329479768786,0.00950816838101824,0.054054054054054064,2.0,0.22456068655496528,0.005676725425754407,0.03286525246489393,0.18122439071236496,0.3747923588039867,0.2449955183746639,2.6366559485530545,YGL094C,non_ess,non_ess
0.09826589595375723,0.0761517849425188,0.5405405405405406,1.4285714285714286,0.011646914589293013,0.15384615384615385,3.986425339366516,2.667917448405253,1.1732261640798227,0.14027149321266968,0.9117647058823528,YJL156W-A,non_ess,non_ess
0.023121387283236997,0.004840522084882012,0.054054054054054064,0.6666666666666666,0.0813240702901512,0.006430868167202572,0.04501607717041802,0.22096852772093928,0.30707070707070705,0.4983922829581994,1.2301587301587302,YGR159C,non_ess,non_ess
0.01445086705202312,0.0013830063099662892,0.13513513513513514,5.0,0.04563410979430595,0.006944444444444444,0.022222222222222227,0.17846936442615455,1.0751028806584362,0.6847222222222222,1.4415204678362574,YER131W,non_ess,non_ess
0.0028901734104046237,0.0013830063099662892,0.0,1.0,0.03555373927257867,0.0017482517482517485,0.02797202797202797,0.04431614896731177,1.0523255813953492,1.0,1.0,YNL174W,non_ess,non_ess
0.023121387283236997,0.003889705246780188,0.0,1.0,0.03575807110747855,0.01391304347826087,0.0782608695652174,0.2951686488594268,0.642152466367713,0.3130434782608696,0.9137055837563454,YDR253C,non_ess,non_ess
0.06647398843930635,0.015126631515256287,0.2702702702702703,2.5,0.20044953003677973,0.007684597393919143,0.05846976277981957,0.26372450171343753,1.1307767944936085,0.19378549949883064,1.5466666666666669,YNL123W,non_ess,non_ess
0.05491329479768786,0.010026795747255596,0.2972972972972973,1.0,0.14282795259501432,0.008849557522123894,0.054028877503493236,0.2360050568900126,0.6608695652173913,0.26781555659059153,0.9488448844884492,YDR109C,non_ess,non_ess
0.017341040462427744,0.005013397873627798,0.16216216216216214,3.0,0.039436044135676335,0.009538950715421305,0.09220985691573927,0.2444033858978215,2.2612612612612613,0.5039745627980922,0.8805555555555555,YPL267W,non_ess,non_ess
0.06647398843930635,0.01322499783905264,0.027027027027027032,2.0,0.08214139762975071,0.018312101910828025,0.12181528662420382,0.3803717464810883,0.8443794671864847,0.1552547770700637,0.7926829268292682,YKR051W,non_ess,non_ess
0.05202312138728323,0.008557351542916414,0.0,1.0,0.3957907642010625,0.0030711482682136155,0.016891315475174886,0.1020613919436646,0.683982683982684,0.34516294147756355,0.952,YNL271C,non_ess,non_ess
0.02890173410404624,0.006309966289221194,0.0,1.0,0.015937883122190438,0.035211267605633804,0.25704225352112675,0.5818332454620773,1.111535523300229,0.3028169014084507,0.5695364238410596,YIL058W,non_ess,non_ess
0.03468208092485549,0.006828593655458553,0.1891891891891892,1.4,0.014711892112791171,0.045112781954887216,0.29699248120300753,1.2074758324382384,0.9389010989010992,0.44360902255639095,1.2826086956521738,YBR076C-A,non_ess,non_ess
0.1329479768786127,0.04589852191200623,0.027027027027027032,2.0,0.3406211687780956,0.009107107503464659,0.1051276974856464,0.2388864352831884,1.0622023379997112,0.2658879429815878,2.7520491803278686,YKR031C,non_ess,non_ess
0.0028901734104046237,8.643789437289306e-05,0.1891891891891892,14.0,0.018798528810788726,0.003067484662576687,0.003067484662576687,0.08064787972763432,0.2765567765567765,1.0,2.7394957983193278,YLR053C,non_ess,non_ess
0.049132947976878616,0.019362088339528048,0.2702702702702703,1.6666666666666667,0.03514507560277892,0.03003533568904593,0.3957597173144876,0.7898821527019777,1.122835279903343,0.16784452296819788,1.0106382978723405,YBR106W,non_ess,non_ess
0.026011560693641616,0.0029388884086783643,0.0,0.0,0.12811606048222313,0.004660797514241326,0.017607457276022784,0.10301557582759034,0.4835164835164836,0.2843086483687209,1.7264150943396226,YDR398W,ess,ess
0.005780346820809247,0.0017287578874578616,0.027027027027027032,2.0,0.04045770331017573,0.003105590062111801,0.031055900621118005,0.12547297779681588,1.149425287356322,0.8183229813664596,1.559171597633136,YHR105W,non_ess,non_ess
0.0838150289017341,0.03267352407295358,0.0,1.0,0.16223947691050267,0.011924342105263159,0.15542763157894735,0.3375450816423589,1.0158411423471665,0.2208059210526316,2.0264150943396224,YPL207W,non_ess,non_ess
0.0722543352601156,0.009767482064136915,0.054054054054054064,0.3333333333333333,0.17674703718839396,0.00945179584120983,0.04272211720226843,0.7560015350284975,0.7397526073247636,0.311531190926276,2.445103857566766,YOR141C,non_ess,non_ess
0.11560693641618495,0.015991010458985218,0.32432432432432434,2.0,0.1176951369023294,0.02249718785151856,0.10404949381327334,0.7191007598870285,1.4676258992805755,0.12992125984251968,0.6381215469613261,YCR088W,non_ess,non_ess
0.01445086705202312,0.0006915031549831446,0.0,0.0,0.06429641738182809,0.005030181086519115,0.008048289738430584,0.12940802711002858,0.3827751196172249,0.6720321931589537,3.009009009009009,YBL050W,ess,ess
0.10982658959537572,0.04209525455959893,0.054054054054054064,0.5,0.18001634654679197,0.014110657259561827,0.1808392127738581,0.33986959420880103,0.5550179211469535,0.12625324916450054,1.7435897435897436,YOR371C,non_ess,non_ess
0.04046242774566474,0.0076929725991874845,0.13513513513513514,2.5,0.12832039231712306,0.007238883143743538,0.046018614270941054,0.17397890166621216,0.7493472584856397,0.3200620475698035,0.8549723756906077,YER049W,non_ess,non_ess
0.05780346820809248,0.01045898521912006,0.08108108108108109,3.0,0.04290968532897426,0.029411764705882363,0.17794117647058824,0.940119760479042,2.2395209580838324,0.2323529411764706,0.9575757575757576,YDR296W,non_ess,non_ess
0.03468208092485549,0.0042354568242717605,0.08108108108108109,1.0,0.03105843890478137,0.023715415019762844,0.09683794466403164,0.663049325256683,0.7607776838546068,0.3478260869565217,1.1503267973856208,YPL108W,non_ess,non_ess
0.04046242774566474,0.0087302273316622,0.0,0.0,0.2425418880261545,0.003877042370534478,0.027970091387427305,0.10081314578511542,0.7279792746113989,0.30047078371642205,1.4602960969044416,YPR010C,ess,ess
0.060693641618497114,0.01702826519145994,0.08108108108108109,0.75,0.0968532897425419,0.014266304347826088,0.13383152173913046,0.4925629290617848,1.0091533180778032,0.20380434782608686,0.9174311926605504,YHR113W,non_ess,non_ess
0.04046242774566474,0.00959460627539113,0.08108108108108109,0.42857142857142855,0.047609317531671434,0.018691588785046728,0.14819759679572764,0.552923277548359,2.808139534883721,0.3017356475300401,0.7313915857605178,YHR163W,non_ess,non_ess
0.06358381502890173,0.013570749416544212,0.08108108108108109,1.0,0.0905190028606457,0.015953589557650468,0.11385061638868745,0.33129709619446984,0.7223731884057971,0.1363306744017404,0.9641025641025642,YNL237W,non_ess,non_ess
0.02890173410404624,0.00561846313423805,0.0,0.0,0.2480588475684512,0.002708559046587216,0.017605633802816902,0.05434143321467265,0.33714285714285713,0.4176598049837487,2.3833075734157654,YJL074C,ess,ess
0.0028901734104046237,8.643789437289306e-05,0.0,0.0,0.0760114425827544,0.0008576329331046312,0.0008576329331046312,0.011707395084995027,0.029798903107861062,0.9622641509433962,6.064864864864867,YMR005W,ess,ess
0.023121387283236997,0.0037168294580344026,0.0,0.0,0.07131181038005723,0.007292616226071103,0.03919781221513218,0.16325225095555662,1.2358674463937622,0.2880583409298086,0.4817073170731707,YDR273W,non_ess,non_ess
0.07514450867052022,0.010718298902238741,0.10810810810810813,0.8,0.020433183489987745,0.07428571428571429,0.35428571428571426,2.264574934268186,0.9015737530008004,0.17142857142857146,1.0,YKL084W,non_ess,non_ess
0.017341040462427744,0.00561846313423805,0.054054054054054064,1.0,0.047609317531671434,0.00801068090787717,0.08678237650200267,0.26790522957163226,0.7203389830508475,0.3417890520694259,1.2190476190476192,YOL154W,non_ess,non_ess
0.08670520231213873,0.029475321981156537,0.054054054054054064,0.6666666666666666,0.09337964854924398,0.0211118930330753,0.2399718508092893,0.2956635686379189,0.6257982120051087,0.1893033075299085,1.0386100386100383,YBR003W,non_ess,non_ess
0.04046242774566474,0.006828593655458553,0.10810810810810813,2.0,0.11381283203923173,0.008134805345729227,0.04590354445090064,0.24893502493556674,0.4746528898934452,0.2306798373038931,1.4924812030075187,YOL027C,non_ess,non_ess
0.03757225433526011,0.007433658916068805,0.0,0.0,0.11115651818553332,0.0077288941736028535,0.05112960760998811,0.4036673626260451,0.6198600174978128,0.2372175980975029,1.6024096385542168,YGR166W,non_ess,non_ess
0.13583815028901733,0.04650358717261648,0.10810810810810813,2.0,0.1140171638741316,0.02726218097447796,0.31206496519721577,0.6917284542183664,0.8383500557413601,0.08178654292343387,0.43788819875776397,YBR296C,non_ess,non_ess
0.008670520231213872,0.0003457515774915723,0.054054054054054064,0.4,0.022067838169186758,0.008021390374331552,0.0106951871657754,0.31016042780748665,0.5192307692307694,0.4705882352941176,1.5714285714285716,YHR193C-A,non_ess,non_ess
0.04335260115606936,0.011409802057221884,0.10810810810810813,1.3333333333333333,0.06538618716796077,0.01485148514851485,0.1306930693069307,0.5162916291629163,0.5136363636363637,0.2227722772277228,1.4610389610389611,YDR126W,non_ess,non_ess
0.04335260115606936,0.009162416803526663,0.0,0.0,0.04086636697997549,0.02307692307692308,0.16307692307692306,0.5581730769230769,2.520833333333333,0.3538461538461539,0.5837563451776651,YBL059W,non_ess,non_ess
0.011560693641618495,0.003111764197424151,0.054054054054054064,0.6666666666666666,0.033714752758479766,0.007339449541284405,0.06605504587155964,0.17201136310715784,1.0456852791878173,0.3137614678899083,0.7533039647577092,YNL109W,non_ess,non_ess
0.12427745664739885,0.025499178840003456,0.10810810810810813,1.3333333333333333,0.2282386595831631,0.012643340194060573,0.08673919435460159,0.5312048624599464,1.497601668404588,0.11026168773890033,0.11026168773890033,YPR022C,non_ess,non_ess
0.0,0.0,0.0,0.0,0.05026563138536985,0.0,0.0,0.0,0.0,1.0,1.7747747747747746,YGR120C,ess,ess
0.11560693641618495,0.02005359149451119,0.0,1.0,0.24090723334695546,0.01115137998327293,0.06467800390298299,0.2874089658743053,0.7101806239737274,0.2509060496236409,2.349869451697128,YKR096W,non_ess,non_ess
0.18208092485549127,0.12179099317140632,0.35135135135135137,2.1666666666666665,0.019615856150388238,0.1863905325443787,4.168639053254438,6.61763411413761,1.9524793388429755,0.07988165680473372,0.54,YIL100C-A,non_ess,non_ess
0.03757225433526011,0.009248854697899558,0.13513513513513514,2.5,0.07192480588475685,0.011754068716094029,0.09674502712477397,0.4116170051024522,0.6072186836518046,0.3887884267631103,1.7991631799163181,YCR102C,non_ess,non_ess
0.008670520231213872,0.001210130521220503,0.10810810810810813,4.0,0.07335512872905599,0.0026619343389529732,0.012422360248447204,0.2552935132863214,0.8842105263157894,0.7586512866015972,0.9203444564047364,YOR390W,non_ess,non_ess
0.0953757225433526,0.14590716570144352,0.2432432432432433,3.0,0.02227217000408664,0.08753315649867374,4.477453580901856,1.677718832891247,1.0150842945874003,0.2917771883289125,1.0679611650485437,YGL007W,non_ess,non_ess
0.10115606936416184,0.016250324142103898,0.0,0.0,0.4530036779730282,0.00522310102969706,0.02805551410237278,0.06879570213400985,0.2372294372294372,0.11222205640949112,2.1734104046242773,YNR016C,ess,ess
0.02890173410404624,0.005359149451119371,0.10810810810810813,1.0,0.054760931753167146,0.0117096018735363,0.07259953161592506,0.4288802532362251,0.423861852433281,0.31381733021077285,1.9420289855072463,YDR106W,non_ess,non_ess
0.0028901734104046237,8.643789437289306e-05,0.027027027027027032,1.0,0.057212913771965676,0.0011235955056179776,0.0011235955056179776,0.028477795612627074,0.05723443223443224,0.9584269662921348,2.592705167173252,YML112W,non_ess,non_ess
0.0838150289017341,0.011064050479730312,0.0,0.0,0.1855333060890887,0.010454217736121124,0.04614275414563807,0.44228677316940507,0.3720394736842105,0.4423215573179524,3.2460317460317465,YDL220C,ess,ess
0.017341040462427744,0.004062581035525975,0.0,0.0,0.10114425827543932,0.003908794788273616,0.030618892508143317,0.07212314664516903,0.17614269788182835,0.5296416938110751,3.103053435114504,YJR121W,non_ess,ess
0.011560693641618495,0.0019880715705765406,0.0,0.0,0.027380465876583573,0.008849557522123894,0.05088495575221239,0.2858079318256309,0.364021164021164,0.3650442477876106,0.9593023255813954,YOR052C,non_ess,non_ess
0.1213872832369942,0.0809923070274008,0.0,0.0,0.02451982018798529,0.1024390243902439,2.2853658536585364,4.274428353658536,1.0102796052631575,0.15121951219512195,0.8985507246376809,YDR095C,non_ess,non_ess
0.04046242774566474,0.010545423113492956,0.027027027027027032,1.0,0.04127503064977524,0.021341463414634148,0.1859756097560976,0.5926151761517616,1.2790123456790126,0.2484756097560976,1.0251572327044025,YER063W,non_ess,non_ess
0.005780346820809247,0.0006915031549831446,0.0,1.0,0.022067838169186758,0.0053475935828877,0.0213903743315508,0.12881548435947185,1.9292035398230087,1.0,1.0,YPR076W,non_ess,non_ess
0.017341040462427744,0.0025931368311867924,0.10810810810810813,0.8,0.059460563955864326,0.006500541711809318,0.03250270855904658,0.3502905545159066,0.8333333333333334,0.485373781148429,1.5719298245614035,YHL013C,non_ess,non_ess
0.02890173410404624,0.0028524505143054713,0.0,1.0,0.2082141397629751,0.0032185387833923397,0.010621177985194722,0.12504779206079367,0.32751677852349,0.2993241068554876,1.0801393728222997,YGL207W,ess,non_ess
0.03468208092485549,0.008211599965424842,0.08108108108108109,0.5,0.07907642010625256,0.00990916597853014,0.07844756399669695,0.3786311255108427,0.5197452229299363,0.28075970272502065,1.5384615384615383,YNL051W,non_ess,non_ess
0.026011560693641616,0.006223528394848302,0.0,0.0,0.10032693093583983,0.005909389363099146,0.04727511490479317,0.19110451340318024,0.3443478260869565,0.7170059093893631,3.0760563380281694,YDL017W,ess,ess
0.08092485549132948,0.021782349381969053,0.054054054054054064,0.5,0.10788720882713528,0.017135862913096694,0.15422276621787026,0.6106436148510812,1.5441176470588236,0.12423500611995104,0.4645308924485126,YPL212C,non_ess,non_ess
0.10404624277456646,0.024461924107528742,0.13513513513513514,1.25,0.14793624846751124,0.016201620162016202,0.12736273627362735,0.374793372873409,0.6307313800044732,0.11971197119711972,1.3103448275862069,YNL144C,non_ess,non_ess
0.06647398843930635,0.01486731783213761,0.08108108108108109,1.0,0.06633973573082687,0.0224609375,0.16796875,1.5456792091836735,0.7078069322967283,0.1796875,0.4279069767441861,YJR021C,non_ess,non_ess
0.05491329479768786,0.013138559944679749,0.027027027027027032,0.5,0.1103391908459338,0.011377245508982036,0.09101796407185628,0.2686882049853781,0.9389534883720928,0.20179640718562875,1.3868312757201648,YDR131C,non_ess,non_ess
0.06936416184971098,0.01037254732474717,0.054054054054054064,1.0,0.12341642827952595,0.01288936627282492,0.0644468313641246,0.4637814047313406,0.9329268292682926,0.257250268528464,0.9735772357723576,YMR100W,non_ess,non_ess
0.10404624277456646,0.02048578096637566,0.13513513513513514,2.5,0.1319983653453208,0.018108651911468814,0.11921529175050302,0.27212186160440904,0.7826086956521738,0.10412474849094568,0.8023255813953489,YAL048C,non_ess,non_ess
0.09248554913294796,0.02109084622698591,0.2702702702702703,2.5,0.1520228851655088,0.014022787028921999,0.10692375109553023,0.3504890849929987,0.6809568188878535,0.16476774758983348,1.3286219081272086,YCL045C,non_ess,non_ess
0.060693641618497114,0.020140029388884085,0.054054054054054064,4.0,0.10727421332243564,0.012923076923076924,0.1433846153846154,0.4431923076923077,1.0714285714285714,0.21046153846153845,0.21046153846153845,YBL080C,non_ess,non_ess
0.01445086705202312,0.00224738525369522,0.0,0.0,0.1060482223130364,0.0031113876789047915,0.016179215930304917,0.06828483373407025,0.3021978021978022,0.4691972619788426,0.4691972619788426,YBR103W,non_ess,ess
0.060693641618497114,0.01037254732474717,0.027027027027027032,2.0,0.17756436452799348,0.007903650733910425,0.045163718479488135,0.2649909112020436,0.7767594108019641,0.2965750846819721,1.244865718799368,YOR058C,non_ess,non_ess
0.0028901734104046237,0.00017287578874578615,0.0,1.0,0.07587522135948782,0.000859106529209622,0.001718213058419244,0.02480045091728941,0.04960090183457881,0.9235395189003436,0.9235395189003436,YIL018W,non_ess,non_ess
0.023121387283236997,0.003457515774915723,0.0,0.0,0.07662443808745402,0.006808510638297872,0.03404255319148936,0.30423726627981945,0.5925925925925926,0.38468085106382977,1.2768361581920904,YCR094W,non_ess,non_ess
0.03468208092485549,0.0087302273316622,0.08108108108108109,0.75,0.0923579893747446,0.008534850640113799,0.07183499288762446,0.4046114658109763,0.5835095137420719,0.3093883357041252,1.0069444444444444,YPL103C,non_ess,non_ess
0.06358381502890173,0.030339700924885468,0.13513513513513514,1.25,0.010216591744993873,0.11,1.755,2.696974358974359,1.3798816568047336,0.285,1.4999999999999998,YGR240C-A,non_ess,non_ess
0.017341040462427744,0.0076929725991874845,0.16216216216216214,3.0,0.003473641193297916,0.0594059405940594,0.8811881188118812,1.586274658000151,3.7099236641221367,0.3465346534653465,0.3804347826086956,YOR008W-B,non_ess,non_ess
0.03468208092485549,0.007779410493560376,0.0,0.0,0.07090314671025746,0.010999083409715857,0.08249312557286892,0.4412751536760315,0.6165137614678898,0.17323556370302476,0.7941176470588236,YCR019W,non_ess,non_ess
0.10693641618497107,0.03051257671363125,0.21621621621621626,2.0,0.2259910093992644,0.010985748218527316,0.10480997624703088,0.23451637322985985,0.635496183206107,0.10688836104513064,0.7982261640798226,YGR134W,non_ess,non_ess
0.03468208092485549,0.007433658916068805,0.10810810810810813,1.0,0.01818553330608909,0.03785488958990536,0.2712933753943217,0.9760455886842372,1.1922580645161291,0.2870662460567823,0.5,YDR278C,non_ess,non_ess
0.011560693641618495,0.002074509464949433,0.0,0.0,0.10093992644053944,0.0026109660574412533,0.015665796344647518,0.06457504030589678,0.1589667163437655,0.304177545691906,1.4935897435897438,YMR300C,non_ess,ess
0.06358381502890173,0.02005359149451119,0.054054054054054064,1.0,0.018798528810788726,0.06748466257668713,0.7116564417177914,1.4263558282208588,0.8883809523809523,0.2699386503067485,1.0731707317073171,YGR269W,non_ess,non_ess
0.0953757225433526,0.02256029043132509,0.13513513513513514,5.0,0.11667347772783,0.018718094157685758,0.14804310833806011,0.6350082857873721,0.7132352941176469,1.0,8.994897959183671,YPL274W,non_ess,non_ess
0.01445086705202312,0.003976143141153081,0.0,1.0,0.025950143032284437,0.011600928074245941,0.10672853828306264,0.4231522987858446,0.5582524271844661,0.4733178654292343,0.7285714285714285,YOL165C,non_ess,non_ess
0.0028901734104046237,8.643789437289306e-05,0.0,0.0,0.06129955046996322,0.0010526315789473684,0.0010526315789473684,0.04776942355889724,0.09426627793974733,1.0,1.0,YCL059C,ess,ess
0.031791907514450865,0.007001469444204339,0.08108108108108109,3.0,0.2740089906007356,0.0027007120058924624,0.01988706113429904,0.0887354628602713,0.3318965517241379,0.3326786152712988,2.0975232198142413,YDR301W,ess,non_ess
0.05491329479768786,0.015472383092747859,0.21621621621621626,1.6,0.1219861054352268,0.010320478001086366,0.09722976643128736,0.2266915428760362,0.626449275362319,0.24443237370994025,1.3513513513513509,YGR224W,non_ess,non_ess
0.011560693641618495,0.0007779410493560378,0.08108108108108109,0.6,0.0022476501838986514,0.04819277108433735,0.10843373493975904,1.0068917645892212,0.8559670781893005,0.5421686746987951,1.25,YJL136W-A,non_ess,non_ess
0.02890173410404624,0.0044083326130175465,0.4324324324324325,1.7777777777777777,0.04127503064977524,0.01524390243902439,0.07774390243902439,0.3487042682926829,0.3342490842490842,0.26371951219512196,1.9222222222222216,YJR074W,non_ess,non_ess
0.1184971098265896,0.035439536692886166,0.054054054054054064,1.0,0.1620351450756028,0.0168793742280774,0.16879374228077398,0.266075994874144,0.8615150361629236,0.09962947715109098,0.8929889298892989,YDL122W,non_ess,non_ess
0.01445086705202312,0.0017287578874578616,0.054054054054054064,1.0,0.12341642827952595,0.002685284640171859,0.010741138560687431,0.06480211517805504,0.1876923076923077,0.5037593984962406,2.398976982097187,YBR060C,ess,ess
0.05202312138728323,0.0087302273316622,0.027027027027027032,2.0,0.12791172864732325,0.00933609958506224,0.052385892116182574,0.1734784510757891,0.7667731629392971,0.1799792531120332,0.940379403794038,YNL095C,non_ess,non_ess
0.0028901734104046237,0.0004321894718644654,0.027027027027027032,1.0,0.005312627707396813,0.0078125,0.0390625,0.1872767857142857,0.8678571428571429,0.859375,1.0,YGR122C-A,non_ess,non_ess
0.005780346820809247,0.0015558820987120756,0.0,0.0,0.08357172047404986,0.0015661707126076742,0.014095536413469069,0.0442443226311668,0.17224880382775118,0.9130775254502741,2.480851063829787,YNL207W,ess,ess
0.13005780346820808,0.029043132509292077,0.08108108108108109,3.0,0.1646914589293012,0.018233387358184763,0.13614262560777954,0.3586472890737286,0.9008283479061208,0.10372771474878444,0.9142857142857144,YJL051W,non_ess,non_ess
0.13583815028901733,0.030858328291122825,0.0,1.0,0.13955864323661624,0.022391615054788,0.1700809909480705,1.0093356971964271,1.2182990051842508,0.1448308718437351,0.8660968660968662,YDL214C,non_ess,non_ess
0.060693641618497114,0.012447056789696605,0.027027027027027032,1.0,0.061912545974662864,0.021897810218978103,0.15015641293013554,0.4723670490093848,0.984375,0.17518248175182485,0.4341085271317829,YLR439W,non_ess,non_ess
0.1445086705202312,0.04123087561587,0.40540540540540543,2.142857142857143,0.2098487944421741,0.01596933886937081,0.1523474928137975,0.3757357302550532,0.782967032967033,0.26700734589587993,1.5684803001876175,YKL197C,non_ess,non_ess
0.0028901734104046237,0.0007779410493560378,0.08108108108108109,0.75,0.0253371475275848,0.0023696682464454982,0.02132701421800948,0.08030296319262968,0.16822429906542055,1.0,1.1988636363636365,YGL108C,non_ess,non_ess
0.01445086705202312,0.0017287578874578616,0.054054054054054064,2.0,0.07172047404985697,0.004533091568449683,0.01813236627379873,0.21660294059679136,0.4013377926421405,0.4342701722574796,1.7610294117647058,YMR097C,non_ess,non_ess
0.04335260115606936,0.0075200968104416985,0.1891891891891892,1.4,0.1240294237842256,0.008017103153393906,0.046499198289684664,0.3000797837318647,1.3345410628019323,0.2335649385355425,0.5171597633136095,YFL049W,non_ess,non_ess
0.011560693641618495,0.0008643789437289308,0.027027027027027032,0.2,0.06722517368205967,0.0038572806171648993,0.009643201542912249,0.12030481924877108,0.24390243902439024,0.6634522661523626,4.27329192546584,YLR447C,non_ess,ess
0.01445086705202312,0.0010372547324747168,0.054054054054054064,1.0,0.08193706579485084,0.0039904229848363925,0.009577015163607342,0.0969516735254384,0.3743016759776536,0.35275339185953714,1.2923976608187135,YER027C,non_ess,non_ess
0.01445086705202312,0.007433658916068805,0.0,1.0,0.11258684102983246,0.002935995302407516,0.05049911920140928,0.09250332149070682,0.4791114058355437,0.4398120963006459,1.2630691399662732,YOL156W,non_ess,non_ess
0.15606936416184972,0.0987985132682168,0.1891891891891892,0.875,0.022680833673886392,0.1409921671018277,2.9843342036553526,4.235639686684074,0.9223602484472052,0.1174934725848564,1.4516129032258065,YKL086W,non_ess,non_ess
0.060693641618497114,0.013311435733425534,0.0,0.0,0.09542296689824276,0.014472777394900068,0.10613370089593384,0.5281598897312199,1.0627272727272727,0.15299793246037216,0.9367088607594936,YPL091W,non_ess,non_ess
0.0,0.0,0.0,1.0,0.03821005312627708,0.0,0.0,0.0,1.0,1.0,1.0,YEL075W-A,non_ess,non_ess
0.026011560693641616,0.006137090500475408,0.027027027027027032,1.0,0.04290968532897426,0.013235294117647059,0.10441176470588236,0.9756170300287949,1.1407342657342658,0.2485294117647059,1.1985815602836878,YER139C,non_ess,non_ess
0.017341040462427744,0.00112369262684761,0.0,0.0,0.05292194523906825,0.007255139056831924,0.015719467956469158,0.4952640064490125,0.5568181818181819,0.3059250302297461,1.104803493449782,YAR008W,ess,ess
0.049132947976878616,0.011669115740340566,0.054054054054054064,2.0,0.04495300367797303,0.023943661971830985,0.19014084507042253,0.7827735644637053,1.613386613386613,1.0,2.2977346278317152,YOL147C,non_ess,non_ess
0.0028901734104046237,0.0004321894718644654,0.0,1.0,0.021863506334286884,0.0026954177897574125,0.013477088948787064,0.05288595594386095,0.2597701149425287,0.894878706199461,1.366255144032922,YIL115W-A,non_ess,non_ess
0.05780346820809248,0.009162416803526663,0.054054054054054064,0.2857142857142857,0.16223947691050267,0.008223684210526315,0.04358552631578947,0.4382476076555024,1.4354066985645932,0.21546052631578946,1.071574642126789,YDL148C,ess,non_ess
0.005780346820809247,0.001210130521220503,0.027027027027027032,0.3333333333333333,0.054760931753167146,0.00234192037470726,0.016393442622950817,0.04203130777764082,0.0895186684660369,0.6861826697892272,3.617283950617284,YLR079W,non_ess,ess
0.14161849710982655,0.03457515774915723,0.027027027027027032,0.3333333333333333,0.11810380057212914,0.027466367713004484,0.2242152466367713,0.4932501868460389,0.7278985507246377,0.16423766816143498,1.3080357142857142,YKL005C,non_ess,non_ess
0.13583815028901733,0.08444982280231653,0.16216216216216214,1.2,0.10277891295463834,0.030147530468248883,0.6266837716484926,0.8209775497113534,1.427625,0.16869788325849905,1.0076628352490422,YOR374W,non_ess,non_ess
0.011560693641618495,0.003457515774915723,0.054054054054054064,2.0,0.018594196975888846,0.01238390092879257,0.1238390092879257,0.450685537372844,0.2904761904761905,0.5170278637770898,1.7395833333333333,YPR094W,ess,non_ess
0.14161849710982655,0.026882185149969744,0.0,1.0,0.06926849203105845,0.045923149015932516,0.2914714151827554,1.378153701968135,1.9306,0.10121836925960637,0.5934065934065934,YMR244W,non_ess,non_ess
0.005780346820809247,0.0006915031549831446,0.08108108108108109,0.75,0.09521863506334287,0.0013812154696132596,0.0055248618784530384,0.04981123388581952,0.05741935483870968,0.7479281767955801,6.084269662921348,YGL097W,ess,ess
0.03468208092485549,0.006828593655458553,0.027027027027027032,0.5,0.17123007764609727,0.0046801872074883,0.030811232449297968,0.3972252093967254,0.4391336818521285,0.374804992199688,0.9638916750250752,YDR369C,non_ess,non_ess
