hits_count,reads_count,hits_count_pro,ratio_hits_prom,orf_len,insertion_index,NI,NI_ratio,HFI_normalized,HFI_ratio,orf,label,predictions
2.2213926029646145,0.8163061576948688,4,0.7096774193548387,0.5456880052210804,0.027835051546391758,1.2893553595826606,0.5389610389610391,251,0.0009220848564504867,YFL054C,non_ess,non_ess
0.9483869851350506,0.01871346008203488,0,1.2,1.3146001622706944,0.01148600143575018,0.4189893567214957,1.3177083333333337,274,0.0002554482527339513,YKL171W,non_ess,non_ess
0.08042860934216649,0.036115482575405804,1,14.0,-0.16596473587803034,0.014693171996542784,0.25306686700312514,1.8674944026053328,227,0.0006967738987736018,YCL008C,non_ess,non_ess
-0.2667547409749872,-0.2278151919073865,18,0.4821428571428572,-0.4849814818879766,0.013647642679900743,0.2366550569523753,3.398853398853399,259,0.0008287266351782481,YKL007W,non_ess,non_ess
1.9899370360865118,0.9265189668195511,15,0.8,1.6281636305710692,0.01596933886937081,0.3757357302550532,1.2771929824561403,533,0.00031938677738741617,YKL197C,non_ess,non_ess
-0.4403464161335641,-0.30902463020978416,2,2.333333333333333,-0.2404928645755107,0.007441860465116278,0.12358344864527072,1.5465039577836412,577,0.00033211075732537986,YBR084C-A,non_ess,non_ess
-0.7875297664507178,-0.4337391247456092,0,2.0,-0.2723036512146791,0.0019230769230769234,0.07258991008991009,2.6860465116279064,610,0.001045081967213115,YOR075W,ess,ess
-0.7296658747311922,-0.4018354168410958,2,2.0,0.18577167638934625,0.0019430051813471504,0.03554509886856297,6.457364341085273,716,0.0004649463050337222,YCR053W,non_ess,non_ess
-0.2088908492554616,-0.2423168773185289,6,0.6451612903225806,-0.7221990622543468,0.02201834862385321,0.42012951969778745,1.2252252252252251,112,0.0017857142857142859,YGL242C,non_ess,non_ess
-0.2088908492554616,-0.2220145177429296,1,1.5555555555555556,-0.8639842827032118,0.030848329048843187,1.1263808795942472,0.4243119266055047,168,0.002999143101970865,YIL141W,non_ess,non_ess
0.08042860934216649,-0.29742328188087025,12,1.1372549019607845,-0.5749605640959101,0.024045261669024046,0.5584877351192105,1.2525951557093424,114,0.0017866448298965235,YDR275W,non_ess,non_ess
-0.09316306581641036,-0.2220145177429296,0,0.0,0.837438362683168,0.006191950464396285,0.13913238091685629,2.8841698841698835,556,0.00021318637261796047,YBR102C,ess,ess
-0.5560741995726153,-0.4134367651700097,3,0.8301886792452831,-0.7958183113335652,0.01293103448275862,0.2947072975140337,3.2061403508771926,61,0.002402487280949689,YJR104C,non_ess,non_ess
0.4276119596593202,0.11732492087780345,1,0.5757575757575758,0.14487209356755826,0.015343562374916613,0.4315647051085701,1.646376811594203,174,0.0008626440615582803,YDR348C,non_ess,non_ess
-0.3824825244140385,-0.3467290122787545,3,1.125,-0.005093043445664315,0.006746626686656672,0.17627841484663076,1.294838145231846,608,0.0005622188905547227,YJL060W,non_ess,non_ess
-0.7296658747311922,-0.16690811318058832,0,1.0,-0.6240400634820557,0.004594180704441043,0.17692589386776753,0.773109243697479,475,0.0016700249858950592,YOR258W,non_ess,non_ess
0.8326592016959995,0.09702256130220403,0,0.7692307692307693,0.6329404485742282,0.014734774066797643,0.4064530754118181,1.5853658536585369,179,0.0004115858677876437,YIL067C,non_ess,non_ess
0.022564717622640867,1.1614462704800588,8,1.3333333333333333,-0.7740052004952783,0.032786885245901634,0.6694276675294795,1.1653037383177571,66,0.0036015896671634366,YOR357C,non_ess,non_ess
-0.4403464161335641,-0.3322273268676121,0,1.3076923076923077,-0.22049751297374767,0.007292616226071103,0.16325225095555662,0.8091482649842272,304,0.001967087271506021,YDR273W,non_ess,non_ess
-0.8453936581702434,-0.4453404730745231,0,1.1,-0.42681318631921145,0.0011494252873563214,0.03307238272755514,2.0903954802259888,440,0.0015726227795193313,YBR191W,non_ess,ess
-0.4403464161335641,-0.24811755148298595,3,0.5384615384615384,-0.5449675366932656,0.010810810810810813,0.17578256222324018,2.3371478873239435,181,0.0008137972226370016,YAL049C,non_ess,non_ess
-0.6139380912921409,-0.3322273268676121,3,0.4,-0.7194724233995609,0.009124087591240877,0.3458782562110761,1.2339622641509431,203,0.0018248175182481753,YPL099C,non_ess,non_ess
-0.6139380912921409,-0.3148253043742412,3,0.6190476190476191,-0.36228273342261264,0.005313496280552604,0.11439431582841578,5.7712121212121215,267,0.0005293595545419448,YKL110C,non_ess,non_ess
-0.32461863269451285,-0.24811755148298595,5,1.0,-1.0166760585712202,0.045248868778280535,2.503393665158371,0.28169014084507044,106,0.004055323145223257,YNL259C,non_ess,non_ess
0.9483869851350506,0.5001694157319637,1,0.5714285714285714,-0.013272960010021907,0.024150943396226414,0.5014004192872118,0.9310344827586208,246,0.0009848136217211233,YMR062C,non_ess,non_ess
-0.7875297664507178,-0.4105364280877813,3,0.8846153846153846,-0.5513296940210993,0.002728512960436562,0.08391608391608392,5.996774193548387,257,0.0008121838189626343,YHR041C,non_ess,non_ess
1.4691620106107812,0.39285694368950974,0,2.6666666666666665,-0.0214528765743795,0.031155015197568383,0.6725186039199246,1.4308943089430892,619,0.00023815252564436207,YLR085C,non_ess,non_ess
-0.32461863269451285,-0.31772564145646964,4,1.0,-0.092345486798812,0.008077544426494346,0.2672543838063957,0.9197969543147207,219,0.001681899661407042,YDR465C,non_ess,non_ess
-0.7296658747311922,-0.4366394618278376,3,3.0,-0.9048838655249998,0.008720930232558141,0.2347332899658481,0.0,204,0.004901960784313725,YOR068C,non_ess,non_ess
2.105664819525563,3.011861328941834,1,0.43478260869565216,-0.6540330908847002,0.08387096774193549,2.826183939601922,0.7426195426195425,138,0.0035764375876577844,YMR245W,non_ess,non_ess
0.8326592016959995,0.09992289838443252,8,0.6086956521739131,1.0528428322112513,0.012009607686148921,0.4302854047944238,1.36,494,0.000239057642875434,YCR106W,non_ess,non_ess
0.2540202845007433,-0.013190247822478482,2,0.7142857142857143,-0.4686216487592614,0.024271844660194167,0.5375807125934873,0.9318471337579616,310,0.0006185405574694645,YGL085W,non_ess,non_ess
-0.6139380912921409,-0.3119249672920127,3,6.0,-0.8776174769771412,0.013368983957219251,0.4579067990832696,0.42944785276073616,169,0.003290826820238585,YIL025C,non_ess,non_ess
-0.6139380912921409,-0.2887222706341848,0,0.8333333333333334,-0.5476941755480514,0.0067842605156038,0.2047749221805412,2.0763358778625958,503,0.0006851698492896082,YPL027W,non_ess,non_ess
-0.7296658747311922,-0.4134367651700097,0,1.125,-0.9376035317824302,0.00974025974025974,0.2775166822128148,1.5470085470085468,256,0.002054586038961039,YGR063C,non_ess,non_ess
0.4276119596593202,0.053517505068776734,2,0.9285714285714286,0.008540150828265012,0.01704966641957005,0.8642417116126888,0.7527579493835171,213,0.0010023073951492497,YMR210W,non_ess,non_ess
-0.9032575498897693,-0.45694182140343703,0,1.1428571428571428,-0.435901982501831,0.0,0.0,0.0,775,0.000978244561140285,YOR194C,ess,ess
-0.7875297664507178,-0.4482408101567516,0,0.5,0.6302138097194423,0.000983767830791933,0.019396717172435168,5.560714285714287,1036,0.00035894231664029987,YMR061W,ess,ess
0.1961563927812177,-0.07119698946704822,4,0.8260869565217391,-0.2232241518285336,0.01736745886654479,0.40306977452772697,0.8947368421052633,135,0.0011307468345859572,YPL081W,non_ess,non_ess
-0.32461863269451285,-0.08279833779596217,6,0.3333333333333333,-0.9321502540728585,0.03184713375796178,1.100300972912438,0.7654205607476635,117,0.003375251782895095,YBR174C,non_ess,non_ess
0.6590675265374226,-0.013190247822478482,0,0.9,0.8946977786336712,0.01161790017211704,0.1816507099827883,1.6032323232323231,255,0.0005247882285444298,YML006C,non_ess,non_ess
0.08042860934216649,-0.2742205852230423,3,0.4666666666666667,-0.08961884794402614,0.0136986301369863,0.6073566717402333,1.7016806722689084,391,0.0005337663916773661,YPL060W,non_ess,non_ess
-0.9032575498897693,-0.45694182140343703,0,3.0,-0.7767318393500642,0.0,0.0,0.0,485,0.002061855670103093,YOR257W,ess,ess
0.7747953099764741,-0.14370541652276042,6,0.9411764705882352,1.36367966165684,0.010211267605633805,0.2832913683216618,1.7282758620689658,284,0.0006298353501289428,YIL137C,non_ess,non_ess
0.311884176220269,0.1753316625223732,5,0.5846153846153846,-0.04871926512223816,0.016329704510108862,0.2688484684562851,1.1187916026625704,494,0.00043759956177079866,YOR274W,non_ess,non_ess
0.022564717622640867,-0.03639294448030638,6,0.8,-0.2423106238120345,0.014911463187325256,0.2733571789044053,1.1651315789473682,228,0.0016391164304049967,YML119W,non_ess,non_ess
-0.7875297664507178,-0.42793845058115215,0,1.0,-0.6540330908847002,0.0032258064516129032,0.13815668202764975,2.430555555555556,399,0.0009863368097663514,YDR167W,ess,ess
-0.6139380912921409,-0.3293269897853836,2,0.8,-0.3977290385348289,0.005543237250554324,0.1832679515606345,1.5294117647058825,349,0.0011562970539838245,YNL204C,non_ess,non_ess
0.4276119596593202,-0.12050271986493252,11,0.0,0.5375080886567228,0.011910926980838944,0.2884375831035593,1.195844555598307,925,0.00016459753383627024,YLR139C,non_ess,non_ess
0.4854758513788458,0.38415593244282426,13,0.0,-0.4140888716635441,0.027149321266968326,0.8681612505141917,0.8279569892473118,208,0.0010768360598677339,YPR199C,non_ess,non_ess
-0.7875297664507178,-0.3206259785386981,0,0.0,3.0078428910927166,0.0004302000430200043,0.08662508066250807,0.0,4554,0.00021958717610891522,YIL173W,non_ess,ess
-0.6718019830116665,-0.4018354168410958,0,2.0,-0.6131335080629122,0.006015037593984964,0.18159509202453988,2.7841614906832297,192,0.0014724310776942356,YMR077C,non_ess,non_ess
0.7747953099764741,0.5001694157319637,7,0.7592592592592593,-0.476801565323619,0.035582822085889566,0.9087182590992876,1.6890572055012958,67,0.006208222690229832,YJL210W,non_ess,non_ess
-0.8453936581702434,-0.4511411472389801,0,1.1111111111111112,-0.14142498618495758,0.0008445945945945946,0.030244693073640444,7.264705882352942,981,0.00048557732043970586,YLR459W,ess,ess
-0.7296658747311922,-0.4105364280877813,6,1.0,-0.9076105043797856,0.008797653958944279,0.17263396427619304,3.333333333333333,144,0.0025456174649723037,YJR082C,non_ess,non_ess
-0.09316306581641036,-0.2626192368941284,12,0.4375,0.12305898272927135,0.009491525423728813,0.16982255112596484,0.9815668202764976,318,0.0010212130902888818,YOL062C,non_ess,non_ess
-0.32461863269451285,-0.3322273268676121,1,1.25,1.5981706031684244,0.003227888960619755,0.08688117970847066,2.5537634408602155,1122,0.00032135044287096845,YIL128W,non_ess,non_ess
2.4528481698427167,1.880729866872724,3,1.0,0.25484652737725483,0.03580246913580247,0.7838920276208412,0.8508524548134855,235,0.0004544260572629367,YNL066W,non_ess,non_ess
0.1382925010616921,0.4015579549361952,1,0.9523809523809524,-0.4686216487592614,0.021844660194174758,0.4905504760109341,0.6052350427350428,181,0.003010513329399775,YNL155W,non_ess,non_ess
-0.7875297664507178,-0.4482408101567516,0,2.0,-0.8694375604127835,0.0052219321148825075,0.21325376103443988,1.5144230769230769,90,0.0058601682622570345,YKL076C,non_ess,non_ess
-0.32461863269451285,-0.3032239560453272,1,0.8709677419354839,-0.2504905403763922,0.009398496240601505,0.19580710734490947,0.9210000000000002,196,0.0019180604572656128,YNL160W,non_ess,non_ess
-0.15102695753593598,-0.11760238278270405,2,0.2857142857142857,-0.3050233174721095,0.012948207171314742,0.35662280455642226,0.9498327759197324,212,0.0013342854995113886,YML107C,non_ess,non_ess
-0.6718019830116665,-0.38733373142995337,0,1.5,0.1748651209702028,0.0026109660574412533,0.06457504030589678,6.290625000000001,750,0.00027154046997389044,YMR300C,non_ess,ess
-0.3824825244140385,-0.3119249672920127,0,0.6,-0.08689220908924028,0.007234726688102894,0.5127009646302251,1.991150442477876,281,0.0006980123811376457,YDR317W,non_ess,non_ess
-0.3824825244140385,-0.31772564145646964,0,1.2307692307692308,0.6929265033795171,0.004281636536631779,0.1108152470452424,1.7366255144032925,349,0.0005984203882780487,YDL074C,non_ess,non_ess
-0.2088908492554616,-0.007389573658021506,0,0.4444444444444444,-0.9457834483467876,0.04013377926421405,1.2900486652113834,0.5868473895582328,93,0.003020822095155896,YPL047W,non_ess,non_ess
-0.6718019830116665,-0.4076360910055528,4,1.4,-0.8258113387362097,0.009280742459396751,0.20595133949513766,2.152941176470588,198,0.0019100517940425128,YPR082C,ess,non_ess
0.022564717622640867,-0.10890137153601856,2,0.7333333333333333,-0.3650093722773985,0.017057569296375266,0.3092119577041904,0.9964114832535884,262,0.0006469831865753024,YOR164C,non_ess,non_ess
0.6012036348178971,0.22173705583802894,5,0.7241379310344828,-0.5531474532576232,0.03556771545827633,1.3115362302232472,0.9378068739770868,150,0.0015139078887368902,YHR049W,non_ess,non_ess
0.1961563927812177,-0.23071552898961506,1,0.5294117647058824,1.2328009966271185,0.00704747774480712,0.1468863986123983,2.36805428204658,323,0.0003812551101965072,YGL163C,non_ess,non_ess
-0.9032575498897693,-0.45694182140343703,0,0.9285714285714286,-0.6294933411916275,0.0,0.0,0.0,361,0.0010703566856619302,YFL005W,ess,ess
-0.15102695753593598,-0.2655195739763569,1,8.0,-0.12233851420145653,0.010788381742738587,0.5135626350262337,1.3206860706860708,220,0.0007619766125990192,YPR023C,non_ess,non_ess
1.0062508768545764,0.572677842787676,5,0.6875,1.1864481360957588,0.012476370510396977,0.2790803772269804,1.4916666666666667,333,0.003003003003003003,YJL198W,non_ess,non_ess
-0.2088908492554616,-0.2075128323317872,4,1.6666666666666667,-0.9294236152180726,0.03785488958990536,0.9760455886842372,0.8387445887445887,80,0.0071766561514195575,YDR278C,non_ess,non_ess
-0.15102695753593598,-0.3061242931275557,9,0.631578947368421,-0.37864256655132783,0.014084507042253518,0.37964867858838425,1.456628477905073,266,0.0011322998721071367,YML110C,non_ess,non_ess
-0.7296658747311922,-0.4482408101567516,0,0.5,-0.5722339252411243,0.004225352112676056,0.3800256081946223,0.3859649122807017,710,0.0011148581630628842,YDR162C,non_ess,non_ess
0.08042860934216649,-0.3061242931275557,1,1.5,-0.045992626267452284,0.013188518231186969,0.5523960136062541,1.3640699523052462,263,0.0006489541513892043,YNR029C,non_ess,non_ess
-0.7296658747311922,-0.4395397989100661,0,0.0,0.4311691733200741,0.0016538037486218302,0.033554667697118165,8.098958333333332,679,0.0003280003507330483,YJR046W,ess,ess
-0.6139380912921409,-0.4105364280877813,5,1.4615384615384617,-0.7985449501883509,0.010845986984815618,0.4522776572668113,0.7070707070707071,116,0.0032350961178846584,YLR315W,non_ess,non_ess
-0.4403464161335641,-0.2220145177429296,1,1.0,-0.2613970957955357,0.0076045627376425855,0.27355591437054017,1.1128048780487805,190,0.002266359815889534,YLR270W,non_ess,non_ess
-0.5560741995726153,-0.36123069768989696,0,2.0,1.2764272183036922,0.002186588921282799,0.100124947938359,2.1261682242990663,1588,0.00040367442406973584,YML065W,ess,ess
-0.7875297664507178,-0.43083878766338063,8,2.4,-0.7331056176734903,0.00375234521575985,0.06498608610247178,1.192,268,0.002156198370250063,YBR122C,non_ess,non_ess
-0.2667547409749872,-0.2278151919073865,7,0.18181818181818185,-0.9348768929276444,0.03536977491961415,2.4646867779411528,1.2999455634186174,48,0.0038853161843515533,YGR039W,non_ess,non_ess
0.9483869851350506,0.25364076374254235,2,0.8125,1.322780078835052,0.01144901610017889,0.21152709876291426,0.9924568965517242,475,0.000325393089162979,YOR219C,non_ess,non_ess
1.9899370360865118,4.459129532973849,2,1.1904761904761905,-0.2750302900694649,0.048216007714561235,0.9936794065134577,1.1163157894736842,251,0.00065696711706693,YOR091W,non_ess,non_ess
0.08042860934216649,-0.25101788856521445,5,1.818181818181818,-0.23685734610246284,0.015755329008341055,0.4451825764596848,0.6977243452125377,314,0.0004604404880669173,YLR246W,non_ess,non_ess
0.311884176220269,0.18113233668683013,6,0.4489795918367347,-0.34592290029389744,0.021897810218978103,0.8933085785498106,0.9010989010989008,142,0.00119696279868995,YOR342C,non_ess,non_ess
-0.9032575498897693,-0.45694182140343703,1,1.6666666666666667,-0.5095212315810493,0.0,0.0,0.0,683,0.0010017723664945673,YGR115C,ess,ess
0.6590675265374226,0.4218603145117946,8,0.9285714285714286,-0.14142498618495758,0.022804054054054054,0.4551729550346807,1.1222842954686532,159,0.004674485806561278,YJR080C,non_ess,non_ess
0.6012036348178971,0.2768434604003702,2,1.0769230769230769,1.0473895545016796,0.01043338683788122,0.2820714228794554,1.0110821382007822,968,0.0002143221946592733,YJL062W,non_ess,non_ess
-0.4982103078530897,-0.1640077760983598,2,0.2307692307692308,-0.5940470360794112,0.010204081632653059,0.3979021776308289,0.5411942554799697,184,0.002622322220813792,YHR181W,non_ess,non_ess
0.1382925010616921,-0.053794966973677305,1,2.0,-0.3950023996800429,0.019889502762430938,0.8115260049533244,0.957957957957958,269,0.000653124935817125,YFL044C,non_ess,non_ess
-0.4982103078530897,-0.3786327201832679,0,0.6666666666666666,-0.5213366666184548,0.009138381201044387,0.1524191728717403,2.7857142857142865,224,0.0007984427452443117,YKL002W,non_ess,non_ess
0.08042860934216649,0.1927336850157441,10,0.96,-0.7031125902708458,0.03003533568904593,0.7898821527019777,0.890602582496413,177,0.0009382923079994408,YBR106W,non_ess,non_ess
-0.9032575498897693,-0.45694182140343703,0,2.75,0.191224954098918,0.0,0.0,0.0,1550,0.0002801248699271592,YGL112C,ess,ess
-0.4982103078530897,-0.32642665270315513,8,0.9,-0.5122478704358352,0.00902061855670103,0.14932502770408676,0.8842165898617512,472,0.0014961558623099776,YMR193W,non_ess,non_ess
1.5270259023303068,0.6248839102677887,4,0.53125,4.69290570335038,0.006458557588805167,0.14234237413753553,1.767277707543194,576,0.0001535082098860355,YER155C,non_ess,non_ess
-0.7296658747311922,-0.42793845058115215,3,0.8518518518518519,-1.0493957248286507,0.016216216216216217,0.4915997078159241,0.39572192513368987,66,0.013595413595413596,YOR045W,non_ess,non_ess
-0.15102695753593598,-0.07119698946704822,3,2.0,-0.4931613984523342,0.01631116687578419,0.4540912349883491,0.8856937455068298,202,0.0013416649067667119,YLR102C,non_ess,non_ess
-0.7296658747311922,-0.36123069768989696,0,5.5,0.4366224510296458,0.0016483516483516484,0.08474566670442958,15.932367149758456,1596,6.644358148117548e-05,YFL002C,ess,ess
0.4854758513788458,0.08542121297329007,0,0.3809523809523809,-0.05144590397702402,0.018706157443491817,0.7607170693686672,1.0657894736842104,557,0.00034283427391199094,YDL155W,non_ess,non_ess
-0.5560741995726153,-0.3525296864432115,3,1.0,-0.9048838655249998,0.017441860465116282,0.3789867109634552,1.9649122807017545,98,0.005665638348362601,YBL065W,non_ess,non_ess
-0.2667547409749872,-0.26841991105858537,17,1.4545454545454546,-0.4604417321949038,0.013205282112845138,0.3046481750594975,0.896853146853147,198,0.002061430632859204,YKL023W,non_ess,non_ess
2.4528481698427167,1.3383668324959963,6,0.5686274509803921,0.5102417001088642,0.030510257759074167,1.307603841115615,1.3064039408866996,157,0.0007237223452624666,YCL025C,non_ess,non_ess
0.08042860934216649,-0.15820710193390286,0,2.5,-0.4004556773896147,0.01890989988876529,0.5650015752891779,1.121136590229312,191,0.0011822327309576085,YLR018C,non_ess,non_ess
1.1798425520131532,1.7531150352546705,0,0.8461538461538461,0.4093560624817872,0.02011173184357542,0.3831412205643165,1.332921810699588,313,0.00040873150445321007,YBR132C,non_ess,non_ess
-0.4982103078530897,-0.36413103477212544,0,1.3846153846153846,0.7065596976534465,0.0033065658951346244,0.0891655708613668,3.8581856100104273,448,0.0003226432282880087,YBL035C,ess,ess
-0.6139380912921409,-0.3902340685121817,0,1.3,-0.4495351767757603,0.005917159763313609,0.2810191004690805,2.9082191780821924,303,0.0007030288827699338,YNL032W,non_ess,non_ess
0.08042860934216649,-0.15530676485167436,4,0.5675675675675675,-0.5695072863863384,0.02384291725105189,0.5542579658460606,0.5444596443228454,147,0.0021180982912098927,YDR533C,non_ess,non_ess
-0.2088908492554616,-0.3119249672920127,5,0.9047619047619048,-0.5395142589836939,0.0160857908847185,0.4020512500779351,0.8091397849462364,146,0.002515700172610085,YML113W,non_ess,non_ess
-0.8453936581702434,-0.4424401359922946,1,3.0,-0.7221990622543468,0.0018348623853211008,0.057080900750625524,9.263157894736842,279,0.000933872611883858,YPL211W,ess,ess
-0.6718019830116665,-0.3409283381142976,2,1.6363636363636365,-0.9239703375085008,0.01238390092879257,0.450685537372844,3.4426229508196715,177,0.0016791730072939074,YPR094W,ess,non_ess
0.4276119596593202,0.7437977306391567,2,1.5,-0.023270635810903408,0.01750380517503805,0.5520229900724687,1.0547226386806596,322,0.0009595658791608762,YER044C-A,non_ess,non_ess
-0.2088908492554616,-0.2278151919073865,0,5.0,0.3602765630956416,0.0069124423963133645,0.2508407024536057,1.35036496350365,629,0.0003223608536701516,YOR260W,ess,ess
-0.3824825244140385,-0.31772564145646964,3,1.3157894736842106,-0.032359431993522966,0.006901840490797546,0.12666693574426865,2.2222222222222228,303,0.0006732268318856425,YCL037C,non_ess,non_ess
-0.6718019830116665,-0.4018354168410958,4,1.125,-0.6949326737064881,0.006956521739130435,0.21866946045049768,1.1066666666666665,160,0.002597826086956522,YMR138W,non_ess,non_ess
-0.6139380912921409,-0.3786327201832679,4,1.2142857142857142,-0.9321502540728585,0.01592356687898089,0.4315362813519032,1.3737089201877937,106,0.002313423867323639,YJL144W,non_ess,non_ess
17.786779475517005,33.09705788289793,6,0.34375,0.5893142268976543,0.1624748490945674,3.928189389501567,0.7118432604777968,82,0.0008649457721941405,YKL198C,non_ess,non_ess
0.7169314182569483,0.1521289658645453,4,0.7878787878787878,1.1537284698383283,0.010732081257186662,0.29576473365813283,1.2703454332552693,455,0.00039087014939832116,YDR089W,non_ess,non_ess
-0.2088908492554616,0.04191615673986278,1,0.8421052631578947,-0.5476941755480514,0.016282225237449117,0.4472111188529099,1.7441077441077442,349,0.0009019761831633703,YOL028C,non_ess,non_ess
-0.035299174096884746,-0.05959564113813427,2,0.8421052631578947,-0.435901982501831,0.017441860465116282,0.4561276009791922,1.63921568627451,205,0.0010777084515031198,YDL201W,non_ess,non_ess
-0.035299174096884746,0.2681424491536848,5,1.0,-0.2804835677790367,0.014548981571290009,0.4295721521715702,1.1764705882352942,133,0.0015241790217541914,YLR375W,non_ess,non_ess
-0.2667547409749872,-0.25101788856521445,0,1.3333333333333333,-0.2177708741189618,0.01,0.25120000000000003,2.5,164,0.0007039911308203992,YKL043W,non_ess,non_ess
-0.4403464161335641,-0.38733373142995337,1,1.0,-0.25321717923117804,0.007540056550424128,0.14915330408024416,4.778481012658228,110,0.00232199468768743,YBL016W,non_ess,non_ess
-0.7875297664507178,-0.4424401359922946,2,1.75,-0.8830707546867129,0.005434782608695652,0.15343502282008165,3.712820512820514,247,0.0028934166519978878,YGR064W,non_ess,non_ess
0.2540202845007433,-0.27132024814081385,0,0.2727272727272727,1.2055346080792595,0.007501875468867218,0.2558496767048905,1.263888888888889,808,0.0002483603574160867,YGL014W,non_ess,non_ess
-0.7296658747311922,-0.4221377764166952,0,5.0,-0.2913901231981801,0.002944062806673209,0.1488746082497072,3.6503623188405774,376,0.0006029064790261624,YDL209C,ess,ess
0.1961563927812177,-0.16110743901613134,1,1.3333333333333333,-0.1386983473301717,0.016006739679865205,0.3878124122437517,1.0132450331125828,142,0.0015188010963845414,YGR010W,non_ess,non_ess
-0.9032575498897693,-0.45694182140343703,0,1.3333333333333333,-0.6494886927933904,0.0,0.0,0.0,305,0.001537049180327869,YLR185W,non_ess,non_ess
-0.7875297664507178,-0.4424401359922946,1,1.3529411764705883,0.2893839528712091,0.0012062726176115801,0.02057667613525818,9.43478260869565,709,0.00025435508650625,YPR144C,ess,ess
0.7169314182569483,0.07381986464437612,4,14.0,0.919237528326744,0.011909825606125057,0.2424866105935246,1.6717123935666982,220,0.0005355554696260779,YPL176C,non_ess,non_ess
2.27925649468414,2.7044255982256145,6,0.0,0.2375778146302777,0.034353529044347283,0.982306850297772,0.918181818181818,307,0.0032573289902280127,YDR488C,non_ess,non_ess
-0.09316306581641036,-0.14080507944053192,0,2.2,0.938324000310245,0.005902192242833052,0.2561313761218692,0.9490445859872612,562,0.00042233531173297014,YDL239C,non_ess,non_ess
-0.2088908492554616,-0.2887222706341848,8,0.5277777777777778,-0.7303789788187044,0.022388059701492536,0.6998600746268656,1.1751412429378532,94,0.002361860908224833,YDR059C,non_ess,non_ess
-0.6139380912921409,-0.3960347426766388,0,1.3333333333333333,1.607259399351044,0.0016087516087516086,0.038916128517898434,5.7948717948717965,781,0.00019156709297554368,YPL075W,ess,ess
-0.6718019830116665,-0.4366394618278376,7,0.6666666666666666,-0.4849814818879766,0.0049627791563275426,0.2625048974794306,1.5981308411214952,279,0.0012673763974492382,YOR115C,non_ess,non_ess
-0.5560741995726153,-0.4105364280877813,2,0.7368421052631579,-0.6858438775238687,0.010256410256410256,0.44194608809993424,0.2765957446808511,342,0.002809016844104564,YKR057W,non_ess,non_ess
-0.035299174096884746,-0.11760238278270405,2,0.7368421052631579,-0.3813692054061137,0.016304347826086956,0.5116163292399601,2.4104,240,0.0006567028985507247,YER186C,non_ess,non_ess
0.022564717622640867,-0.2104131694140156,2,0.8,0.033079900521337795,0.011627906976744186,0.25703794369645044,1.4410112359550562,486,0.0006893602258589339,YDR254W,non_ess,non_ess
0.4854758513788458,0.03321514549317731,5,0.5846153846153846,-0.2095909575546042,0.02164111812443643,0.4660176368999404,1.5559071729957807,730,0.00025939696382029973,YPL018W,non_ess,non_ess
-0.3824825244140385,-0.29162260771641324,3,0.8095238095238095,-0.5640540086767667,0.012517385257301807,0.5492002781641168,3.9891598915989173,142,0.0010186291602186136,YGR036C,non_ess,non_ess
-0.2667547409749872,0.11442458379557495,5,0.6428571428571429,-0.5667806475315526,0.015363128491620113,0.3347717614477391,1.3827272727272728,272,0.001499342753861321,YDR383C,non_ess,non_ess
-0.4403464161335641,-0.3467290122787545,0,1.25,-0.6812994794325589,0.013559322033898305,0.4032611027676464,0.5163398692810457,292,0.001236359414905967,YDR121W,non_ess,non_ess
0.5433397430983714,-0.03929328156253487,1,0.4545454545454545,1.300966967996765,0.009022013713460843,0.5015627962737554,0.5650704225352113,386,0.001079836874512671,YCR037C,non_ess,non_ess
-0.4403464161335641,-0.2945229447986418,2,0.8571428571428571,-0.08689220908924028,0.006430868167202572,0.22096852772093928,3.2565789473684217,618,0.0006555739393750195,YGR159C,non_ess,non_ess
-0.7296658747311922,-0.3525296864432115,0,1.0,-0.8176314221718521,0.006818181818181818,0.12421875,1.9277108433734944,214,0.001858538657604078,YOR224C,ess,non_ess
0.022564717622640867,-0.08279833779596217,6,1.0769230769230769,0.12033234387448548,0.010869565217391304,0.27990701181201305,1.4593558282208592,191,0.0008251764170270888,YBR263W,non_ess,non_ess
1.816345360927935,0.6161828990211032,7,0.5849056603773585,-0.6022269526437688,0.06942392909896603,0.9064815976284404,0.757424930263086,72,0.0019694731659281144,YEL001C,non_ess,non_ess
0.4854758513788458,-0.1002003602893331,2,1.5,0.9655903888581036,0.009991673605328892,0.4461736431761411,1.1916666666666669,553,0.0003711494188839017,YOR017W,non_ess,non_ess
0.6012036348178971,0.08542121297329007,7,0.6666666666666666,0.16941184326063105,0.017038007863695942,0.4850394579069184,1.4355203619909502,186,0.0006658774785439479,YBR139W,non_ess,non_ess
0.1961563927812177,-0.04219361864476336,3,0.8333333333333334,-0.7221990622543468,0.03486238532110092,1.11456337071016,0.5075187969924811,200,0.0019541284403669728,YDL192W,non_ess,non_ess
-0.8453936581702434,-0.4540414843212086,0,1.0,0.005813511973479146,0.0007429420505200594,0.01946428286120564,7.957219251336899,604,0.0008450350806411932,YBR243C,ess,ess
-0.7875297664507178,-0.38733373142995337,0,1.6666666666666667,-0.8094515056074946,0.004454342984409799,0.10157593527106652,0.558303886925795,418,0.0022271714922049,YJL104W,ess,ess
0.022564717622640867,0.07962053880883313,8,2.25,-0.3731892888417561,0.017222820236813777,0.4923094528822118,1.2682584269662922,184,0.001380633687461974,YGL043W,non_ess,non_ess
-0.7296658747311922,-0.42793845058115215,0,0.7142857142857143,0.43389581217486,0.001651073197578426,0.05007998189477366,3.923333333333333,1080,0.00019262520638414969,YGR103W,ess,ess
-0.6139380912921409,-0.4192374393344667,0,3.1666666666666665,0.013993428537836741,0.003690036900369004,0.1065664873516205,3.8805194805194807,452,0.00032165365901446624,YOL069W,ess,ess
-0.9032575498897693,-0.45694182140343703,0,0.0,-0.9321502540728585,0.0,0.0,0.0,314,0.0031847133757961785,YNL296W,non_ess,non_ess
-0.3824825244140385,-0.15240642776944588,0,2.333333333333333,1.2764272183036922,0.0032798833819241984,0.1657512494793836,1.7499999999999998,657,0.0003932753792971853,YOR113W,non_ess,non_ess
0.9483869851350506,1.0831371692598897,10,0.9,0.5347814498019371,0.016597510373443983,0.2916979775868265,1.8676470588235288,130,0.0011769869135014365,YNR019W,non_ess,non_ess
1.7584814692084092,0.8366085172704683,1,1.0,1.6690632133928571,0.014483627204030227,0.26733726633965266,1.1394302848575713,522,0.00014536707297065153,YJL098W,non_ess,non_ess
-0.7875297664507178,-0.4482408101567516,3,2.5,-0.9457834483467876,0.006688963210702341,0.2150081108685639,0.503012048192771,244,0.0036597401173309937,YPL046C,non_ess,non_ess
-0.09316306581641036,-0.10600103445379007,0,0.6666666666666666,1.1319153590000417,0.005415860735009671,0.27437706223688696,1.2952380952380955,376,0.00038478949751018563,YPL008W,non_ess,non_ess
-0.8453936581702434,-0.4511411472389801,1,0.5,-0.8694375604127835,0.0026109660574412533,0.06229019022752705,2.423076923076924,228,0.0043859649122807015,YJR037W,non_ess,non_ess
-0.3824825244140385,-0.29162260771641324,0,3.0,2.855151115224708,0.002008480249944209,0.060280157245120425,2.5073375262054505,1840,9.290434006384445e-05,YDR180W,ess,ess
-0.6139380912921409,-0.4250381134989237,0,2.5,-0.6876616367603926,0.008576329331046312,0.3212692967409949,1.5517241379310345,241,0.0010106545767706028,YDL064W,ess,non_ess
-0.7296658747311922,-0.4163371022522382,2,5.0,-0.457715093340118,0.003588516746411484,0.1378184404500194,1.561181434599156,427,0.000882422150756922,YGL019W,non_ess,non_ess
-0.4403464161335641,-0.3728320460188109,0,2.0,-0.13324506962059998,0.006705783738474434,0.2179643722237989,0.9921875,311,0.0015416833996814215,YGL025C,non_ess,non_ess
-0.6718019830116665,-0.38733373142995337,0,0.7727272727272727,-0.5640540086767667,0.005563282336578581,0.12947275256037424,3.2153846153846155,266,0.0016627103223984855,YGR033C,non_ess,non_ess
-0.09316306581641036,-0.0973000232071046,2,0.9230769230769232,0.0794327610526975,0.009810791871058164,0.1880976422307349,1.8476977567886657,422,0.0006492924207149193,YMR153W,non_ess,non_ess
0.7169314182569483,-0.021891259069163945,1,1.3636363636363635,4.052145572475704,0.004829251466022765,0.6128250121231209,1.3063683304647158,1569,8.77206289239317e-05,YLR422W,non_ess,non_ess
-0.4403464161335641,-0.27132024814081385,9,0.5,-0.9157904209441432,0.024096385542168683,0.6465297810962158,0.3929889298892989,72,0.007613788487282464,YEL068C,non_ess,non_ess
0.8326592016959995,0.07672020172660463,8,1.0384615384615383,-0.8558043661388542,0.07537688442211055,1.897940790911077,1.3318095238095238,51,0.0014779781259237365,YOR268C,non_ess,non_ess
-0.6139380912921409,-0.4047357539233243,2,0.5652173913043478,-0.6040447118802927,0.007407407407407408,0.2569393569393569,2.1570370370370373,321,0.0007061266874350986,YPR028W,non_ess,non_ess
-0.4403464161335641,-0.3699317089365824,0,0.6666666666666666,-0.6294933411916275,0.012364760432766615,0.4154227565532193,1.647108843537415,225,0.0009617035892151813,YKL119C,non_ess,non_ess
-0.6139380912921409,-0.3728320460188109,0,0.5,-0.005093043445664315,0.0037481259370314842,0.10501351436957578,0.9349794238683128,511,0.0006117293603687393,YOR047C,non_ess,non_ess
2.27925649468414,0.6306845844322457,11,0.8095238095238095,1.9962598759671608,0.015554298642533937,0.3813538848086587,1.2963539134662128,216,0.0005525180157533099,YGL062W,non_ess,non_ess
-0.5560741995726153,-0.3322273268676121,1,1.03125,-0.4222687882279017,0.006857142857142857,0.1972881355932203,5.098765432098767,314,0.000535031847133758,YOR344C,non_ess,non_ess
-0.32461863269451285,0.3522522245383109,0,1.375,-0.7876383947692076,0.0211416490486258,0.720548989706443,1.0764705882352943,318,0.001156807212094619,YPR168W,ess,non_ess
-0.4403464161335641,-0.2655195739763569,0,0.7,-0.7767318393500642,0.016494845360824743,0.3929654335961189,1.3709677419354838,113,0.00244503238755588,YPR073C,non_ess,non_ess
2.27925649468414,0.906216607243952,5,0.5454545454545454,-0.07871229252488267,0.04389465283320032,0.7186292720479699,1.3498873027798646,115,0.00110343870363302,YGL004C,non_ess,non_ess
0.311884176220269,0.0013114375886639548,4,2.25,-0.4195421493731158,0.023917995444191344,0.5368400338704099,1.1836268754076973,192,0.0019279138192862567,YJR088C,non_ess,non_ess
-0.2667547409749872,-0.236516203154072,1,0.5555555555555556,-0.9294236152180726,0.03470031545741325,1.043410114477313,1.0978135788262369,65,0.004756127153603493,YJL182C,non_ess,non_ess
-0.8453936581702434,-0.4424401359922946,0,0.9333333333333332,-0.5249721850915026,0.0013123359580052493,0.02145596112753564,13.755681818181818,525,0.0004349456317960255,YER056C-A,non_ess,ess
0.9483869851350506,0.12312559504226042,2,0.5384615384615384,1.5381845483631351,0.010554089709762531,0.4325814962975572,1.1832061068702289,465,0.002150537634408602,YBL106C,non_ess,non_ess
-0.15102695753593598,0.2768434604003702,3,1.5,-0.9266969763632869,0.040625,1.0217509920634922,0.6555183946488293,111,0.003547297297297297,YDL023C,non_ess,non_ess
-0.2088908492554616,-0.11180170861824704,11,0.9166666666666666,-0.9021572266702141,0.0345821325648415,1.1510389807371455,0.384304207119741,139,0.0023842597391827173,YPR166C,non_ess,non_ess
-0.15102695753593598,-0.22491485482515805,6,0.8214285714285714,0.3875429516435003,0.007361268403171008,0.17512548411000656,1.9624470018170808,227,0.0012522388134164164,YGL252C,non_ess,non_ess
-0.7875297664507178,-0.4424401359922946,1,0.6363636363636364,-0.335016344874754,0.0020597322348094747,0.05890985087689515,0.6791044776119404,971,0.0005472820974056071,YHR010W,non_ess,non_ess
-0.5560741995726153,-0.3844333943477248,0,3.333333333333333,-0.005093043445664315,0.004497751124437782,0.2190840063839048,1.6074074074074074,436,0.0004006024510680439,YHR190W,ess,ess
-0.15102695753593598,-0.06829665238481973,0,0.6521739130434783,-0.1087053199275272,0.01065573770491803,0.2374649379791809,1.2208222811671086,523,0.00033539165595712004,YGR179C,ess,non_ess
0.08042860934216649,-0.09439968612487612,4,2.5,-0.5040679538714776,0.021656050955414008,0.7158990690837824,0.8342245989304813,150,0.0012144373673036093,YDR428C,non_ess,non_ess
-0.2088908492554616,-0.1959114840028732,0,0.9375,-0.22595079068331936,0.010999083409715857,0.4412751536760315,1.6220238095238098,274,0.0007961623635986539,YCR019W,non_ess,non_ess
-0.3824825244140385,-0.3670313718543539,6,1.25,-0.3650093722773985,0.009594882729211088,0.461828028001585,1.3101449275362318,160,0.002751865671641791,YCL049C,non_ess,non_ess
2.4528481698427167,0.8424091914349252,5,0.8148148148148148,1.243707552046262,0.02141802067946824,0.4025809050624413,0.8722348731294729,225,0.0007959954045626129,YIL047C,non_ess,non_ess
-0.5560741995726153,-0.33802800103206904,1,2.5,-0.6867527571421306,0.010273972602739724,0.2803326810176125,1.292194092827004,249,0.004016064257028112,YGL068W,ess,non_ess
-0.32461863269451285,-0.11470204570047556,2,1.0666666666666669,-0.3513761780034692,0.01049317943336831,0.4643496878544097,0.8608695652173914,294,0.0008066185550820537,YPL087W,non_ess,non_ess
1.35343422717173,0.3000461570581981,0,0.75,0.9546838334389602,0.016317991631799162,0.5108151051321435,1.3068651778329194,258,0.0004573319061983068,YER169W,non_ess,non_ess
-0.5560741995726153,-0.1466057536049889,4,0.5238095238095238,-0.5722339252411243,0.008450704225352112,0.44504481434058896,1.097804391217565,326,0.0014689363172902445,YIR042C,non_ess,non_ess
-0.8453936581702434,-0.4424401359922946,0,1.0,-0.6131335080629122,0.001503759398496241,0.031871044517769245,9.973094170403588,364,0.0009956209204329506,YJL140W,non_ess,ess
0.7169314182569483,-0.0044892365757930215,7,2.0,-0.2777569289242508,0.02707930367504836,0.5851943027958502,1.2355072463768115,164,0.001397603434448271,YHR034C,non_ess,non_ess
-0.32461863269451285,-0.30902463020978416,16,1.2307692307692308,-0.6213134246272698,0.01524390243902439,0.3487042682926829,2.9917808219178084,150,0.0009146341463414637,YJR074W,non_ess,non_ess
1.0062508768545764,0.4044582920184237,7,0.6274509803921569,-0.8585310049936401,0.08354430379746837,1.1998335356337786,1.2886142983230358,60,0.002616033755274261,YBL002W,non_ess,non_ess
-0.5560741995726153,-0.3467290122787545,1,0.9166666666666666,-0.5177011481454069,0.007792207792207792,0.11824420121363352,1.757675438596491,427,0.000772529578150187,YHL033C,non_ess,non_ess
-0.4982103078530897,-0.4018354168410958,2,1.5,-0.14415162503974344,0.0059271803556308214,0.19623580949869948,2.0139146567718,276,0.0009847954938703382,YNR048W,non_ess,non_ess
-0.9032575498897693,-0.45694182140343703,0,6.5,-0.00781968230045018,0.0,0.0,0.0,1066,0.0002551369211316802,YPR085C,ess,ess
0.9483869851350506,0.1869330108512872,3,0.6428571428571429,1.221894441207975,0.011922503725782414,0.2177003324544308,1.0963855421686748,475,0.00044630951447172335,YPL249C,non_ess,non_ess
0.6590675265374226,0.062218516315462186,6,0.7058823529411765,0.09306595532662684,0.01872399445214979,0.7859492201873814,1.4619341563786008,226,0.0006934812760055479,YNR058W,non_ess,non_ess
-0.32461863269451285,-0.08279833779596217,1,0.6521739130434783,-0.5749605640959101,0.014144271570014143,0.4385527838498136,1.7667953667953669,171,0.0013399836224223926,YAR027W,non_ess,non_ess
-0.035299174096884746,-0.3409283381142976,8,0.8333333333333334,0.8837912232145277,0.006487889273356401,0.3216291338136026,1.4022988505747127,643,0.00020919995479666567,YPR091C,non_ess,non_ess
-0.4982103078530897,-0.349629349360983,0,1.9090909090909087,0.5102417001088642,0.003682272488164124,0.06962083448143416,2.4364640883977904,911,0.0003464581296688842,YOR181W,ess,ess
1.0062508768545764,0.3493518874560824,16,0.7118644067796609,-0.5422408978384797,0.04441453566621804,0.7869749931747317,0.8665862161437381,215,0.00125199536761714,YJR113C,non_ess,non_ess
-0.8453936581702434,-0.4540414843212086,0,1.2857142857142858,-0.1168852364918848,0.0008257638315441782,0.04887658338865412,11.273684210526314,1211,0.00030889431518539454,YML048W,non_ess,ess
-0.4982103078530897,-0.19881182108510168,0,0.9285714285714286,0.1666852044058452,0.004596191726854893,0.10184506392807588,2.1384083044982702,1095,0.0001714952164227657,YGR155W,non_ess,ess
-0.035299174096884746,0.053517505068776734,1,0.8620689655172413,-0.03781270970309469,0.011556240369799691,0.288605847157465,1.068649318463445,198,0.0012567897775910102,YGR149W,non_ess,non_ess
-0.7296658747311922,-0.4337391247456092,0,0.6,-0.9457834483467876,0.010033444816053512,0.2326803631151457,0.0,152,0.006578947368421052,YIL008W,non_ess,non_ess
-0.9032575498897693,-0.45694182140343703,1,1.2,-0.7140191456899893,0.0,0.0,0.0,554,0.0006483858775691067,YKR007W,non_ess,ess
-0.4982103078530897,-0.3931344055944103,3,0.9,0.013993428537836741,0.005166051660516605,0.16119311193111932,2.9538461538461536,516,0.000943962928001373,YML097C,non_ess,non_ess
-0.5560741995726153,-0.3525296864432115,0,0.6206896551724138,0.14487209356755826,0.0040026684456304215,0.10135197165082532,4.518134715025907,289,0.00046628548213226346,YKL035W,ess,ess
0.022564717622640867,-0.2597188998118999,5,0.8,-0.4222687882279017,0.018285714285714287,0.7123361344537815,0.6710526315789473,191,0.0010770381451009725,YKR055W,non_ess,non_ess
-0.09316306581641036,0.01581312299980639,1,0.631578947368421,-0.4195421493731158,0.015945330296127564,0.38179657323957616,0.5439189189189189,202,0.00296578632806333,YGR066C,non_ess,non_ess
0.2540202845007433,-0.0798980007137337,1,0.5294117647058824,0.8265318072640245,0.008892841262783458,0.241094807568796,1.5769565217391306,229,0.0011184009972408893,YOR081C,non_ess,non_ess
0.3697480679397946,-0.17560912442727378,2,0.6666666666666666,0.1339655381484148,0.014794889038332213,0.3498906229467647,1.0175438596491229,209,0.004784688995215311,YDR132C,non_ess,non_ess
-0.6718019830116665,-0.4395397989100661,0,1.2727272727272727,-0.4031823162444006,0.004464285714285714,0.12921085464753587,3.461627906976744,370,0.0008506274131274131,YBR160W,ess,ess
-0.7296658747311922,-0.33512766394984056,6,1.4,-0.9021572266702141,0.008645533141210375,0.3225112173056579,2.078947368421053,243,0.0014231330273597324,YPR020W,non_ess,non_ess
-0.09316306581641036,-0.016090584904706967,1,3.0,-0.5885937583698394,0.02023121387283237,0.4665231828803345,0.8548280423280423,170,0.002329139748384903,YOR283W,non_ess,non_ess
-0.15102695753593598,-0.2626192368941284,3,0.8275862068965517,1.5136447986700623,0.004326123128119801,0.10072256116349296,4.244806288601908,455,0.00029986652282825327,YOL021C,ess,ess
0.7747953099764741,0.2768434604003702,1,0.5454545454545454,1.240980913191476,0.010720887245841035,0.4631678549423466,1.133433283358321,683,0.00029607337423512124,YDL154W,non_ess,non_ess
-0.4403464161335641,-0.2655195739763569,0,8.0,0.8128986129900952,0.003581020590868397,0.07644443129101712,1.9182926829268288,715,0.00039003073918024683,YJR042W,ess,ess
-0.4982103078530897,-0.349629349360983,2,0.6818181818181818,-0.2068643186998184,0.006294964028776978,0.4300151342340761,2.362545018007203,328,0.0007621951219512195,YDR035W,non_ess,non_ess
-0.4403464161335641,-0.10890137153601856,0,1.0,-0.5122478704358352,0.010309278350515464,0.2603561387066541,1.5027322404371586,504,0.0008539927998690885,YOR039W,non_ess,non_ess
0.8326592016959995,0.030314808410948836,1,1.2857142857142858,0.4420757287392176,0.01642935377875137,0.3958914169072987,1.829390681003584,196,0.005102040816326529,YPL265W,non_ess,non_ess
0.2540202845007433,-0.016090584904706967,0,2.0,0.1884983152441321,0.012928248222365869,0.2746424013392339,1.882758620689656,209,0.0006154835876198108,YDR256C,non_ess,non_ess
-0.7875297664507178,-0.4482408101567516,0,0.0,-0.9185170597989292,0.0060790273556231,0.16122766698791607,2.0500000000000003,157,0.0017036764563529707,YJL179W,non_ess,non_ess
0.022564717622640867,0.13182660628894588,0,1.4,0.5429613663662946,0.008260196179659271,0.17242394692059124,1.4327830188679245,307,0.0005835277024311412,YJL073W,non_ess,non_ess
0.8326592016959995,1.6429022261299877,27,0.7173913043478259,-1.000316225442505,0.12552301255230125,2.487488719337107,0.52,49,0.0040133208094953465,YDR525W-A,non_ess,non_ess
-0.2088908492554616,-0.1640077760983598,3,0.8,0.06034628906919645,0.008534850640113799,0.4046114658109763,1.7137681159420284,288,0.0010668563300142249,YPL103C,non_ess,non_ess
0.8905230934155252,0.4218603145117946,1,0.4705882352941176,2.2661971225909614,0.008087659796504044,0.15195637927026334,1.7533955857385402,588,0.0002524620596999561,YMR012W,non_ess,non_ess
-0.6139380912921409,-0.3757323831010394,8,1.0,-1.0548490025382224,0.027932960893854747,0.9869646182495344,0.18333333333333326,149,0.0054366165498106545,YDL067C,non_ess,non_ess
-0.15102695753593598,-0.31772564145646964,2,0.875,-0.6431265354655568,0.02056962025316456,0.6668887408394404,1.2255136168179648,219,0.0010548523206751056,YNR049C,non_ess,non_ess
-0.7875297664507178,-0.42793845058115215,0,5.0,-0.7003859514160601,0.0035149384885764497,0.0824748274087524,3.6491935483870965,358,0.0012027373319849586,YPL010W,ess,ess
0.022564717622640867,-0.15530676485167436,1,0.6285714285714286,-0.8639842827032118,0.04113110539845758,1.0985911447487469,0.8701388888888891,77,0.002737622274897339,YGL191W,non_ess,non_ess
-0.6718019830116665,-0.3989350797588673,1,0.7586206896551724,-0.7849117559144217,0.008403361344537815,0.33488832795475604,5.603693181818182,267,0.000991407799074686,YGR030C,ess,non_ess
0.4854758513788458,-0.016090584904706967,4,1.875,0.452982284158361,0.013057671381936888,0.4043041953814533,0.9811046511627908,312,0.0004394408638151837,YDR244W,non_ess,non_ess
-0.8453936581702434,-0.4511411472389801,0,0.75,0.22394462035634835,0.0006305170239596469,0.024057401487824655,7.914110429447852,1034,0.00037318802578656087,YKL139W,non_ess,ess
-0.7875297664507178,-0.4482408101567516,0,1.3333333333333333,0.251211008904207,0.0012376237623762374,0.05933632425742575,2.380952380952381,755,0.0008556815946495313,YDL207W,ess,ess
-0.15102695753593598,-0.27132024814081385,5,0.8,-0.5449675366932656,0.01756756756756757,0.6426195426195427,0.5481927710843373,186,0.003661726242371404,YHR043C,non_ess,non_ess
-0.4982103078530897,-0.25101788856521445,2,1.1666666666666667,-0.8421711718649251,0.01694915254237288,0.4774378164208673,0.5116279069767442,152,0.006578947368421052,YPL197C,non_ess,non_ess
-0.9032575498897693,-0.45694182140343703,1,0.9,-1.1175616961982973,0.0,0.0,0.0,110,0.0070247933884297524,YDL232W,non_ess,non_ess
-0.6139380912921409,-0.3119249672920127,4,1.0,-0.7794584782048499,0.010373443983402493,0.24923209570512475,0.0,482,0.002074688796680498,YDL004W,ess,non_ess
0.3697480679397946,0.036115482575405804,8,1.1176470588235294,0.7229195307821616,0.010304449648711944,0.2491673172001041,1.2164119066773935,510,0.0004582816733250677,YOL057W,non_ess,non_ess
-0.9032575498897693,-0.45694182140343703,4,1.1,-0.6949326737064881,0.0,0.0,0.0,575,0.0017391304347826088,YDR413C,ess,non_ess
-0.15102695753593598,-0.06249597822036276,2,0.7586206896551724,0.5020617835445066,0.006871035940803382,0.17984382459251175,1.2463146609488072,400,0.0003845137420718817,YKL062W,non_ess,non_ess
1.7584814692084092,1.6109985182254742,1,0.6923076923076923,-0.2913901231981801,0.045142296368989206,0.8652273470722932,1.35,66,0.0013530793707437474,YJR129C,non_ess,non_ess
1.064114768574102,0.215936381673572,17,0.9130434782608696,-0.4931613984523342,0.04265997490589712,0.6904985624342406,1.3172532611370906,100,0.0021580928481806775,YIR016W,non_ess,non_ess
-0.6718019830116665,-0.4047357539233243,0,0.5454545454545454,-0.3977290385348289,0.004434589800443459,0.1793467305855236,1.2085987261146496,744,0.0009611258136041774,YPR139C,non_ess,non_ess
-0.8453936581702434,-0.4424401359922946,2,1.9166666666666667,-0.2477639015216063,0.0009372071227741332,0.03596702117544789,9.087804878048779,476,0.00048435494160175793,YDR173C,non_ess,non_ess
-0.5560741995726153,-0.3902340685121817,2,0.625,-0.6167690265359601,0.009077155824508321,0.2632375189107413,0.9085648148148148,327,0.0009761875020240855,YJL024C,non_ess,non_ess
3.147214870477024,2.5797111036897893,20,0.3888888888888889,-0.8121781444622804,0.15695067264573992,2.930813581037796,1.0162962962962965,32,0.005815582959641256,YGR203W,non_ess,non_ess
-0.8453936581702434,-0.4511411472389801,0,3.0,-0.8776174769771412,0.00267379679144385,0.05888001807637265,0.0,162,0.006172839506172839,YOL014W,non_ess,non_ess
-0.15102695753593598,-0.16110743901613134,2,0.7333333333333333,-0.5367876201289079,0.017356475300400534,0.2758627665169721,0.8195929630907209,302,0.0025066534628953394,YER039C,non_ess,non_ess
-0.6139380912921409,-0.3525296864432115,3,0.6666666666666666,-0.8857973935414988,0.0136986301369863,0.22141235074353527,0.7764705882352941,119,0.008403361344537815,YIL059C,non_ess,non_ess
-0.5560741995726153,-0.3844333943477248,4,1.4444444444444444,-0.5322432220375982,0.007957559681697613,0.1642587053445454,1.3940677966101696,455,0.0006645874019879324,YKR094C,non_ess,non_ess
-0.4403464161335641,-0.29162260771641324,1,2.25,-0.6485798131751285,0.012779552715654952,0.36963334854708657,1.0837155963302751,189,0.005291005291005291,YMR132C,non_ess,non_ess
-0.035299174096884746,-0.2800212593874993,0,0.8571428571428571,1.4400255495908445,0.005129958960328317,0.0988905075772381,1.616574585635359,976,0.0003742347110403445,YNL236W,non_ess,non_ess
-0.32461863269451285,-0.3119249672920127,1,1.1428571428571428,-0.17414465244238794,0.008710801393728224,0.25125065695988164,1.1061797752808988,427,0.0006813601090176174,YJL147C,non_ess,non_ess
-0.15102695753593598,-0.2539182256474429,1,1.0666666666666669,0.6656601148316585,0.006274131274131275,0.1578812468642977,2.8801775147929,1038,0.0002668853824923189,YMR301C,ess,non_ess
-0.32461863269451285,-0.14950609068721735,2,0.4375,0.005813511973479146,0.007429420505200594,0.16547345670674052,2.447191011235955,167,0.0014236015339306528,YJR124C,non_ess,non_ess
-0.2088908492554616,0.5523754832120765,1,0.16666666666666666,-0.9021572266702141,0.0345821325648415,0.7396310731379097,1.7944664031620552,194,0.0019014230963486734,YHL045W,non_ess,non_ess
-0.6139380912921409,-0.02769193323362092,1,1.0,-0.8558043661388542,0.01256281407035176,0.31684396006004045,1.1492537313432838,151,0.002562481280575061,YDR193W,non_ess,non_ess
0.4276119596593202,0.09412222421997554,0,0.5714285714285714,0.8865178620693136,0.009935205183585313,0.2513379387664254,0.9731265020755951,409,0.0005449735170330628,YKR010C,non_ess,non_ess
1.064114768574102,0.18403267376905866,4,0.8333333333333334,0.9983100551155341,0.01394585726004922,0.2884003281378179,1.5135878912968697,364,0.0003380540706217492,YLR095C,non_ess,non_ess
-0.3824825244140385,-0.12630339402938948,3,1.6,-0.9594166426207172,0.03169014084507042,0.8156338028169015,0.7446808510638298,124,0.003464334393457519,YJL166W,non_ess,non_ess
0.4854758513788458,0.14632829170008832,1,1.0,0.9246908060363156,0.010182435299109036,0.38618467888654784,1.4514627659574466,459,0.0005398095692338125,YHR182W,non_ess,non_ess
-0.7875297664507178,-0.4453404730745231,0,0.0,-0.3704626499869703,0.002145922746781116,0.07324869359096378,3.2829670329670333,712,0.0006690938901480446,YDL015C,ess,ess
0.8905230934155252,1.1237418884110884,3,0.8571428571428571,-0.8585310049936401,0.07848101265822785,2.3046998370723157,1.0269985974754556,48,0.002267932489451477,YNL269W,non_ess,non_ess
0.1961563927812177,-0.11760238278270405,0,1.5714285714285714,3.1141818064293654,0.003986571548468317,0.15803079254753533,2.3366606170598923,1180,0.00010686572259721046,YDR127W,non_ess,ess
-0.32461863269451285,-0.1930111469206447,3,1.1764705882352942,-0.7740052004952783,0.020491803278688527,0.7691744730679156,0.7132075471698113,94,0.008283920474363445,YDR155C,non_ess,non_ess
0.2540202845007433,0.01871346008203488,3,0.6785714285714286,-0.3268364283103964,0.020408163265306117,0.6179691388750621,1.3801980198019803,96,0.0012436224489795918,YNL217W,non_ess,non_ess
0.6590675265374226,0.18403267376905866,2,0.8333333333333334,-0.9675965591850748,0.09818181818181818,2.597454545454545,0.7630522088353415,35,0.004779220779220779,YDR250C,non_ess,non_ess
-0.09316306581641036,-0.021891259069163945,2,0.7142857142857143,-0.4086355939539724,0.015730337078651686,0.9111056831134994,1.1064139941690962,154,0.0015613599883262804,YER142C,non_ess,non_ess
-0.15102695753593598,-0.23071552898961506,3,0.0,-0.9212436986537148,0.03987730061349693,1.4823776136221358,0.7141700404858301,104,0.005633553563001415,YMR031W-A,non_ess,non_ess
-0.6718019830116665,-0.4250381134989237,0,0.0,-0.02417951542916537,0.0030464584920030465,0.11560999114040132,2.5685483870967745,507,0.0004070957846808805,YOR259C,ess,ess
-0.4982103078530897,0.4276609886762516,1,0.7027027027027027,-0.7876383947692076,0.014799154334038053,0.28022709047167743,4.164547494390427,167,0.002785127419579446,YCR063W,non_ess,non_ess
-0.5560741995726153,-0.25101788856521445,3,2.0,-0.8067248667527087,0.01327433628318584,0.5389933628318584,2.6930693069306937,191,0.005235602094240838,YMR159C,non_ess,non_ess
0.6012036348178971,0.11152424671334647,2,1.0,0.8565248346666691,0.011393514460999123,0.4115731273195486,0.9418604651162792,203,0.0005677329108076486,YGL021W,non_ess,non_ess
-0.15102695753593598,0.053517505068776734,1,2.0,0.3739097573695709,0.007424328954882925,0.3420902341519132,1.818181818181818,174,0.00210060589351241,YCL051W,non_ess,non_ess
-0.7296658747311922,-0.4105364280877813,1,0.6666666666666666,-0.31320323403646705,0.003015075376884422,0.09407909110771248,3.961722488038277,397,0.0007366808855359924,YMR242C,non_ess,non_ess
1.5270259023303068,0.3580528987027679,2,0.5818181818181818,0.26484420317813634,0.02575107296137339,0.7467811158798283,0.7521367521367521,132,0.0007245972911208963,YLR023C,non_ess,non_ess
-0.8453936581702434,-0.4540414843212086,0,2.7142857142857144,1.5327312706535636,0.00033046926635822867,0.010356223078150284,16.999999999999996,2984,5.271560683194265e-05,YKL173W,ess,ess
-0.2088908492554616,-0.08279833779596217,1,1.75,-0.7794584782048499,0.024896265560165973,0.9320539419087136,1.1711711711711712,74,0.002579342828305484,YFL051C,non_ess,non_ess
-0.7296658747311922,-0.42793845058115215,0,0.5909090909090909,-0.2677592531233693,0.002870813397129186,0.0570907117841464,2.204545454545454,756,0.0009531404268246373,YNL069C,non_ess,ess
0.9483869851350506,0.13762728045340286,5,2.0,0.7310994473465192,0.01492537313432836,0.6887900920927279,0.6916787790697674,193,0.0008941690511174697,YFL047W,non_ess,non_ess
-0.8453936581702434,-0.4540414843212086,0,1.4,-0.3213831506008247,0.0010141987829614604,0.021628035211406292,8.146892655367232,986,0.00046801262296903087,YAL003W,ess,ess
-0.9032575498897693,-0.45694182140343703,0,1.5384615384615383,-0.9266969763632869,0.0,0.0,0.0,320,0.003125,YDL081C,non_ess,non_ess
-0.4982103078530897,-0.31772564145646964,0,0.75,0.06034628906919645,0.004978662873399714,0.1377430061640588,3.0662020905923346,852,0.00031721862707778203,YKL021C,ess,ess
0.7747953099764741,0.3261491907982545,1,0.8,-0.8530777272840684,0.07231920199501247,1.8579880087016505,0.7428160919540229,82,0.0035885895018551188,YBR134W,non_ess,non_ess
-0.035299174096884746,-0.1872104727561877,2,0.5333333333333333,0.27029748088770805,0.009163103237629807,0.2337919311572069,0.88,522,0.0011211050959960868,YBR270C,non_ess,non_ess
-0.15102695753593598,-0.15240642776944588,0,1.2857142857142858,-0.8776174769771412,0.03475935828877005,0.8636363636363636,1.52,147,0.0037469533267852594,YBR178W,non_ess,non_ess
0.022564717622640867,0.010012448835349415,8,0.7407407407407407,-0.5640540086767667,0.022253129346314324,0.4332884444150091,1.125,226,0.002517016012898938,YMR063W,non_ess,non_ess
0.1961563927812177,-0.03929328156253487,2,1.0,-0.5204277870001929,0.024771838331160364,0.7133780428997517,1.1589301121656599,97,0.0012500168013010928,YGR248W,non_ess,non_ess
0.311884176220269,-0.1640077760983598,2,0.3076923076923077,-0.10325204221795546,0.017128874388254486,0.4754825496243197,1.1861471861471862,194,0.000693732026033871,YJL059W,non_ess,non_ess
0.8326592016959995,-0.0769976636315052,10,1.0,-0.08416557023445441,0.024057738572574167,1.023970133362086,1.8643333333333327,113,0.0009864382482559914,YGL208W,non_ess,non_ess
-0.09316306581641036,-0.26841991105858537,0,0.3,0.5484146440758663,0.007205352547606794,0.31249613998970666,0.8678237650200267,674,0.0005047412074997977,YNL167C,non_ess,non_ess
0.7747953099764741,0.3957572807717382,0,3.5,0.1884983152441321,0.01874595992243051,0.5256261551207698,1.1414790996784565,313,0.0005699994423918499,YOR378W,non_ess,non_ess
0.2540202845007433,0.6306845844322457,1,2.4,-0.7549187285117772,0.03929273084479371,1.1547697009386595,1.1454545454545455,187,0.0019856486977716608,YDL094C,non_ess,non_ess
0.08042860934216649,-0.14080507944053192,0,0.0,1.7426824624720751,0.0052195271722443965,0.3201158708333889,2.1260504201680672,1046,0.0001846295462457387,YLR223C,ess,ess
0.08042860934216649,-0.2075128323317872,2,1.1052631578947372,-0.5885937583698394,0.024566473988439308,0.8933422791081751,0.8339538346984363,210,0.000715661987338288,YLR168C,non_ess,non_ess
1.2377064437326788,0.5088704269786493,0,0.8,0.8865178620693136,0.015982721382289417,0.3466080046929579,1.3267813267813269,215,0.00048822140740368674,YGR143W,non_ess,non_ess
-0.9032575498897693,-0.45694182140343703,0,1.8571428571428568,0.09851923303619856,0.0,0.0,0.0,1250,0.0002044198895027624,YLR359W,ess,ess
-0.7875297664507178,-0.4018354168410958,1,1.0476190476190477,-0.9566900037659312,0.006968641114982578,0.1265428857811083,2.5614035087719293,126,0.003760853935069963,YDL045W-A,non_ess,non_ess
0.6012036348178971,0.05641784215100521,6,1.1111111111111112,0.7120129753630182,0.012246820536975978,0.4234508295389125,1.3292307692307694,226,0.000535642082709807,YGL026C,non_ess,non_ess
1.1798425520131532,0.09122188713774708,6,0.44,0.18577167638934625,0.023316062176165803,0.898707228235777,1.365862573099415,262,0.0009566704900526047,YHR048W,non_ess,non_ess
-0.7875297664507178,-0.42793845058115215,0,3.0,-0.3895491219704713,0.0021953896816684962,0.10961039787460826,2.4069767441860463,650,0.0006282192012159081,YDR288W,ess,ess
-0.035299174096884746,-0.19011080983841624,3,1.4,1.4672919381387028,0.005077860528097495,0.1641202846156794,0.770909090909091,1146,0.0002457696311446839,YDL073W,non_ess,non_ess
-0.15102695753593598,-0.1031006973715616,4,1.25,-0.6812994794325589,0.022033898305084745,0.7124767632586112,0.8197115384615385,152,0.0016614629794826047,YJL030W,non_ess,non_ess
-0.15102695753593598,-0.1814097985917308,3,0.7307692307692307,0.06579956677876818,0.009206798866855524,0.23078581106047544,2.510917030567686,193,0.0011081918125908203,YEL047C,non_ess,non_ess
-0.7875297664507178,-0.42793845058115215,1,1.0,0.5929497453707021,0.001004016064257028,0.0455607476635514,11.421348314606746,789,0.00022650806012389232,YNR053C,ess,ess
1.064114768574102,0.3551525616205394,6,0.55,-0.17687129129717385,0.029694323144104806,0.8382627168653369,0.7681660899653979,89,0.0015112114224032187,YLL039C,non_ess,non_ess
-0.035299174096884746,0.004211774670892442,4,1.7142857142857142,-0.18232456900674554,0.013169446883230905,0.25238370058387616,1.5282442748091605,393,0.0003596744611026592,YDR268W,non_ess,non_ess
-0.8453936581702434,-0.4511411472389801,0,0.75,-0.8694375604127835,0.0026109660574412533,0.056859380828049234,11.956521739130435,120,0.0022628372497824198,YGL127C,non_ess,non_ess
0.7747953099764741,0.062218516315462186,19,0.975609756097561,-0.3513761780034692,0.030430220356768106,0.6869396278557552,1.8687973086627407,145,0.001034844592394254,YLR205C,non_ess,non_ess
0.2540202845007433,0.3725545841139104,6,0.7142857142857143,-0.005093043445664315,0.014992503748125937,0.4808000623965474,0.6313868613138686,622,0.0007435992614625164,YNL011C,non_ess,non_ess
-0.7875297664507178,-0.3815330572654964,0,1.8571428571428568,-0.4931613984523342,0.002509410288582183,0.12547051442910914,0.9514563106796118,609,0.0010734012810766152,YLR192C,non_ess,ess
-0.7296658747311922,-0.4395397989100661,8,1.3333333333333333,-0.9294236152180726,0.00946372239747634,0.25058584948174856,3.1908831908831905,194,0.0009431201014667145,YBR268W,non_ess,non_ess
-0.4982103078530897,-0.2829215964697278,1,1.1666666666666667,0.4611622007227186,0.003789929615592853,0.15288305360043314,5.617021276595745,656,0.00034581457076075903,YKR019C,non_ess,non_ess
-0.4982103078530897,-0.17270878734504527,9,1.1666666666666667,-0.8367178941553531,0.016706443914081142,0.4075408481733064,1.3506493506493509,198,0.0017357344326318072,YOR285W,non_ess,non_ess
1.2955703354522043,-0.030592270315849407,0,1.1764705882352942,5.262773224000627,0.005329593267882188,0.1455978260869565,1.368421052631579,2161,7.022357967617972e-05,YIL129C,ess,ess
1.2377064437326788,0.6074818877744178,2,0.44,0.51296833896365,0.019432773109243698,0.5663107572574484,0.9729729729729728,279,0.0006212162284268545,YJL045W,non_ess,non_ess
1.35343422717173,1.0483331242731475,4,1.5,-0.3650093722773985,0.04157782515991471,1.3620645430206646,0.6820512820512821,135,0.0007581141909500117,YOR120W,non_ess,non_ess
-0.035299174096884746,-0.1959114840028732,8,0.7142857142857143,-0.8176314221718521,0.03409090909090909,1.3025078369905956,1.0614379084967318,88,0.0027892561983471073,YNL328C,non_ess,non_ess
0.022564717622640867,-0.12050271986493252,0,1.6,0.8919711397788853,0.006893580353295993,0.205613247073112,2.840022935779817,409,0.00045297059167440047,YBR142W,ess,ess
-0.4982103078530897,-0.2394165402363005,0,0.7619047619047619,0.1830450375345604,0.004542504866969501,0.17566384592938433,2.2644376899696046,511,0.00039621512957631653,YMR093W,ess,ess
1.9899370360865118,3.577427059976389,9,0.8333333333333334,-0.6240400634820557,0.07656967840735067,3.2178898181960967,0.4659740259740261,88,0.004663789502993178,YBR197C,non_ess,non_ess
-0.9032575498897693,-0.45694182140343703,0,0.7857142857142857,-0.18505120786153145,0.0,0.0,0.0,1136,0.0005122061594921641,YOR008C,non_ess,ess
1.5270259023303068,0.28264413456482723,14,1.0333333333333334,-0.3268364283103964,0.042857142857142864,0.5969908814589665,1.2953605879650898,106,0.0010107816711590297,YML004C,non_ess,non_ess
1.5848897940498323,0.7553990789680706,3,0.8823529411764706,0.7692723913135214,0.019670631290027447,0.3781858580577703,1.0833333333333333,176,0.0006627921483822672,YJR119C,non_ess,non_ess
-0.5560741995726153,-0.3989350797588673,1,1.0,-0.06507909825095334,0.00473186119873817,0.14214729855400154,1.5264705882352947,262,0.0007645628145543863,YBR195C,non_ess,non_ess
-0.5560741995726153,-0.1031006973715616,1,2.0,-0.043265987412666435,0.004643962848297214,0.14689737696822353,0.5630397236614854,399,0.001117344444703089,YMR173W,non_ess,non_ess
0.4854758513788458,-0.1959114840028732,0,0.8,3.5095444403733165,0.0046144972120746005,0.08891467596269541,3.0235042735042734,1424,6.021962068660089e-05,YDL140C,ess,ess
-0.3824825244140385,-0.31772564145646964,5,1.1111111111111112,-0.3413785022025877,0.00933609958506224,0.19913307646710127,1.0370370370370372,354,0.0007208664463042408,YDL082W,non_ess,non_ess
-0.8453936581702434,-0.4250381134989237,2,1.0,-0.6758462017229871,0.0016778523489932886,0.03917514613552717,11.58878504672897,255,0.000921173838662982,YNL158W,ess,ess
0.1961563927812177,-0.024791596151392432,1,0.8333333333333334,0.4502556453035752,0.010354223433242507,0.3575840145322434,0.6902654867256637,408,0.0009242934230913074,YFR023W,non_ess,non_ess
-0.4403464161335641,0.036115482575405804,5,0.5833333333333334,-0.8285379775909956,0.018691588785046728,0.5281495327102803,1.5967153284671534,97,0.0028663647750264967,YLR245C,non_ess,non_ess
-0.7875297664507178,-0.4453404730745231,0,1.4166666666666667,0.5156949778184359,0.001048767697954903,0.036908555524182166,6.358695652173912,1118,0.0002166952935845998,YAL016W,non_ess,ess
-0.6139380912921409,-0.3844333943477248,1,0.8333333333333334,-0.4222687882279017,0.005714285714285714,0.14023360287511233,1.1634146341463412,151,0.004223273415326395,YDR130C,non_ess,non_ess
0.7169314182569483,0.43636199992293706,3,0.6122448979591837,0.27029748088770805,0.017104459376908982,0.4410154597998214,1.2190476190476192,169,0.0005928003672470569,YDL085W,non_ess,non_ess
-0.6139380912921409,-0.35543002352543995,7,0.64,-0.6594863685942719,0.008143322475570033,0.29810706164341466,1.972093023255814,348,0.0009594144295930213,YOR383C,non_ess,non_ess
0.08042860934216649,-0.021891259069163945,5,0.6923076923076923,-0.14415162503974344,0.014394580863674853,0.446555480501194,1.3564171122994653,439,0.0005477771627071765,YEL050C,non_ess,non_ess
0.2540202845007433,-0.2336158660718435,0,0.8125,1.2164411634984034,0.007468259895444362,0.18552729845524946,1.1593220338983048,529,0.00021176540346250555,YJR036C,non_ess,non_ess
-0.8453936581702434,-0.4540414843212086,0,1.8,-0.7767318393500642,0.002061855670103093,0.0643052251299674,2.387755102040816,251,0.0015114798537807536,YNL120C,non_ess,non_ess
0.6590675265374226,0.08542121297329007,5,1.0,0.4257158956105024,0.014933628318584071,0.30434939083525275,0.8756935072724547,304,0.0004621273870517001,YKR039W,non_ess,non_ess
0.8905230934155252,1.0280307646975484,1,1.181818181818182,-0.2014110409902466,0.02772808586762076,0.6798877794677405,0.6382065699911218,290,0.00164086114366788,YPR078C,non_ess,non_ess
0.2540202845007433,-0.04219361864476336,1,0.5,0.4802486727062197,0.010706638115631693,0.3835625510496921,1.5215686274509803,548,0.00033800153175260635,YMR278W,non_ess,non_ess
-0.7875297664507178,-0.4134367651700097,0,0.0,-0.8857973935414988,0.0054794520547945215,0.4000452847277256,2.5563380281690136,296,0.0017956312476860425,YML047W-A,non_ess,non_ess
-0.09316306581641036,-0.33802800103206904,8,1.1,-0.6485798131751285,0.022364217252396158,0.55634819904591,1.5032175032175032,160,0.001867012779552716,YBL057C,non_ess,non_ess
-0.4403464161335641,-0.24811755148298595,5,0.8,-0.8721641992675694,0.021052631578947368,0.4318325935320228,0.4940476190476191,111,0.009009009009009007,YBL062W,non_ess,non_ess
1.816345360927935,0.7524987418858421,1,0.8269230769230769,0.6929265033795171,0.02235965746907707,0.4746655334060477,1.1710871466044883,203,0.0004499585194489883,YOR317W,non_ess,non_ess
-0.9032575498897693,-0.45694182140343703,6,0.75,-0.978503114604218,0.0,0.0,0.0,263,0.0025011204441295954,YJR135W-A,non_ess,non_ess
-0.7296658747311922,-0.4250381134989237,8,2.0,-0.2623059754137976,0.0028544243577545195,0.4235616225557778,2.7801418439716308,1051,0.00032319362376097787,YLR426W,non_ess,non_ess
-0.09316306581641036,-0.12920373111161798,2,0.25,-0.5776872029506961,0.01988636363636364,0.5291529251505592,0.337953091684435,704,0.0012630746384297519,YGL051W,non_ess,non_ess
-0.2667547409749872,0.0013114375886639548,2,0.0,-0.07053237596052507,0.008716323296354992,0.24101259487863874,1.105820105820106,208,0.0009181092283310985,YDL027C,non_ess,non_ess
-0.2667547409749872,0.13762728045340286,6,0.7916666666666666,-0.820358061026638,0.02517162471395881,0.6089992060897585,1.0543302850995158,174,0.005747126436781609,YMR074C,non_ess,non_ess
-0.9032575498897693,-0.45694182140343703,0,5.0,1.9853533205480167,0.0,0.0,0.0,2999,0.00010370464010137316,YJR041C,ess,ess
0.1382925010616921,1.381871888729424,7,1.25,-0.9321502540728585,0.05732484076433121,1.6023439490445859,0.5640157924421884,80,0.005015923566878982,YJL007C,non_ess,non_ess
-0.6139380912921409,-0.3931344055944103,8,1.1333333333333333,-0.9266969763632869,0.015625,0.486240671641791,0.6617283950617285,177,0.003036723163841808,YOR265W,non_ess,non_ess
-0.6139380912921409,-0.32642665270315513,1,1.4444444444444444,1.1319153590000417,0.0019342359767891683,0.04009405132556283,6.420576131687242,1148,8.188490285013377e-05,YOR217W,ess,ess
0.7747953099764741,0.23043806708471445,4,1.1428571428571428,0.28120403630685153,0.01758641600970285,0.5902987961989853,1.9540229885057472,136,0.000637641351264581,YHR050W,non_ess,non_ess
-0.8453936581702434,-0.4395397989100661,1,2.0,-0.8830707546867129,0.002717391304347826,0.06872196342305037,2.32258064516129,329,0.00303951367781155,YPL136W,non_ess,non_ess
-0.2088908492554616,-0.08859901196041915,2,0.7142857142857143,-0.5995003137889829,0.017647058823529408,0.5802878598247809,0.9904214559386976,330,0.0030303030303030303,YML106W,non_ess,non_ess
0.5433397430983714,0.06801919047991918,3,0.6222222222222222,-0.3595560945678268,0.026483050847457626,0.5444041586580465,0.9374496644295304,220,0.0013771186440677966,YJL133W,non_ess,non_ess
-0.2667547409749872,-0.2394165402363005,2,7.5,-0.8530777272840684,0.027431421446384042,0.5966009147746746,0.5967676767676768,71,0.002880123634575533,YDR511W,non_ess,non_ess
-0.035299174096884746,0.28264413456482723,0,0.6041666666666666,-0.6104068692081264,0.02245508982035928,1.2166006632154018,1.231901840490797,122,0.008196721311475409,YGR038W,non_ess,non_ess
-0.32461863269451285,-0.25101788856521445,2,0.5833333333333334,-0.4522618156305462,0.011876484560570073,0.3388015866515334,1.0322033898305083,454,0.00046302593991649836,YBR187W,non_ess,non_ess
-0.2667547409749872,-0.2626192368941284,3,2.2857142857142856,1.28460713486805,0.003995641118779513,0.10809353352610128,3.048553719008265,1170,0.00026606561295991005,YGL093W,ess,ess
-0.2667547409749872,-0.1002003602893331,9,2.0,-0.2859368454886084,0.010731707317073172,0.2653440349099977,2.253825382538253,179,0.0007194440659490394,YGR283C,non_ess,non_ess
0.7169314182569483,0.2710427862359133,2,1.0,-0.11143195878231306,0.023007395234182416,1.0293740356933845,1.0183150183150182,132,0.0014130624237444287,YHL014C,non_ess,non_ess
6.156137239892358,14.262268870906134,12,0.8421052631578947,2.9533101139969995,0.026585312704292874,0.6311229583381899,1.1955268143998679,386,0.00022638049763062606,YDR406W,non_ess,non_ess
0.8905230934155252,0.6074818877744178,3,0.6756756756756757,-0.6812994794325589,0.05254237288135593,1.0789658368644066,0.6734044026027967,52,0.003846153846153847,YPR037C,non_ess,non_ess
-0.15102695753593598,0.07962053880883313,4,0.53125,0.21031142608241904,0.008274984086569064,0.2707424338869278,0.7117181883537024,354,0.0007588099271038994,YMR029C,non_ess,non_ess
0.4276119596593202,-0.053794966973677305,1,0.6363636363636364,0.6165806154455129,0.011397423191278492,0.4216320630251305,1.2369419317187045,246,0.0006345331044985376,YBR212W,non_ess,non_ess
-0.4403464161335641,-0.349629349360983,0,2.2,-0.045992626267452284,0.0062063615205585725,0.14582049404377806,2.026515151515152,468,0.0004111051434558029,YOR209C,non_ess,non_ess
-0.7296658747311922,-0.42793845058115215,0,8.0,0.30301714714513844,0.0017931858936043035,0.07966868755870549,4.8193146417445485,1017,0.0004008367025362618,YPL086C,non_ess,ess
1.4112981188912557,0.16082997711123076,6,1.0,1.5927173254588527,0.0129366106080207,0.6610190710678964,1.0159663865546218,472,0.00019117131142149232,YNL329C,non_ess,non_ess
-0.15102695753593598,-0.12920373111161798,1,0.6428571428571429,-0.1550581804588869,0.011120615911035072,0.2588138009694896,0.7364975450081833,505,0.0007351633366929508,YMR305C,non_ess,non_ess
-0.2667547409749872,-0.2278151919073865,5,1.3529411764705883,0.0876126776170551,0.007660167130919221,0.2077930394134409,1.8369501466275653,316,0.0010247346708508163,YDR306C,non_ess,non_ess
-0.8453936581702434,-0.4540414843212086,1,3.25,-0.9239703375085008,0.0030959752321981426,0.10392238121937544,2.6321243523316062,272,0.0036764705882352936,YDL009C,non_ess,non_ess
0.022564717622640867,-0.3061242931275557,0,0.4166666666666667,0.7447326416204486,0.007410838351088467,0.22797397137369346,0.9930555555555556,493,0.0004274760965701385,YMR172W,non_ess,non_ess
1.1798425520131532,0.3319498649627115,4,0.5283018867924528,0.6356670874290141,0.017655713585090733,0.28115047708916635,1.3816872427983538,318,0.00048272522293268683,YIR003W,non_ess,non_ess
-0.6718019830116665,-0.4192374393344667,2,2.0,-0.558600730967195,0.0055172413793103435,0.21480046493607127,2.951530612244898,487,0.000665580967216597,YDR196C,ess,non_ess
-0.6139380912921409,-0.35543002352543995,0,2.5,0.056710770596148624,0.003566333808844508,0.0910492201935873,2.4102941176470587,583,0.00038660771306856423,YMR133W,non_ess,ess
0.1961563927812177,-0.19011080983841624,2,0.6,0.2784773974520657,0.011543134872417985,0.17840489080302555,2.6468365061590147,240,0.004166666666666668,YER054C,non_ess,non_ess
0.4276119596593202,0.22173705583802894,3,0.8235294117647058,0.4257158956105024,0.012721238938053098,0.4112429605792438,1.0966491276654664,238,0.0009481668773704172,YLR055C,non_ess,non_ess
-0.5560741995726153,-0.22491485482515805,0,0.8333333333333334,-0.4686216487592614,0.0072815533980582535,0.2079288025889968,1.4864048338368578,511,0.0007219805065263237,YFR052W,ess,non_ess
-0.2088908492554616,-0.23071552898961506,1,1.9090909090909087,0.4475290064487893,0.006550218340611353,0.19039301310043666,2.722972972972973,541,0.0005478694637942028,YGL116W,ess,non_ess
0.1382925010616921,-0.0015888994935645325,0,0.4615384615384616,2.170764762673456,0.004828326180257511,0.3616378880127758,1.6681034482758617,633,0.0003008698953820285,YDR097C,non_ess,non_ess
0.2540202845007433,0.2333384041669429,0,0.6190476190476191,0.0003602342639074158,0.01492537313432836,0.40291467192340186,2.2673796791443848,313,0.0007224262076200468,YPL133C,non_ess,non_ess
-0.5560741995726153,-0.3467290122787545,1,0.4736842105263158,-0.7658252839309206,0.012072434607645876,0.3310316444119261,0.2205513784461153,94,0.010638297872340424,YPL034W,non_ess,non_ess
1.5270259023303068,0.3957572807717382,2,0.85,0.7474592804752345,0.01942645698427382,0.5908443133234993,1.4447619047619047,266,0.0005686046754258447,YCR091W,non_ess,non_ess
1.0062508768545764,0.18403267376905866,1,0.6,1.6118037974423538,0.01060070671378092,0.4694475566663794,1.0909090909090908,406,0.00031015651827154213,YOL098C,non_ess,non_ess
-0.6139380912921409,-0.31772564145646964,1,2.5,-0.8830707546867129,0.01358695652173913,0.4713711057856898,1.016,187,0.0014531504301325273,YGL070C,non_ess,non_ess
3.7258537876722806,1.8430254848037533,7,0.5806451612903226,0.8483449181023115,0.03519577650681918,0.8095028596568412,1.131294964028777,141,0.0005117116442480803,YLL001W,non_ess,non_ess
0.1382925010616921,-0.14370541652276042,3,0.4666666666666667,0.11760570501969962,0.012253233492171544,0.4145957085707359,1.0610465116279069,276,0.0010827635875731297,YER045C,non_ess,non_ess
0.6012036348178971,-0.11180170861824704,4,2.0,2.6888261450827704,0.00604932526756631,0.1262004476057524,1.8103448275862064,856,0.00017422796084246963,YPR189W,non_ess,non_ess
-0.4403464161335641,-0.2945229447986418,5,1.4615384615384617,-0.09325436641707396,0.006467259498787389,0.12506404636387444,4.630434782608695,414,0.0005447963164739377,YKR004C,ess,non_ess
-0.8453936581702434,-0.4540414843212086,0,0.5625,-0.02417951542916537,0.0007616146230007616,0.025245947444084416,8.04761904761905,783,0.0007324339861041807,YPR173C,non_ess,ess
1.5270259023303068,0.16663065127568774,2,0.38461538461538464,2.00989307024109,0.011827654181920586,0.2847642831718241,1.1894508999772155,295,0.00027492852335699177,YNL106C,non_ess,non_ess
3.262942653916076,0.9584226747240648,0,0.5454545454545454,2.481601592119045,0.01769041769041769,0.5230355569978211,0.6783769063180829,341,0.0005209421631709022,YAL017W,non_ess,non_ess
0.3697480679397946,-0.10890137153601856,3,1.5,0.3384634522573547,0.012850467289719626,0.3128622147966376,1.0100313479623826,261,0.0008190997958964442,YDR026C,non_ess,non_ess
-0.4403464161335641,-0.29742328188087025,2,0.9090909090909092,-0.5122478704358352,0.010309278350515464,0.4462043111527648,1.5865384615384617,319,0.0011432311023494813,YPL127C,non_ess,non_ess
0.4854758513788458,-0.08859901196041915,4,0.9333333333333332,0.14759873242234414,0.015978695073235686,0.7111474209685891,2.7648467432950192,162,0.0005178280810770823,YPL061W,non_ess,non_ess
-0.32461863269451285,-0.35543002352543995,0,0.9411764705882352,0.3602765630956416,0.00576036866359447,0.14812111962303853,2.1013513513513518,1234,0.00016431521633592007,YEL013W,non_ess,non_ess
-0.6139380912921409,-0.4395397989100661,5,0.8653846153846154,-0.2886634843433943,0.004892367906066536,0.11666073652375022,6.030456852791878,179,0.0009784735812133072,YJR105W,non_ess,non_ess
1.064114768574102,0.21303604459134354,0,0.9166666666666666,0.9546838334389602,0.014225941422594144,0.4817906982368733,1.1462508080155138,542,0.0001652024888449721,YHR204W,non_ess,non_ess
-0.4403464161335641,-0.3467290122787545,0,1.8,0.30847042485471016,0.004764740917212627,0.4052101406116477,2.3695054945054945,794,0.00036080610534938186,YDR212W,ess,ess
-0.4982103078530897,-0.3467290122787545,0,1.5263157894736843,0.1039725107457703,0.004814305364511692,0.1602971114167813,2.786220871327254,422,0.00032595161574215924,YOR119C,ess,ess
-0.8453936581702434,-0.4424401359922946,0,1.0,-0.8612576438484258,0.0025510204081632647,0.12651360544217685,4.109589041095893,126,0.0034418529316488497,YOR139C,non_ess,non_ess
-0.7296658747311922,-0.3728320460188109,1,0.8,-0.17687129129717385,0.002620087336244541,0.07567523855733463,2.3684210526315788,492,0.0007863812262576774,YPL193W,non_ess,non_ess
-0.6718019830116665,-0.4018354168410958,0,0.8571428571428571,1.527277992943992,0.001324503311258278,0.03471032278979299,4.395491803278688,2340,8.108337578536254e-05,YOR048C,ess,ess
-0.6139380912921409,-0.3902340685121817,1,0.5714285714285714,-0.7849117559144217,0.01050420168067227,0.34812294483010603,0.7913978494623655,341,0.0029325513196480947,YNL185C,non_ess,non_ess
-0.15102695753593598,-0.10890137153601856,0,0.0,0.4693421172870762,0.007004310344827586,0.2525190326914465,1.7313609467455615,853,0.0002646592149411812,YNL061W,ess,ess
-0.4403464161335641,-0.3786327201832679,6,1.0,-0.7521920896569914,0.015625,0.4111842105263158,1.6666666666666663,121,0.001646435950413223,YGR174C,non_ess,non_ess
-0.2667547409749872,-0.29742328188087025,0,0.8275862068965517,0.6956531422343029,0.005225653206650831,0.1299131653751801,1.7195207892882312,459,0.0004326248842107441,YGL145W,ess,ess
1.2955703354522043,0.030314808410948836,2,0.7692307692307693,0.11487906616491375,0.025920873124147342,0.7206605539515847,1.6262212417270725,93,0.0012835746453666622,YBR241C,non_ess,non_ess
1.5848897940498323,0.6857909889945869,2,0.7333333333333333,0.3439167299669264,0.025029103608847497,0.6097837840077224,0.9181241591389582,231,0.0006223888645308902,YGR124W,non_ess,non_ess
0.3697480679397946,-0.02769193323362092,1,0.5,-0.11415859763709893,0.018121911037891267,0.5969800765647778,1.0875558867362145,251,0.0006465078729562802,YGR169C,non_ess,non_ess
2.8578954118793964,2.138859867191059,7,0.6911764705882353,0.3439167299669264,0.03783469150174622,0.5719344198680636,1.1885528719301808,103,0.0007346542039174022,YPR145W,non_ess,non_ess
-0.7296658747311922,-0.3583303606076685,0,7.5,0.8210785295544528,0.0013374944271065535,0.06920550208491777,3.487179487179487,598,0.00036978664205398586,YPR024W,non_ess,ess
0.4854758513788458,0.2478400895780853,1,0.84,1.058296109920823,0.009584664536741214,0.33479456126012336,1.6709844559585494,362,0.0005405715496090233,YMR102C,non_ess,non_ess
1.1798425520131532,0.28264413456482723,1,0.9615384615384616,2.138045096416026,0.009750812567713976,0.2194778273912036,1.2306910569105691,382,0.00036019581038384966,YMR304W,non_ess,non_ess
-0.3824825244140385,-0.3815330572654964,0,1.032258064516129,-0.2177708741189618,0.008181818181818179,0.20825616762419727,3.065527065527065,670,0.0002455902306648576,YBR018C,non_ess,non_ess
1.064114768574102,0.08832155005551857,2,0.8181818181818182,-0.2068643186998184,0.030575539568345324,1.1588978816946445,0.9926470588235292,138,0.0011078094046501929,YKR076W,non_ess,non_ess
-0.6718019830116665,-0.4163371022522382,0,1.1428571428571428,-0.5804138418054818,0.0057061340941512145,0.1948683876262873,3.857723577235772,235,0.0013840410356026345,YGR167W,non_ess,non_ess
-0.4403464161335641,-0.3148253043742412,4,0.7222222222222222,-0.015999598864807774,0.006051437216338882,0.11668271214413425,1.65,400,0.0004935703479576403,YDL044C,non_ess,non_ess
-0.6718019830116665,-0.38733373142995337,0,0.8888888888888888,-0.5695072863863384,0.005610098176718092,0.14545894840929502,2.7362204724409454,378,0.0006752895953456963,YMR134W,ess,ess
0.5433397430983714,0.572677842787676,5,0.6923076923076923,-1.0166760585712202,0.11312217194570134,2.7842035690680764,1.0041025641025645,36,0.005656108597285068,YER091C-A,non_ess,non_ess
1.2955703354522043,0.15792964002900226,1,1.0,0.6411203651385857,0.018581907090464547,0.3170143470037367,1.5889407061958691,179,0.000972531450191911,YBR117C,non_ess,non_ess
1.064114768574102,0.14632829170008832,1,0.5,-0.14415162503974344,0.028789161727349705,1.0451409613969822,0.7813092979127135,95,0.0021213066535941886,YML018C,non_ess,non_ess
0.6012036348178971,-0.030592270315849407,1,0.4722222222222222,0.251211008904207,0.01608910891089109,0.3786728043307928,1.782051282051282,219,0.0011217731362177313,YHR135C,non_ess,non_ess
-0.6139380912921409,-0.4105364280877813,0,1.2222222222222223,-0.7331056176734903,0.009380863039399627,0.2538224321235255,2.775460122699386,185,0.0016632016632016633,YMR035W,non_ess,non_ess
1.2377064437326788,0.6480866069256166,1,1.2307692307692308,-0.4713482876140472,0.04506699147381242,1.2041544913988107,0.9284823284823284,86,0.0015154519445939438,YDL086W,non_ess,non_ess
2.8000315201598704,1.3876725628938809,8,0.7894736842105263,0.16123192669627345,0.04218852999340804,0.9295941237404652,1.0083007812500002,166,0.0006194851919212777,YNL241C,non_ess,non_ess
-0.2667547409749872,-0.3525296864432115,0,1.5714285714285714,0.7719990301683073,0.005025125628140704,0.1634014667934266,3.1971197119711965,1030,0.00027409776153494746,YPR141C,non_ess,ess
0.8326592016959995,0.28264413456482723,0,0.6666666666666666,0.39572286820785785,0.016901408450704224,0.7347417840375586,0.9818181818181818,211,0.0006194513049863161,YFL053W,non_ess,non_ess
0.08042860934216649,-0.2771209223052708,2,0.8823529411764706,-0.07871229252488267,0.013567438148443736,0.2799967101856308,1.7034055727554176,200,0.0008339984038308061,YKR048C,non_ess,non_ess
-0.7296658747311922,-0.43083878766338063,0,1.0,-0.002366404590878449,0.002243829468960359,0.16469023163399885,2.6917808219178085,310,0.0006490216420971363,YGR110W,non_ess,ess
-0.4982103078530897,-0.3583303606076685,0,0.7368421052631579,-0.8094515056074946,0.0155902004454343,0.5020415738678545,0.7453416149068322,98,0.006499704558883687,YDR063W,non_ess,non_ess
0.2540202845007433,0.6364852585967027,0,3.0,-0.2095909575546042,0.018034265103697024,0.38487609216131335,1.1474820143884892,351,0.00043929620124390185,YAL036C,non_ess,non_ess
-0.2667547409749872,-0.29162260771641324,1,0.0,0.5811343103332967,0.0055583628094997475,0.1121093515814356,2.881953867028494,412,0.0005801203903118669,YER173W,non_ess,non_ess
-0.3824825244140385,-0.3235263156209266,1,2.333333333333333,-0.1550581804588869,0.007698887938408894,0.5846106382083608,1.190690690690691,259,0.001479666150324833,YGR112W,non_ess,non_ess
5.346042755818998,1.6719055969522725,0,0.9230769230769232,7.6949350824696205,0.011013665102998164,0.30859857710165445,0.9224806201550388,1329,4.895576133345058e-05,YDR457W,non_ess,non_ess
1.35343422717173,0.16953098835791622,2,1.0,1.7099627962146449,0.012108040981061784,0.3518351038699837,1.273846153846154,396,0.00025558283863158125,YFL034W,non_ess,non_ess
-0.15102695753593598,-0.11180170861824704,7,0.627906976744186,-0.7903650336239935,0.027659574468085105,0.5039228723404255,0.8007414272474513,145,0.002890682318415261,YOR226C,non_ess,non_ess
-0.6139380912921409,-0.3757323831010394,1,1.0,0.4039027847722155,0.002802690582959641,0.1208515980584807,3.3215311004784693,1083,0.00025878952751243216,YNL039W,ess,ess
-0.32461863269451285,-0.12920373111161798,3,0.65625,-0.4140888716635441,0.011312217194570135,0.23251860643374625,1.3228915662650602,277,0.0016335331688909942,YPR005C,non_ess,non_ess
-0.035299174096884746,-0.15240642776944588,4,0.578125,-0.3186565117460388,0.015166835187057632,0.3733503968002269,1.9456410256410257,191,0.0016146194527234127,YKR013W,non_ess,non_ess
-0.15102695753593598,-0.19881182108510168,0,1.1,-0.2504905403763922,0.012218045112781954,0.35647326470683144,1.4126563092080335,159,0.0011230907457322552,YOR049C,non_ess,non_ess
1.1219786602936277,0.2652421120714563,1,0.8,0.4638888395775045,0.01891891891891892,0.4077481411542547,0.8519345238095237,270,0.0005585585585585585,YPR155C,non_ess,non_ess
0.4854758513788458,0.0593181792332337,8,0.7872340425531915,0.10942578845534202,0.01643835616438356,0.4063463504395829,1.273764258555133,440,0.000597758405977584,YGL253W,non_ess,non_ess
1.0062508768545764,0.2855444716470557,0,1.1666666666666667,1.4700185769934888,0.011159959418329387,0.2514197754014437,0.9747899159663866,441,0.00036271976945439436,YLR138W,non_ess,non_ess
2.6264398450012933,1.912633574777237,8,0.8636363636363636,-0.8776174769771412,0.16310160427807488,4.808988070752777,0.9157274590163934,18,0.05555555555555555,YMR122C,non_ess,non_ess
0.2540202845007433,-0.21911418066070107,6,0.7916666666666666,-0.4249954270826876,0.022935779816513763,0.30547930361915776,1.854603174603174,128,0.001603712729357798,YML003W,non_ess,non_ess
0.311884176220269,0.25654110082477083,17,0.8333333333333334,-0.11415859763709893,0.01729818780889621,0.4573316877234934,1.257984318225282,173,0.0023426117263905693,YJR149W,non_ess,non_ess
-0.9032575498897693,-0.45694182140343703,0,1.4285714285714286,-0.7930916724787793,0.0,0.0,0.0,155,0.0024452579954410444,YIL098C,non_ess,non_ess
0.6012036348178971,-0.06539631530259125,0,1.0689655172413792,0.33573681340256883,0.015213575190169687,0.44809859494038456,1.766730173850917,118,0.0018446707857702493,YDR536W,non_ess,non_ess
-0.32461863269451285,-0.2220145177429296,0,1.0,-0.8994305878154281,0.028571428571428567,0.6293542074363991,1.0950000000000002,85,0.011361344537815126,YBR051W,non_ess,non_ess
-0.9032575498897693,-0.45694182140343703,0,1.0,-0.9430568094920021,0.0,0.0,0.0,302,0.0033112582781456954,YPL251W,ess,ess
1.0062508768545764,0.3638535728672249,6,0.9285714285714286,0.9465039168746028,0.01385972280554389,0.34611230852306035,0.8062015503875968,412,0.0006931900196947518,YOR178C,non_ess,non_ess
-0.4403464161335641,-0.3960347426766388,0,0.6666666666666666,-0.5231544258549787,0.010471204188481676,0.2232210477789852,2.419565217391304,232,0.0005754648853583679,YOR004W,ess,non_ess
-0.32461863269451285,-0.36413103477212544,2,1.25,-0.17687129129717385,0.008733624454148471,0.2434689343445951,1.6682926829268294,163,0.0013877354194015055,YBL032W,non_ess,non_ess
-0.2667547409749872,0.1492286287823168,0,0.8,-0.9212436986537148,0.033742331288343565,0.6927102129195236,1.8030303030303032,173,0.0018972303982410718,YLR140W,ess,non_ess
0.1961563927812177,-0.053794966973677305,0,0.4864864864864865,1.08010922075911,0.007515822784810127,0.16590620691816016,2.126315789473684,882,0.00024397944831941216,YNL298W,non_ess,non_ess
0.3697480679397946,-0.05669530405590579,1,0.8666666666666667,0.251211008904207,0.013613861386138614,0.30317022086824064,1.4988913525498893,277,0.0005517925438753261,YIL045W,non_ess,non_ess
0.1961563927812177,0.12312559504226042,3,1.1,-0.7385588953830621,0.03605313092979128,0.9096282746099136,0.8128654970760234,80,0.002893738140417457,YBR047W,non_ess,non_ess
-0.4982103078530897,-0.349629349360983,0,2.5,-0.19050448557110314,0.006194690265486726,0.23164239425823985,2.7338551859099804,284,0.0009940172005484234,YGL155W,ess,ess
-0.035299174096884746,-0.2771209223052708,1,0.8666666666666667,0.7638191136039496,0.006880733944954129,0.2581839032527106,1.7360544217687073,569,0.0006344625207590978,YKL135C,non_ess,non_ess
-0.2088908492554616,-0.2133135064962441,3,0.8888888888888888,-0.7767318393500642,0.024742268041237112,0.6579314931825739,0.7701863354037268,201,0.0015489562496794381,YLR050C,non_ess,non_ess
0.08042860934216649,-0.13500440527607493,1,0.7894736842105263,0.5402347275115087,0.008790072388831437,0.25854937060942124,1.4621848739495795,173,0.0008966411821317346,YNL115C,non_ess,non_ess
-0.4403464161335641,-0.3931344055944103,2,0.7719298245614035,1.7181427127790023,0.002476780185758514,0.04454606106492553,2.6296916890080424,1280,0.00025783668730650154,YOR098C,ess,ess
-0.32461863269451285,-0.06829665238481973,0,0.6666666666666666,-0.7903650336239935,0.02127659574468085,0.7753279682504685,2.190070921985816,132,0.003691166989039329,YOR013W,non_ess,non_ess
-0.09316306581641036,-0.2568185627296714,0,0.72,-0.7767318393500642,0.0288659793814433,0.7630457122020752,0.3266806722689075,120,0.004484536082474227,YLR042C,non_ess,non_ess
0.2540202845007433,0.2710427862359133,1,0.7142857142857143,1.6227103528614972,0.0064,0.1916609271523179,1.2223809523809523,416,0.0006992307692307693,YNL327W,non_ess,non_ess
0.022564717622640867,-0.2829215964697278,0,0.6,1.2300743577723323,0.005941329372447085,0.18597525902302994,2.4100609756097557,376,0.0005165085209092131,YER047C,non_ess,non_ess
-0.4982103078530897,-0.2626192368941284,1,1.0,0.1666852044058452,0.004596191726854893,0.12934721989466946,1.8455598455598448,642,0.0007680774336599964,YGR189C,non_ess,non_ess
0.8905230934155252,0.9700240230529786,2,0.4,-0.2613970957955357,0.029467680608365018,0.7099032146560664,1.064516129032258,211,0.0007523471428828862,YOR085W,non_ess,non_ess
-0.5560741995726153,-0.236516203154072,4,1.2,-0.9376035317824302,0.01948051948051948,0.4622195985832349,0.8362573099415207,88,0.00693624557260921,YBL071C,non_ess,non_ess
0.022564717622640867,-0.2423168773185289,0,0.7692307692307693,-0.07053237596052507,0.012678288431061807,0.3520507131537242,2.604166666666667,158,0.000697105257878794,YER178W,non_ess,non_ess
-0.035299174096884746,-0.26841991105858537,0,0.52,-0.043265987412666435,0.011609907120743036,0.34396515872649136,0.7168724279835392,307,0.0012983935216466151,YOR264W,non_ess,non_ess
1.0062508768545764,0.1869330108512872,8,0.5813953488372093,0.1748651209702028,0.02154046997389034,0.8132119186296732,1.1748251748251748,351,0.001443098048842174,YFL021W,non_ess,non_ess
-0.2088908492554616,-0.2133135064962441,1,0.8235294117647058,-0.32956306716518224,0.012282497441146366,0.4120044031594601,0.6138996138996139,407,0.001803143051863625,YKL163W,non_ess,non_ess
0.022564717622640867,-0.21911418066070107,3,0.75,0.03035326166655193,0.011653313911143482,0.2389331190195143,1.2275896414342629,397,0.0004971738145339869,YBL045C,non_ess,non_ess
0.5433397430983714,0.2768434604003702,3,0.5333333333333333,-0.2177708741189618,0.022727272727272728,0.5618181818181819,0.6994535519125682,163,0.0011489124372559955,YOR037W,non_ess,non_ess
-0.5560741995726153,-0.3960347426766388,0,1.0769230769230769,0.12305898272927135,0.004067796610169493,0.20088657105606256,0.9420289855072466,448,0.0009079903147699758,YDL146W,non_ess,non_ess
-0.2088908492554616,-0.29742328188087025,1,1.75,0.1639585655510593,0.007894736842105262,0.2422234156820623,1.4011437908496729,258,0.0008236434108527133,YPL140C,non_ess,non_ess
-0.6139380912921409,-0.35543002352543995,0,0.5,-0.015999598864807774,0.0037821482602118,0.11963030295325393,1.7999999999999998,564,0.00045332131629488966,YHR111W,non_ess,non_ess
0.5433397430983714,0.5494751461298479,1,3.5,0.1884983152441321,0.016160310277957342,0.6252314219190289,1.0573451327433627,167,0.0010760637741969196,YMR285C,non_ess,non_ess
0.4854758513788458,-0.04799429280922033,2,1.181818181818182,-0.17687129129717385,0.02096069868995633,0.5162796392278497,1.0239234449760766,203,0.0010755695140576935,YPR079W,non_ess,non_ess
-0.4982103078530897,-0.3525296864432115,0,1.1666666666666667,0.39572286820785785,0.003943661971830986,0.09637116818558407,2.278350515463917,944,0.00021544521365481024,YOL066C,ess,ess
1.4112981188912557,0.38415593244282426,1,1.1333333333333333,1.9390004600166573,0.01151742009789807,0.3098385730382521,1.052796052631579,364,0.00039472476846505065,YJL020C,non_ess,non_ess
-0.6139380912921409,-0.4221377764166952,4,1.7,-0.4686216487592614,0.006067961165048544,0.2182803564303764,2.4926829268292683,206,0.000836553869356207,YLR271W,non_ess,non_ess
-0.035299174096884746,-0.1002003602893331,0,0.8333333333333334,1.0037633328251059,0.006137479541734861,0.2816806134839765,2.4077669902912606,239,0.0008577063459997671,YLR228C,non_ess,non_ess
-0.6718019830116665,-0.3786327201832679,1,0.6666666666666666,-0.19050448557110314,0.003539823008849557,0.19221505090159025,3.784552845528455,150,0.002766961651917404,YNL331C,non_ess,non_ess
0.4276119596593202,0.1927336850157441,11,1.3333333333333333,0.5484146440758663,0.011837364899639732,0.2917064921696934,1.245762711864407,218,0.0005666070155391972,YPL253C,non_ess,non_ess
-0.7296658747311922,-0.4395397989100661,3,0.59375,-0.5858671195150535,0.004316546762589928,0.08564615729512706,5.3688212927756656,197,0.0017310009860132198,YIL118W,ess,non_ess
-0.5560741995726153,-0.38733373142995337,0,1.8,0.6465736428481574,0.0029254022428083864,0.18609664091970546,6.209497206703911,412,0.00020709765068425065,YLR153C,ess,ess
-0.5560741995726153,-0.34382867519652605,0,2.0,-0.3077499563268953,0.005994005994005994,0.2536410957463589,1.6888888888888893,249,0.0007743260755308947,YDL108W,ess,non_ess
-0.7875297664507178,-0.4221377764166952,0,1.1666666666666667,-0.6185867857724839,0.0030349013657056147,0.0990382201067674,3.948863636363636,337,0.0015309591459049096,YDR302W,ess,ess
7.197687290843817,8.246969762364253,1,1.2142857142857142,3.179621138944226,0.02893757751136834,0.9242217063630872,1.090062111801242,521,0.00016385000702214317,YDR093W,non_ess,non_ess
-0.8453936581702434,-0.4424401359922946,0,1.2857142857142858,-0.6349466189011992,0.0015600624024961,0.06601240793817799,1.3333333333333337,610,0.001365693972021176,YOL139C,ess,ess
-0.2667547409749872,-0.12630339402938948,3,1.3333333333333333,0.22394462035634835,0.006935687263556117,0.3133903133903134,1.2071535022354691,383,0.0006173469555740669,YAL028W,non_ess,non_ess
-0.7296658747311922,-0.36123069768989696,1,0.72,-0.6104068692081264,0.004491017964071856,0.07396254003620666,9.40625,215,0.0005639883024648378,YNR017W,ess,non_ess
0.022564717622640867,-0.2452172144007575,1,1.4545454545454546,-0.22595079068331936,0.01466544454628781,0.492921886139118,0.8556338028169014,221,0.0009207377514920511,YOL042W,non_ess,non_ess
-0.4403464161335641,-0.36123069768989696,5,0.7142857142857143,-0.8312646164457814,0.018823529411764704,0.6189326061550448,0.8206521739130435,236,0.0015752741774675972,YIL027C,non_ess,non_ess
-0.5560741995726153,-0.4221377764166952,0,1.125,0.1884983152441321,0.003878474466709761,0.08368554522400676,5.544117647058823,528,0.00023873185637891518,YCR072C,ess,ess
-0.035299174096884746,-0.11470204570047556,3,1.4,-0.4168155105183299,0.0170261066969353,0.43324764639113306,0.9822222222222222,233,0.0007404773155748688,YJL185C,non_ess,non_ess
-0.09316306581641036,0.3406508762093969,6,0.75,-0.9103371432345716,0.04142011834319527,0.7646503172453127,1.3407370015143862,85,0.003167420814479638,YMR086C-A,non_ess,non_ess
-0.6139380912921409,-0.4192374393344667,2,0.0,-0.3241097894556105,0.00508646998982706,0.097760189110838,2.7579710144927536,369,0.0008739354941870883,YMR060C,non_ess,non_ess
1.2955703354522043,2.1591622267666586,2,0.3783783783783784,-0.9321502540728585,0.12101910828025478,1.5682476180449545,0.8266700404858299,57,0.003631690691697396,YBL001C,non_ess,non_ess
2.105664819525563,2.7508309915412696,2,1.1538461538461535,-0.3813692054061137,0.056521739130434775,1.1138447840925954,1.0078173858661663,138,0.0014020163831127911,YKL183W,non_ess,non_ess
-0.9032575498897693,-0.45694182140343703,0,0.0,-0.9348768929276444,0.0,0.0,0.0,311,0.002894924576875756,YOL150C,non_ess,non_ess
0.3697480679397946,0.3000461570581981,3,0.8,0.2348511757754918,0.013767209011264079,0.4426306264125121,1.0447387258410878,223,0.0010831925557170678,YHL017W,non_ess,non_ess
2.5107120615622422,1.8633278443793528,3,0.7428571428571429,0.2430310923398494,0.03671437461107654,0.8151092383790199,1.0045930909561394,240,0.0006404272972412362,YGR177C,non_ess,non_ess
-0.6139380912921409,-0.4163371022522382,0,1.375,-0.7167457845447751,0.009074410163339385,0.4093768905021174,2.112676056338028,138,0.0019595465425182148,YHR148W,ess,non_ess
0.4854758513788458,0.3493518874560824,0,4.0,-0.8830707546867129,0.06521739130434782,1.7965838509316767,0.9897540983606559,71,0.00478413962033068,YOR376W,non_ess,non_ess
1.4112981188912557,1.799520428570326,2,0.6222222222222222,-0.3922757608252572,0.04405286343612335,0.7945063487950247,0.8595505617977528,180,0.001021781693587861,YML052W,non_ess,non_ess
-0.32461863269451285,-0.2133135064962441,2,2.2,-0.8748908381223552,0.026525198938992044,0.4447074884006256,1.4820689655172412,65,0.003346255866149765,YAL042C-A,non_ess,non_ess
-0.5560741995726153,-0.34382867519652605,1,0.8181818181818182,0.09851923303619856,0.004143646408839779,0.08399081839500774,4.019786910197869,517,0.0004261196661572823,YDR388W,non_ess,non_ess
-0.7296658747311922,-0.3757323831010394,0,0.7222222222222222,0.493881866980149,0.0015932023366967605,0.041740656532129584,9.70616113744076,1057,0.00015876756177741293,YKL125W,ess,ess
1.0062508768545764,-0.021891259069163945,0,1.4,12.172076082028008,0.002240021721422753,0.05618520432443164,2.54272043745728,2973,2.536631840606549e-05,YLR106C,ess,ess
1.1219786602936277,0.4247606515940231,2,1.2666666666666666,0.4311691733200741,0.019294377067254686,0.4397261467698731,0.9729483282674772,204,0.0008377110491385088,YOR108W,non_ess,non_ess
-0.09316306581641036,0.1956340220979726,2,1.4285714285714286,-0.6812994794325589,0.02372881355932204,0.5912429378531073,1.3455149501661128,187,0.0018218073053566574,YDR453C,non_ess,non_ess
0.1382925010616921,-0.1698084502628168,4,0.75,0.1966782318084897,0.011568123393316195,0.35355838181572186,1.0626398210290826,760,0.0003653091597889325,YER007W,non_ess,non_ess
-0.7875297664507178,-0.4192374393344667,0,3.5,-0.8776174769771412,0.0053475935828877,0.15464448405624875,5.364238410596029,277,0.0035908029112531135,YLR379W,ess,ess
2.3371203864036656,1.3093634616737115,0,1.5,-0.1005254033631696,0.045565500406834825,1.2870063215872816,0.6476190476190478,154,0.002018323417835216,YOR134W,non_ess,non_ess
-0.4982103078530897,-0.08859901196041915,0,0.7142857142857143,-0.8721641992675694,0.018421052631578942,0.3170430622009569,0.7518796992481204,124,0.008064516129032258,YDL118W,non_ess,non_ess
-0.4982103078530897,-0.33802800103206904,2,0.6428571428571429,-0.03508607084830883,0.005380476556495004,0.3020822513520438,3.8174603174603177,262,0.0004195246170004284,YNL330C,non_ess,non_ess
0.3697480679397946,0.22463739292025747,0,0.6451612903225806,-0.02690615428395124,0.01679389312977099,0.3726046942997788,1.5215845606907061,231,0.0006543075245365322,YLR203C,non_ess,non_ess
0.5433397430983714,-0.03639294448030638,0,3.25,2.13531845756124,0.006776904310111141,0.20982586583020307,1.1846153846153846,298,0.0004020660006804194,YNL257C,non_ess,non_ess
1.2377064437326788,1.1179412142466314,5,2.6666666666666665,0.05216637250483885,0.02648532569792412,0.3603665395484101,1.541511913604937,258,0.00047166408638666464,YPR152C,non_ess,non_ess
-0.4982103078530897,-0.2626192368941284,7,0.8,-0.9021572266702141,0.02017291066282421,0.8674351585014409,1.2108843537414966,83,0.002430471164195688,YLR311C,non_ess,non_ess
1.4691620106107812,2.1069561592865456,9,0.6086956521739131,-0.4686216487592614,0.049757281553398064,1.1869599514563107,0.957653748316624,132,0.0009193880553103851,YJL191W,non_ess,non_ess
0.022564717622640867,-0.16110743901613134,4,0.9090909090909092,-0.4249954270826876,0.01834862385321101,0.7149111119570597,1.3225609756097558,129,0.0014934926392148494,YOR385W,non_ess,non_ess
2.394984278123191,1.776317731912498,6,3.0,1.9090074326140127,0.016569767441860464,0.8209891238973537,1.22838628101786,433,0.00024235995488479503,YLR410W,non_ess,non_ess
-0.7875297664507178,-0.4424401359922946,0,0.0,-0.3077499563268953,0.001998001998001998,0.0372149097361562,0.0,1001,0.000999000999000999,YMR142C,non_ess,ess
0.7747953099764741,0.16953098835791622,1,1.125,0.5211482555280077,0.015159435441714584,0.3926192038226616,1.6815047021943577,200,0.0005541035023523262,YBR280C,non_ess,non_ess
1.4112981188912557,1.1121405400821744,5,0.8235294117647058,-0.03508607084830883,0.030745580322828595,0.7416391400818285,1.0568862275449102,194,0.0005309159488735868,YDR277C,non_ess,non_ess
0.1961563927812177,-0.19881182108510168,1,1.0,0.06307292792398231,0.0134847409510291,0.4183954050270121,0.937126600284495,406,0.0005838609641747107,YJL146W,non_ess,non_ess
-0.7296658747311922,-0.3960347426766388,1,1.375,-0.7085658679804175,0.005357142857142857,0.14262218045112782,1.216,265,0.0017924528301886792,YBR217W,non_ess,non_ess
2.6264398450012933,0.5436744719653911,1,1.1666666666666667,3.3132264428287326,0.012236710130391171,0.3950329248615411,0.7928805620608899,577,0.00027361112801141727,YLL048C,non_ess,non_ess
0.7169314182569483,0.036115482575405804,1,0.76,0.28120403630685153,0.01697998787143723,0.36651361575558056,1.828125,196,0.0011076595586688284,YJR131W,non_ess,non_ess
1.5270259023303068,1.0483331242731475,1,0.72,0.8101719741353094,0.018825638727028242,0.5500651126276062,0.8325123152709359,301,0.00032314219298885683,YKR067W,non_ess,non_ess
-0.32461863269451285,-0.3786327201832679,0,0.4,2.1244119021420964,0.0027196083763937995,0.10391094286449598,3.9938144329896894,1665,8.199660089787911e-05,YFL008W,ess,ess
0.022564717622640867,-0.2452172144007575,3,0.7894736842105263,0.12033234387448548,0.010869565217391304,0.5092155009451795,0.8346774193548389,163,0.001750466791144305,YNL022C,non_ess,non_ess
1.6427536857693583,0.3116475053871121,7,0.7307692307692307,0.33573681340256883,0.025746050321825628,1.032487155029377,0.8295454545454547,288,0.0009711657239451273,YLR120C,non_ess,non_ess
0.8905230934155252,0.17823199960460168,1,1.0384615384615383,0.2212179815015625,0.01958307012002527,0.7189953865885641,1.3223802845121222,134,0.0007259973034385872,YBR214W,non_ess,non_ess
0.08042860934216649,-0.14080507944053192,0,1.0952380952380951,0.1803183986797745,0.01105331599479844,0.25140875596012136,1.9787234042553201,262,0.0009752925877763328,YGL158W,non_ess,non_ess
-0.7296658747311922,-0.4424401359922946,0,1.0,-0.7385588953830621,0.005692599620493359,0.2846299810246679,3.1715210355987056,229,0.0015329416736408607,YLR193C,non_ess,non_ess
3.147214870477024,2.141760204273288,13,0.5,0.191224954098918,0.045161290322580636,0.8153024193548386,1.1160295103957076,74,0.001987794245858762,YPR002W,non_ess,non_ess
-0.2088908492554616,-0.2423168773185289,2,1.5384615384615383,0.5675011160593674,0.006109979633401222,0.10536484515847183,2.1136653895274584,635,0.0002894622897188768,YPR190C,ess,non_ess
0.1961563927812177,0.06511885339769068,1,0.6470588235294118,-0.7685519227857065,0.038461538461538464,0.655185610409491,0.5549611734253668,140,0.0022990167727009827,YIL057C,non_ess,non_ess
-0.6718019830116665,-0.3931344055944103,0,1.0,-0.7085658679804175,0.0071428571428571435,0.19698660714285715,0.7659574468085106,298,0.0017857142857142854,YLR031W,non_ess,non_ess
-0.6139380912921409,-0.3032239560453272,0,0.42857142857142855,-0.6958415533247502,0.008710801393728224,0.22230541077547727,1.3081081081081078,195,0.005128205128205128,YML094W,non_ess,non_ess
-0.3824825244140385,-0.30902463020978416,3,0.7222222222222222,0.6574801982673009,0.004362578768783325,0.1120969934856886,1.3362962962962963,402,0.0015060422560006558,YDL199C,non_ess,non_ess
0.5433397430983714,0.27974379748259875,1,0.9,0.8238051684092387,0.011130899376669634,0.2332377741835825,1.0181818181818183,738,0.00044523597506678533,YLR135W,non_ess,non_ess
-0.7875297664507178,-0.4192374393344667,1,1.0952380952380951,0.191224954098918,0.0012903225806451613,0.03803431708991078,11.051980198019802,1127,0.00021925179609010503,YOR149C,ess,ess
0.022564717622640867,-0.2887222706341848,1,2.6666666666666665,-0.3895491219704713,0.01756311745334797,0.7072081961214783,1.030534351145038,253,0.0010803399816906236,YOR238W,non_ess,non_ess
0.8905230934155252,0.2681424491536848,2,0.8363636363636363,-0.08689220908924028,0.02491961414790997,0.6170394010654126,1.1881975233144777,198,0.0005724447042775017,YMR253C,non_ess,non_ess
-0.2667547409749872,-0.2800212593874993,1,1.0,0.08488603876226923,0.007676203768318212,0.2220110565049764,1.120035304501324,491,0.0009010763171845488,YLR341W,non_ess,non_ess
0.5433397430983714,-0.12920373111161798,0,2.4,0.10942578845534202,0.017123287671232876,0.5006308579668348,0.8308074534161493,820,0.00018793852322084863,YNL137C,non_ess,non_ess
-0.2667547409749872,-0.02769193323362092,9,1.8,-1.000316225442505,0.04602510460251046,1.4034743922461737,0.3379679144385025,76,0.00434926227703149,YMR175W,non_ess,non_ess
1.8742092526474603,0.28264413456482723,3,0.5714285714285714,0.27575075859727977,0.02921485088253196,1.6956299452221544,0.8333333333333334,178,0.0013472204175699427,YGR041W,non_ess,non_ess
-0.6718019830116665,-0.3931344055944103,0,2.4,0.9737703054224612,0.0016590626296142678,0.042925620442171686,3.26896551724138,1638,0.00025802576611369646,YLR182W,non_ess,ess
0.5433397430983714,0.010012448835349415,0,0.625,0.4093560624817872,0.013966480446927372,0.4806316081074842,0.6972881355932204,288,0.0007914338919925512,YDR144C,non_ess,non_ess
0.5433397430983714,-0.1872104727561877,1,1.2727272727272727,0.7201928919273758,0.01172607879924953,0.6592778410613775,1.3650000000000002,229,0.0007762766576271742,YDR436W,non_ess,non_ess
-0.8453936581702434,-0.4511411472389801,0,2.2,-0.4440818990661886,0.0011750881316098707,0.027696282519202184,4.253521126760563,838,0.0007684347209095574,YGL128C,ess,ess
-0.3824825244140385,-0.12050271986493252,1,1.3333333333333333,-0.5913203972246254,0.013062409288824385,0.39289678135405104,1.1111111111111112,182,0.0019139061229046714,YDR486C,non_ess,non_ess
-0.9032575498897693,-0.45694182140343703,1,0.42857142857142855,-0.5776872029506961,0.0,0.0,0.0,433,0.0014204545454545455,YKR014C,non_ess,non_ess
-0.7875297664507178,-0.4424401359922946,0,1.75,0.8456182792475256,0.000881057268722467,0.0189442145389282,10.005319148936168,839,0.0005450163557413116,YNL161W,ess,ess
0.4854758513788458,-0.20171215816733007,6,0.7076923076923077,-0.3104765951816812,0.02404809619238477,0.4222523258808119,0.7970737913486006,291,0.001205159459813097,YJR009C,non_ess,non_ess
-0.7296658747311922,-0.4192374393344667,3,0.5,-0.5804138418054818,0.0042796005706134095,0.13003920159052873,1.4205816554809845,281,0.001177778567476051,YOR125C,non_ess,non_ess
1.2955703354522043,0.6219835731855602,9,0.6666666666666666,0.5047884223992924,0.020052770448548814,0.4339707134522596,0.768866610971874,329,0.0004908132904540023,YOR356W,non_ess,non_ess
-0.15102695753593598,-0.09439968612487612,2,0.8604651162790697,-0.5804138418054818,0.018544935805991442,0.5148524995862266,0.6454406520631684,167,0.0016571706800379276,YEL057C,non_ess,non_ess
2.394984278123191,1.0309311017797769,1,0.14285714285714285,1.6008972420232102,0.01838116736536601,0.8242932387401914,0.7443609022556391,737,0.0003216015142837016,YKR028W,non_ess,non_ess
-0.32461863269451285,-0.1814097985917308,0,1.2,-0.3731892888417561,0.010764262648008612,0.23143164693218515,1.2952380952380953,316,0.0008652287065171483,YKL107W,non_ess,non_ess
0.08042860934216649,-0.1930111469206447,0,1.0909090909090908,-0.7276523399639185,0.031539888682745834,0.8644067796610171,0.5932629462041227,103,0.0024497000918637536,YDR185C,non_ess,non_ess
-0.2667547409749872,-0.2742205852230423,4,0.8,-0.5613273698219808,0.015235457063711913,0.3502584458977068,1.6114443931702818,160,0.0012119113573407206,YPL077C,non_ess,non_ess
-0.2667547409749872,0.05641784215100521,10,1.0,-0.6185867857724839,0.016691957511380882,1.1084362055530492,1.9786096256684491,150,0.0013657056145675265,YAR002C-A,non_ess,non_ess
-0.09316306581641036,-0.1698084502628168,9,0.8888888888888888,-0.092345486798812,0.011308562197092085,0.4782579429186861,0.43768996960486334,421,0.0015982409755985248,YOR201C,non_ess,non_ess
-0.9032575498897693,-0.45694182140343703,0,1.8,-0.10597868107274132,0.0,0.0,0.0,1223,0.00022129677234311826,YHR107C,ess,ess
-0.15102695753593598,-0.3467290122787545,12,1.6666666666666667,0.4884285892705773,0.0069259456579648365,0.15173508965637938,1.1490880253766853,722,0.00036673716087881137,YAL011W,non_ess,non_ess
-0.9032575498897693,-0.45694182140343703,0,1.375,-0.5231544258549787,0.0,0.0,0.0,764,0.0008668896137715523,YFL045C,ess,ess
-0.4982103078530897,-0.3525296864432115,0,0.6,0.5102417001088642,0.003682272488164124,0.11885122052223356,4.592153960029608,369,0.0003421391394345295,YDR477W,non_ess,ess
-0.7875297664507178,-0.3931344055944103,0,1.3333333333333333,-0.7603720062213489,0.003976143141153081,0.1063344702427636,5.040462427745664,234,0.00148680566175596,YKL122C,ess,ess
-0.2088908492554616,-0.2887222706341848,2,0.5714285714285714,1.5763574923301376,0.003903708523096942,0.10650393736118276,3.4523809523809517,676,0.00023483848117249848,YKL210W,ess,ess
-0.2088908492554616,-0.1872104727561877,1,1.5833333333333333,0.7065596976534465,0.005668398677373642,0.23003287285627524,0.5244648318042813,570,0.0008403152425229348,YMR163C,non_ess,non_ess
0.311884176220269,-0.05669530405590579,0,1.5,-0.04871926512223816,0.016329704510108862,0.3415919393799014,0.9341614906832298,247,0.000985386063555827,YJL139C,non_ess,non_ess
-0.4403464161335641,-0.349629349360983,0,1.3333333333333333,0.21031142608241904,0.005092297899427115,0.12694184661084726,0.7341867469879517,1149,0.0006232414204586057,YER021W,ess,ess
-0.6139380912921409,-0.35543002352543995,0,1.1666666666666667,-0.2723036512146791,0.004807692307692308,0.1387871387871388,2.4034682080924856,620,0.0005102357320099255,YIL019W,ess,ess
-0.2667547409749872,-0.2336158660718435,3,0.3333333333333333,0.6711133925412303,0.005293551491819057,0.2564318501517731,2.999373040752352,276,0.0004027702222036239,YDR314C,non_ess,non_ess
-0.2088908492554616,0.13182660628894588,0,1.0,0.3848163127887144,0.006806579693703914,0.2205593612286749,0.5473684210526316,286,0.0013049910951215544,YOR308C,non_ess,non_ess
0.1382925010616921,-0.06539631530259125,0,0.95,0.2048581483728473,0.011501597444089457,0.38406868029557617,1.420479302832244,163,0.0009643466159666008,YOR306C,non_ess,non_ess
-0.035299174096884746,0.4015579549361952,0,0.0,1.0882891373234675,0.005912495072920773,0.20607590442902005,2.579063360881543,785,0.00021892550758330844,YBR202W,ess,ess
-0.5560741995726153,-0.018990921986935458,0,1.25,-0.7903650336239935,0.01276595744680851,0.3110051357300073,0.4296296296296296,281,0.0016884985235102595,YPL200W,non_ess,non_ess
1.6427536857693583,0.44796334825185097,0,0.875,2.7051859782114858,0.010194624652455976,0.3546596642982185,0.809023066485753,461,0.00028949436993761803,YDR326C,non_ess,non_ess
2.27925649468414,1.0889378434243466,2,0.3225806451612903,0.556594560640224,0.028176229508196718,0.5199142476767254,1.0491064491064492,164,0.0006778538584566174,YJR004C,non_ess,non_ess
-0.4982103078530897,-0.35543002352543995,2,1.5,-0.8721641992675694,0.018421052631578942,0.5097843728263389,0.7011583011583012,68,0.013235294117647059,YKL123W,non_ess,non_ess
-0.7875297664507178,-0.4511411472389801,2,4.0,0.1748651209702028,0.0013054830287206266,0.03867082080874125,28.39086294416244,375,0.00048563968668407327,YGL055W,ess,ess
0.022564717622640867,-0.2423168773185289,0,2.25,-0.6294933411916275,0.02472952086553323,0.8449599314223369,0.5433789954337899,92,0.002939990592030105,YCR020C,non_ess,non_ess
-0.15102695753593598,-0.2858219335519563,0,5.0,4.681999147931237,0.0020027730704051767,0.04994867777998452,5.720615384615384,2028,5.348020943579291e-05,YER172C,ess,ess
-0.035299174096884746,-0.11760238278270405,0,2.2857142857142856,0.777452307877879,0.006833712984054671,0.14484956049023856,2.307305936073059,511,0.0002959938304900392,YKL112W,ess,ess
-0.7296658747311922,-0.4221377764166952,0,0.8571428571428571,-0.8530777272840684,0.007481296758104737,0.5458163102881095,2.043478260869565,401,0.002419139184457808,YJR023C,ess,non_ess
-0.32461863269451285,-0.29742328188087025,9,0.0,-0.21231759640939007,0.009041591320072331,0.4714098646879093,0.9218543046357616,271,0.0008107404763016889,YIR025W,non_ess,non_ess
0.1961563927812177,-0.1002003602893331,7,1.1875,-0.03781270970309469,0.01463790446841294,1.040324481102148,0.962082625919638,174,0.001567398119122257,YOR197W,non_ess,non_ess
-0.4403464161335641,-0.36413103477212544,0,0.4,-0.8776174769771412,0.0213903743315508,0.7537638831756479,1.1206896551724137,103,0.003063184673692955,YDL071C,non_ess,non_ess
0.08042860934216649,-0.09149934904264764,2,0.6956521739130435,-0.193231124425889,0.015084294587400175,0.6012767425810904,1.0777310924369743,254,0.001131846096877642,YDR142C,non_ess,non_ess
0.6590675265374226,1.0338314388620051,1,1.0,-0.8149047833170663,0.06094808126410835,1.6132466059717778,1.640146319158665,27,0.0031769918903101746,YJL211C,non_ess,non_ess
-0.5560741995726153,-0.13210406819384646,2,0.5454545454545454,-0.32229203021908664,0.006091370558375634,0.11785109983079525,2.238341968911917,282,0.0007092198581560284,YBR119W,non_ess,non_ess
-0.15102695753593598,-0.26841991105858537,1,0.6470588235294118,1.4591120215743452,0.004414261460101867,0.09010957342171044,1.98986013986014,934,0.000174505476927104,YMR185W,ess,ess
1.1219786602936277,0.3812555953605958,0,0.7142857142857143,1.870834488647011,0.010300176574455562,0.20841920807986306,1.239086563993627,282,0.0004957025200472535,YKL105C,non_ess,non_ess
0.022564717622640867,-0.1466057536049889,2,0.4444444444444444,-0.3650093722773985,0.017057569296375266,1.9566169154228856,0.7085755813953488,501,0.0006788129497933773,YDR368W,non_ess,non_ess
-0.9032575498897693,-0.45694182140343703,0,1.3333333333333333,-0.7058392291256317,0.0,0.0,0.0,563,0.0007130034798355676,YDR454C,ess,ess
-0.3824825244140385,-0.25101788856521445,1,0.8888888888888888,-0.17414465244238794,0.0078397212543554,0.15709026362500822,2.453703703703704,251,0.001120951733137138,YOL116W,non_ess,non_ess
-0.6718019830116665,-0.3989350797588673,1,1.0,-0.8448978107197108,0.00975609756097561,0.279233449477352,0.4487179487179487,275,0.003636363636363637,YBR226C,non_ess,non_ess
-0.2088908492554616,-0.1814097985917308,10,1.375,-0.4386286213566168,0.014002333722287048,0.3851562979794878,0.9973753280839894,160,0.0019326137689614933,YER083C,non_ess,non_ess
0.08042860934216649,-0.14950609068721735,0,0.8333333333333334,-0.7903650336239935,0.03617021276595744,0.6627710967211429,0.9831932773109244,57,0.0053378126166480026,YPR193C,non_ess,non_ess
-0.2667547409749872,-0.236516203154072,3,0.7826086956521741,-0.8094515056074946,0.024498886414253896,0.6318433728699435,0.7664884135472371,158,0.0021284993374869614,YOR286W,non_ess,non_ess
-0.15102695753593598,0.0593181792332337,0,0.8888888888888888,-0.7467388119474196,0.02509652509652509,0.703543927007614,1.541331802525833,108,0.0022701272701272693,YNL046W,non_ess,non_ess
0.1961563927812177,0.007112111753120929,2,0.4705882352941176,0.1257856215840572,0.012855209742895805,0.3124020018471981,1.7468549422336326,150,0.0009472259810554804,YOL112W,non_ess,non_ess
-0.5560741995726153,-0.4134367651700097,5,1.05,-0.8012715890431369,0.013100436681222708,0.5716068086623296,4.293814432989692,148,0.0016523073291632242,YCL058C,non_ess,non_ess
-0.7875297664507178,-0.42793845058115215,3,0.6363636363636364,-1.043942447119079,0.010471204188481676,0.2913157295697701,2.164705882352941,191,0.002521860694608152,YLR402W,non_ess,non_ess
-0.6139380912921409,-0.3148253043742412,2,1.5,-0.9266969763632869,0.015625,0.6344401041666666,3.2316831683168323,191,0.0012434554973821989,YMR158W-B,non_ess,non_ess
-0.15102695753593598,0.053517505068776734,2,1.2105263157894737,-0.4222687882279017,0.014857142857142857,0.2457786357786358,0.9899665551839464,193,0.002232420429311621,YDL129W,non_ess,non_ess
-0.15102695753593598,-0.05089462989144882,5,1.75,-0.6622130074490578,0.02127659574468085,0.550644869793806,1.0052928722653496,136,0.002924328487532493,YER128W,non_ess,non_ess
-0.2088908492554616,-0.2336158660718435,2,0.9090909090909092,-0.4095444735722344,0.013498312710911136,0.46048529648079706,1.4259259259259265,119,0.0012288379918896693,YNL246W,non_ess,non_ess
-0.2667547409749872,-0.2655195739763569,0,1.4444444444444444,-0.04871926512223816,0.008553654743390357,0.2728549555740413,1.1549586776859504,589,0.00046207426457580265,YGL196W,non_ess,non_ess
-0.4982103078530897,-0.3467290122787545,6,1.0555555555555556,-0.3022966786173236,0.0069513406156901675,0.22931048922602024,1.4100386100386102,467,0.0007314962287541813,YGR058W,non_ess,non_ess
-0.3824825244140385,-0.2945229447986418,1,0.8235294117647058,1.1510018309835426,0.0034535686876438986,0.07170496104820419,1.8687546607009693,1628,0.0002055358924123314,YPL174C,non_ess,non_ess
-0.32461863269451285,-0.3119249672920127,0,0.5,1.1128288870165404,0.0039001560062402493,0.07320970258165166,3.182119205298013,2246,0.00013961377689301698,YAL041W,ess,ess
-0.3824825244140385,-0.17850946150950225,0,3.5,-0.8967039489606422,0.025495750708215296,0.570922703358964,1.620671834625323,99,0.0021174922024780377,YGR182C,non_ess,non_ess
-0.3824825244140385,-0.2887222706341848,1,0.7142857142857143,0.9846768608416048,0.003714403631861329,0.3532783765965772,2.5117227319062185,1086,0.00020445561223054995,YMR049C,ess,non_ess
0.4276119596593202,-0.11180170861824704,2,1.2,0.8183518906996671,0.010267857142857145,0.3521166871921182,1.0345596432552957,265,0.0005188679245283019,YDL234C,non_ess,non_ess
-0.8453936581702434,-0.4511411472389801,2,7.0,0.4802486727062197,0.0005353319057815847,0.05603777913735087,15.056603773584907,678,0.0002834574545362668,YOR147W,non_ess,ess
-0.8453936581702434,-0.4221377764166952,1,0.5555555555555556,-0.7094747475986795,0.0017889087656529515,0.03586762075134168,13.457943925233648,276,0.0016268699281843874,YIL004C,ess,non_ess
-0.4982103078530897,-0.02769193323362092,2,0.5,-0.9021572266702141,0.02017291066282421,0.6179634966378482,1.353383458646617,197,0.0015506370777805408,YLR184W,non_ess,non_ess
-0.2667547409749872,-0.29162260771641324,2,1.0,-0.476801565323619,0.013496932515337423,0.2549287873029661,2.045454545454546,259,0.003861003861003861,YOL009C,non_ess,non_ess
-0.6718019830116665,-0.38733373142995337,5,1.25,-0.6076802303533405,0.005961251862891207,0.11458419297368408,3.886075949367089,240,0.0009376552409339297,YDL139C,ess,non_ess
0.3697480679397946,0.14632829170008832,3,0.5306122448979592,-0.5858671195150535,0.031654676258992806,0.8845260633598385,1.1586674195369846,86,0.002844236238915844,YEL072W,non_ess,non_ess
3.6679898959527546,1.1585459333978303,3,0.6875,2.9723965859805004,0.017136659436008676,0.8434015360262648,0.6409060626249169,319,0.0002509196988963613,YPR184W,non_ess,non_ess
2.394984278123191,0.9642233488885216,0,0.6111111111111112,2.8278847266768485,0.012806110986295216,0.29454055268479,1.1446580523164198,549,0.00022262245155608588,YKL010C,non_ess,non_ess
-0.5560741995726153,-0.3757323831010394,4,1.5555555555555556,0.8319850849735962,0.0026607538802660754,0.11715993444519425,1.864864864864865,736,0.0007850911018991612,YKR029C,non_ess,non_ess
-0.4403464161335641,-0.2829215964697278,3,1.5,-0.34592290029389744,0.008342022940563087,0.2987254773655081,3.0875000000000004,237,0.0007699651975730697,YLR457C,ess,non_ess
-0.09316306581641036,-0.2597188998118999,2,0.6071428571428571,-0.17414465244238794,0.012195121951219513,0.3478474382059257,1.6915799432355725,114,0.0011079528088513966,YLR180W,non_ess,non_ess
-0.09316306581641036,-0.2220145177429296,2,1.8571428571428568,1.240980913191476,0.005175600739371534,0.1991168617785993,1.2100840336134455,956,0.00032792210303250605,YPL150W,non_ess,non_ess
-0.3824825244140385,-0.2829215964697278,18,0.7307692307692307,-0.6185867857724839,0.013657056145675266,0.487597469913911,1.860036832412524,102,0.002186914219405516,YOR064C,non_ess,non_ess
-0.4982103078530897,-0.3699317089365824,0,0.25,-0.8176314221718521,0.01590909090909091,0.5017045454545455,0.7384615384615384,215,0.002695560253699789,YNL319W,non_ess,non_ess
0.2540202845007433,0.1521289658645453,3,1.0909090909090908,0.21849134264677664,0.012658227848101266,0.29428836060512503,2.0625000000000004,305,0.0007698692674828803,YMR023C,non_ess,non_ess
-0.09316306581641036,-0.1031006973715616,1,13.0,-0.6213134246272698,0.021341463414634148,0.5926151761517616,0.7818532818532817,170,0.0014257532281205165,YER063W,non_ess,non_ess
-0.6139380912921409,-0.4018354168410958,0,1.5,0.04671309479526712,0.003594536304816678,0.13609557375228676,2.670857142857144,934,0.0002894102035569746,YKL143W,non_ess,ess
-0.4403464161335641,-0.11180170861824704,0,5.0,0.6438470039933716,0.00390625,0.14715998427672955,4.030594405594406,900,0.00012966579861111108,YJL034W,ess,ess
-0.6139380912921409,-0.4192374393344667,3,0.5833333333333334,-0.14415162503974344,0.004233700254022015,0.32750695536470303,1.4,969,0.0006361473240305526,YJR032W,non_ess,non_ess
-0.6718019830116665,-0.3032239560453272,0,1.0833333333333333,-0.8803441158319271,0.01078167115902965,0.8160675524175274,0.965811965811966,274,0.002656068624943436,YDL241W,non_ess,non_ess
-0.7296658747311922,-0.4192374393344667,3,1.125,-0.4468085379209745,0.003537735849056604,0.06528545868575147,3.778501628664496,195,0.0010522496371552976,YOR104W,non_ess,non_ess
-0.8453936581702434,-0.4540414843212086,5,0.8484848484848485,-0.8994305878154281,0.002857142857142857,0.09172655565293597,4.989795918367348,156,0.006263736263736264,YGR035C,non_ess,non_ess
-0.9032575498897693,-0.45694182140343703,1,0.92,-1.0330358916999354,0.0,0.0,0.0,203,0.0030818510519546693,YLR264W,non_ess,non_ess
0.9483869851350506,0.12022525796003193,3,0.6538461538461539,1.1564551086931143,0.012251148545176107,0.3996619496355792,0.9303308823529411,642,0.0002677553396020285,YCR030C,non_ess,non_ess
-0.32461863269451285,-0.3119249672920127,1,0.5,0.10942578845534202,0.00684931506849315,0.1962869502523432,1.5935483870967746,365,0.0007055732782886095,YOR043W,non_ess,non_ess
0.3697480679397946,-0.018990921986935458,4,0.8571428571428571,-0.17959793015195968,0.01926444833625219,1.2657456055004217,0.8481152993348116,89,0.0017611523249178452,YGL263W,non_ess,non_ess
-0.2667547409749872,-0.2829215964697278,1,1.0526315789473684,-0.18505120786153145,0.009683098591549295,0.3415052816901408,1.1428571428571432,236,0.0008802816901408451,YNR074C,non_ess,non_ess
0.022564717622640867,-0.04219361864476336,0,1.2222222222222223,1.360953022802054,0.005639760310186817,0.24708742086253546,1.5373263888888888,963,0.00018777239350505168,YIL075C,ess,ess
0.1382925010616921,-0.14950609068721735,6,0.8571428571428571,0.8647047512310266,0.00785683107813182,0.2578724200286837,1.6153846153846154,457,0.0003142350382573996,YNL311C,non_ess,non_ess
0.5433397430983714,0.16663065127568774,4,0.9473684210526316,-0.06780573710573921,0.01976284584980237,0.6559853190287973,0.9256198347107436,219,0.0011514790549930509,YOL031C,non_ess,non_ess
0.1382925010616921,0.14052761753563134,1,1.4,-0.3541028168582551,0.01894736842105264,0.4452251109701966,1.263318112633181,238,0.0007386112339672711,YBR151W,non_ess,non_ess
-0.6139380912921409,-0.3525296864432115,0,0.3333333333333333,-0.8230846998814239,0.01152073732718894,0.18621084797555387,1.0352941176470591,277,0.001447370610058394,YIL060W,non_ess,non_ess
-0.32461863269451285,-0.2423168773185289,7,1.6666666666666667,-0.7521920896569914,0.01953125,0.3481770833333333,0.9502262443438916,125,0.004640625,YDL177C,non_ess,non_ess
0.08042860934216649,-0.2336158660718435,1,0.7037037037037037,0.36300320195042746,0.0097757331799885,0.25936005277915225,1.6862745098039216,162,0.0010081002988804409,YKL124W,non_ess,non_ess
-0.4982103078530897,-0.2858219335519563,0,0.4666666666666667,-0.9376035317824302,0.022727272727272728,1.0138888888888888,0.8228571428571431,112,0.008928571428571428,YDL158C,non_ess,non_ess
-0.5560741995726153,-0.3061242931275557,7,3.333333333333333,-0.8149047833170663,0.013544018058690743,0.4143922292906491,1.2157894736842108,96,0.0025395033860045146,YMR225C,non_ess,non_ess
-0.7875297664507178,-0.4163371022522382,0,0.7073170731707317,-0.5422408978384797,0.00269179004037685,0.0637181596131798,8.142857142857144,242,0.002797459484110653,YKL152C,ess,ess
-0.8453936581702434,-0.4453404730745231,2,1.5,-0.978503114604218,0.0038022813688212928,0.13579838724490734,1.2469879518072289,181,0.0035922105749637634,YGL032C,non_ess,non_ess
2.68430373672082,2.4259932383316802,4,0.5172413793103449,0.2212179815015625,0.03916614024005054,0.6665439719592853,0.6827956989247311,105,0.0013837499623980988,YDR072C,non_ess,non_ess
0.08042860934216649,-0.08279833779596217,3,2.6,0.2457577311946353,0.010559006211180123,0.3374388793445223,1.1898734177215189,348,0.0006282572999214678,YOL033W,non_ess,non_ess
-0.6139380912921409,-0.3960347426766388,1,0.0,0.6602068371220868,0.002420135527589545,0.06382876525054869,3.672897196261682,924,0.00027187236770973456,YGR099W,ess,ess
-0.6718019830116665,-0.3670313718543539,5,0.9523809523809524,1.08010922075911,0.0015822784810126582,0.04557715491259795,0.25,892,0.0009064398024635296,YOR133W,non_ess,non_ess
-0.4403464161335641,-0.38733373142995337,0,1.6,-0.6322199800464133,0.012422360248447204,0.2699792960662526,2.2900763358778624,323,0.0005192008153375767,YDR408C,non_ess,non_ess
0.022564717622640867,0.453764022416308,1,4.666666666666667,-0.5813227214237439,0.022857142857142857,1.5331343283582088,0.513561320754717,249,0.001640849110728629,YLR306W,non_ess,non_ess
-0.9032575498897693,-0.45694182140343703,0,7.5,0.4775220338514338,0.0,0.0,0.0,1241,0.00016677720337097342,YAR007C,ess,ess
-0.32461863269451285,-0.3670313718543539,6,1.5,-0.4249954270826876,0.01146788990825688,0.5500176429075512,0.5658031088082902,186,0.0014550656012627008,YCR016W,non_ess,non_ess
-0.15102695753593598,-0.2800212593874993,0,1.1052631578947372,1.9226406268879424,0.0037626628075253256,0.14381024798253575,2.7230769230769227,988,0.00013417156383109616,YBL105C,ess,ess
0.6012036348178971,0.062218516315462186,9,0.44,0.6574801982673009,0.012603005332040715,0.2940977625838712,1.3595706618962435,238,0.0006354456469936496,YBL060W,non_ess,non_ess
0.4854758513788458,-0.1930111469206447,2,0.6578947368421053,1.5218247152344202,0.007962840079628402,0.1758158894854316,1.5632183908045978,375,0.0007201946472019465,YDR270W,non_ess,non_ess
0.8905230934155252,0.2681424491536848,0,0.56,0.4120827013365729,0.01728945900725042,0.4000478049557804,0.9112426035502958,382,0.0008672469726656603,YKL032C,non_ess,non_ess
-0.32461863269451285,-0.33802800103206904,4,0.7407407407407407,-0.2613970957955357,0.009505703422053232,0.1884488357247925,1.7125,221,0.0022839495552535137,YJR043C,non_ess,non_ess
-0.5560741995726153,-0.3931344055944103,0,7.0,1.1264620812904698,0.0023264831329972853,0.11714665068678252,3.953125,935,0.00020983965513308853,YDR416W,ess,ess
1.064114768574102,0.6074818877744178,3,0.5,-0.4195421493731158,0.0387243735763098,1.190415928456931,0.7487394957983192,142,0.004251018640315698,YNL202W,non_ess,non_ess
1.0062508768545764,1.3963735741405665,2,0.967741935483871,-0.9430568094920021,0.10927152317880796,2.937544032689869,0.8046567368601267,49,0.005068252466549535,YJL150W,non_ess,non_ess
3.3208065456356013,1.2571573941935992,1,0.5238095238095238,3.7876616035614736,0.013255856183039769,0.4044606734900949,1.0980332134384327,317,0.0002050730959564512,YBR208C,non_ess,non_ess
-0.7296658747311922,-0.4395397989100661,3,0.6875,-0.5722339252411243,0.004225352112676056,0.0823172612316233,1.4652406417112305,551,0.0009534521101198844,YJR099W,non_ess,non_ess
-0.4403464161335641,-0.2278151919073865,2,2.5,0.08215939990748337,0.0055944055944055935,0.19193364774760124,1.2317708333333337,346,0.0009862969400541656,YGR117C,non_ess,non_ess
2.1635287112450885,0.6509869440078451,7,0.4838709677419355,0.6765666702508021,0.02543186180422265,0.5916096229737458,0.710691823899371,304,0.0003062177997777553,YIL009W,non_ess,non_ess
-0.7296658747311922,-0.4076360910055528,4,0.9,-0.1168852364918848,0.002477291494632535,0.043038918142138616,5.890710382513663,418,0.0006064820485264659,YJR013W,ess,non_ess
1.0062508768545764,0.8163061576948688,11,1.1304347826086956,-0.2613970957955357,0.03136882129277566,0.7945706510200536,0.767886332201685,96,0.0012179182509505706,YKL150W,non_ess,non_ess
0.1382925010616921,-0.1466057536049889,8,1.375,0.3248302579834253,0.01060695344725987,0.30123091012914793,1.1623931623931625,253,0.0009549518913870328,YJR052W,non_ess,non_ess
-0.4982103078530897,-0.349629349360983,2,0.53125,0.1830450375345604,0.004542504866969501,0.19599676038412592,1.0238095238095235,594,0.0006587615283267457,YDR169C,non_ess,non_ess
3.841581571111332,2.069251777217575,1,1.5,1.6745164911024286,0.025769956002514145,0.5955223020318988,1.0303102060146816,860,0.00026676216508558315,YNL278W,non_ess,non_ess
1.9320731443669856,0.8830139105861241,1,0.7586206896551724,1.2900604125776216,0.017760057992026096,0.4042134129037877,1.3100283175471148,845,0.00016299533962009217,YBR033W,non_ess,non_ess
-0.15102695753593598,-0.1002003602893331,11,0.8333333333333334,-0.08689220908924028,0.01045016077170418,0.3030158141981138,1.6040548598688131,274,0.0007451827164550428,YDR282C,non_ess,non_ess
0.311884176220269,-0.19881182108510168,0,2.0,2.3670827602180378,0.005324543610547667,0.10676020710175926,2.353479853479853,1155,0.00013171412765733257,YPL016W,ess,ess
0.1961563927812177,-0.013190247822478482,2,0.7777777777777778,0.7610924747491637,0.008727606798346348,0.19266192007349564,1.3525433695971776,437,0.00027750068586817245,YNR044W,non_ess,non_ess
-0.6718019830116665,-0.3235263156209266,2,0.7142857142857143,-0.2595793365590117,0.003795066413662239,0.11717267552182165,2.0125786163522013,550,0.0005916853544937037,YHR203C,non_ess,non_ess
-0.32461863269451285,-0.25101788856521445,0,1.2,1.0828358596138958,0.003951007506914264,0.09946862980672318,2.625,357,0.0005500422215508092,YLL054C,non_ess,non_ess
-0.035299174096884746,-0.2394165402363005,5,0.4,-0.11961187534667066,0.012417218543046357,0.22819806730639275,2.193006993006993,153,0.0012173743669653292,YER154W,non_ess,non_ess
-0.7875297664507178,-0.4337391247456092,0,0.9189189189189192,-0.5531474532576232,0.002735978112175102,0.057827633378932965,7.665094339622643,344,0.00059650685585213,YGR267C,ess,ess
-0.6139380912921409,-0.4134367651700097,5,0.7272727272727273,-0.2968434009077519,0.004935834155972359,0.21014520727746008,1.678125,421,0.0007995816851242635,YDR265W,non_ess,non_ess
-0.4403464161335641,-0.1640077760983598,0,0.0,-0.7876383947692076,0.016913319238900642,0.3749435826781006,0.2648809523809524,329,0.0025125789598822753,YGR275W,non_ess,non_ess
-0.7875297664507178,-0.4250381134989237,1,1.2,-0.2177708741189618,0.0018181818181818184,0.06006493506493505,3.7024793388429753,724,0.00024987443495730794,YMR028W,ess,ess
0.1961563927812177,-0.13790474235830344,2,2.0,1.8244816281156515,0.005676725425754407,0.18122439071236496,2.6681440443213296,257,0.00036155265357559296,YGL094C,non_ess,non_ess
2.0478009278060374,2.1852652605067147,7,1.2857142857142858,-0.7521920896569914,0.099609375,4.730328615470851,1.0070112893642305,35,0.002622767857142857,YDR260C,non_ess,non_ess
-0.8453936581702434,-0.36413103477212544,18,0.5777777777777777,-0.8857973935414988,0.0027397260273972607,0.059609796596097976,14.291338582677165,146,0.002270594858322387,YGL088W,non_ess,non_ess
-0.8453936581702434,-0.4540414843212086,0,1.25,0.2893839528712091,0.0006031363088057903,0.021846425841858585,4.295081967213116,1157,0.00040608745424348366,YML069W,ess,ess
-0.32461863269451285,-0.1872104727561877,2,0.9090909090909092,-0.032359431993522966,0.007668711656441719,0.18322743207712533,1.136065573770492,124,0.0021398179299426086,YOR032C,non_ess,non_ess
-0.8453936581702434,-0.4424401359922946,0,2.333333333333333,-0.8339912553005673,0.0023696682464454982,0.2105055292259084,2.8235294117647056,310,0.00224736278856444,YLR275W,ess,ess
-0.8453936581702434,-0.2423168773185289,0,1.0,-0.8721641992675694,0.002631578947368421,0.059742647058823525,3.76036866359447,273,0.0011760169654906494,YER071C,non_ess,non_ess
2.2213926029646145,9.5144170672981,5,0.5625,-0.6758462017229871,0.09060402684563758,1.5345158197507192,1.2133333333333334,84,0.0024368807925854905,YPL067C,non_ess,non_ess
-0.7875297664507178,-0.4192374393344667,1,1.0,-0.6922060348517023,0.0034602076124567475,0.07547039887069841,3.3131868131868134,284,0.001486427213801842,YOR297C,non_ess,non_ess
0.4276119596593202,-0.007389573658021506,0,6.0,1.0528428322112513,0.009207365892714172,0.4120993764708737,1.77639751552795,510,0.0002739446459128087,YFL024C,ess,non_ess
0.6012036348178971,0.25364076374254235,3,0.8421052631578947,-0.9130637820893576,0.07761194029850746,2.4607296849087894,0.4390243902439024,123,0.0031549569227035555,YPR170C,non_ess,non_ess
1.2377064437326788,0.07091952756214764,0,1.0,1.1755415806766152,0.01405241169768325,0.30931799175862873,1.165057915057915,216,0.0005802422247541884,YPR194C,non_ess,non_ess
0.4854758513788458,0.0593181792332337,1,0.5,0.6629334759768727,0.011599806669888834,0.5926901218313028,1.3882978723404256,465,0.000277522256349491,YBR043C,non_ess,non_ess
-0.2667547409749872,-0.16110743901613134,0,1.2666666666666666,-0.16596473587803034,0.00950734658599827,0.22693622937882826,2.702097902097904,336,0.0003884224389842368,YJR072C,ess,ess
0.1382925010616921,0.16663065127568774,1,3.5,-0.9185170597989292,0.0547112462006079,1.4958323232699946,0.515356820234869,138,0.0025549535262763753,YPR014C,non_ess,non_ess
1.2377064437326788,0.7960037981192694,5,0.7222222222222222,1.0146698882442493,0.01506514657980456,0.5650096566832896,0.8815826135413763,256,0.0005280435667752443,YJR059W,non_ess,non_ess
-0.4403464161335641,-0.2858219335519563,0,0.6666666666666666,-0.6622130074490578,0.01309328968903437,0.25023817084788824,0.5903083700440528,363,0.0016456786282705047,YJR118C,non_ess,non_ess
-0.2667547409749872,-0.349629349360983,7,0.6296296296296297,-0.6731195628682013,0.018363939899833055,0.6470182133129151,1.1515151515151516,238,0.0007645796214980149,YNL079C,non_ess,non_ess
-0.4982103078530897,-0.33802800103206904,5,0.5833333333333334,-0.6622130074490578,0.011456628477905071,0.3241091926735671,1.7045895281189398,318,0.0008492110057746349,YDR041W,non_ess,non_ess
-0.2088908492554616,-0.3235263156209266,0,0.0,0.08215939990748337,0.008391608391608392,0.2985302123026674,1.4694616977225672,346,0.00044666316342616917,YLR116W,ess,non_ess
0.7169314182569483,0.06801919047991918,0,4.0,1.1510018309835426,0.010744435917114352,0.3188434316600088,1.3249128919860629,754,0.00048246140817660124,YLL005C,non_ess,non_ess
2.105664819525563,0.442162674087394,12,0.7948717948717948,1.1373686367096132,0.020069471246622925,0.5417551862939745,1.2905089207370577,232,0.0006421432278843211,YER069W,non_ess,non_ess
0.6590675265374226,0.3087471683048836,0,0.25,0.0003602342639074158,0.020149253731343283,0.5845005740528129,0.5267034990791896,949,0.00025085321548212573,YHR011W,non_ess,non_ess
2.1635287112450885,0.9961270567930348,4,0.2272727272727273,-0.015999598864807774,0.040090771558245086,1.019861863817129,0.8171631069820898,121,0.0006564058964003951,YOL059W,non_ess,non_ess
0.08042860934216649,-0.11180170861824704,2,0.8421052631578947,1.5899906866040667,0.0055033991583036575,0.2061773448306307,2.3631713554987206,1425,8.610065143434826e-05,YMR231W,non_ess,non_ess
-0.035299174096884746,-0.05959564113813427,0,0.0,-0.3950023996800429,0.016574585635359115,1.5805709023941068,0.30769230769230765,383,0.0006000894364063875,YLR307W,non_ess,non_ess
-0.15102695753593598,-0.1872104727561877,1,1.25,0.12305898272927135,0.008813559322033898,0.3171442407471463,2.198717948717949,213,0.004694835680751174,YPR119W,non_ess,non_ess
-0.6139380912921409,-0.3786327201832679,0,8.0,0.29756386943556673,0.002999400119976005,0.08088523140442334,2.7357798165137606,796,0.00022005649121432003,YNL182C,ess,ess
3.031487087037973,0.7931034610370409,0,0.8181818181818182,6.069858325017242,0.008480917934647045,0.27355287338182965,1.3942544459644324,789,8.899494515034455e-05,YGL195W,non_ess,non_ess
-0.6139380912921409,-0.3583303606076685,0,0.5,-0.8585310049936401,0.012658227848101266,0.3005636145246235,1.3979591836734695,131,0.0076335877862595426,YNL324W,non_ess,non_ess
-0.035299174096884746,0.2420394154136284,6,0.78,-0.8149047833170663,0.033860045146726865,1.2626776460115094,0.5812865497076023,109,0.004556091701700251,YJR058C,non_ess,non_ess
-0.5560741995726153,-0.2452172144007575,0,1.0,-0.4222687882279017,0.006857142857142857,0.18725274725274724,0.65,334,0.001105218135158255,YHR014W,non_ess,non_ess
-0.9032575498897693,-0.45694182140343703,0,1.0,-0.5340609812741222,0.0,0.0,0.0,385,0.002597402597402597,YPR143W,ess,ess
0.8905230934155252,-0.010289910740249994,5,0.7,0.7338260862013052,0.014438751746623197,0.4999417792268282,1.0191915067374435,281,0.0005701906326298217,YPL164C,non_ess,non_ess
2.68430373672082,1.5181877315941628,6,1.2105263157894737,0.39572286820785785,0.03492957746478873,1.165881140501546,0.6846299810246679,138,0.007246376811594203,YLR028C,non_ess,non_ess
1.2377064437326788,0.4595646965807649,2,0.6666666666666666,0.057619650214410574,0.02637205987170349,0.5248710390567428,1.2961410608469428,176,0.0007330071923799652,YEL040W,non_ess,non_ess
-0.2088908492554616,-0.2336158660718435,0,1.0,0.4857019504157914,0.0064034151547492,0.14079197216870645,1.4807692307692308,291,0.0007041556183916643,YGR225W,non_ess,non_ess
2.27925649468414,1.2020509896312577,0,0.7692307692307693,2.6915527839375564,0.01278772378516624,0.4550383631713555,1.1612475116124754,373,0.00015084714384646503,YMR280C,non_ess,non_ess
0.022564717622640867,-0.016090584904706967,2,2.25,1.3991259667690563,0.0055574852379298365,0.25140308221056284,0.9941860465116279,604,0.0005394165100556899,YHR120W,non_ess,non_ess
0.08042860934216649,-0.15530676485167436,0,1.2777777777777777,1.200081330369688,0.006390977443609023,0.1628309905197777,0.9962566844919788,606,0.0003734583984714261,YLR451W,non_ess,non_ess
-0.5560741995726153,-0.3206259785386981,2,1.0952380952380951,-0.940330170637216,0.019672131147540985,0.3592168148414616,1.226923076923077,100,0.0026229508196721307,YLR346C,non_ess,non_ess
-0.9032575498897693,-0.45694182140343703,1,0.625,-0.3813692054061137,0.0,0.0,0.0,910,0.0009579550883898713,YAL025C,ess,ess
-0.3824825244140385,-0.3119249672920127,7,0.3333333333333333,0.09306595532662684,0.00624133148404993,0.19450258479384694,1.7460317460317458,376,0.0006695045297606753,YBR272C,non_ess,non_ess
-0.2088908492554616,-0.3728320460188109,0,1.6,1.1073756093069689,0.004691164972634871,0.14833259679776994,2.34608378870674,478,0.00025843935344362263,YKL121W,non_ess,ess
-0.2667547409749872,-0.3032239560453272,0,0.0,-0.3541028168582551,0.011578947368421052,0.4631954887218046,1.9236641221374045,133,0.0017491096161456276,YCR100C,non_ess,non_ess
-0.9032575498897693,-0.45694182140343703,0,0.6428571428571429,-0.457715093340118,0.0,0.0,0.0,519,0.0007398290787399397,YDR087C,ess,ess
1.064114768574102,0.1289262692067174,1,0.75,0.14759873242234414,0.022636484687083888,0.9433508944595612,0.8309402501157943,171,0.0011602463771501544,YFR021W,non_ess,non_ess
-0.4403464161335641,-0.349629349360983,0,1.0,0.6084006988811553,0.0039820806371329035,0.12885082820737334,2.623991935483871,390,0.0009176653775956912,YMR032W,non_ess,ess
1.9899370360865118,0.7495984048036136,1,0.7741935483870968,1.9335471823070856,0.014421690222094032,0.3143928468416498,1.285945945945946,266,0.0002884338044418806,YGR070W,non_ess,non_ess
-0.32461863269451285,-0.3467290122787545,11,1.0,-0.5995003137889829,0.014705882352941175,0.35729291716686673,0.4688995215311005,410,0.0007496413199426113,YNL107W,non_ess,non_ess
4.1887649214284846,2.820439081514753,2,0.5862068965517241,0.3684564796599992,0.0504297994269341,0.9715056844440336,0.9137901572112098,239,0.000290129599213533,YHR032W,non_ess,non_ess
0.8326592016959995,0.18113233668683013,2,1.0769230769230769,0.27575075859727977,0.01825928180158248,0.405824242707992,1.483695652173913,122,0.0008880197160332457,YGR197C,non_ess,non_ess
-0.7875297664507178,-0.4453404730745231,0,2.0,-0.7658252839309206,0.004024144869215292,0.13183098591549294,2.619047619047619,222,0.0021752134428190766,YDL008W,ess,ess
-0.7875297664507178,-0.4511411472389801,0,0.0,-0.005093043445664315,0.0014992503748125937,0.04668746707727217,1.4015151515151516,1334,0.0005816057488497129,YMR268C,ess,ess
-0.4403464161335641,-0.3003236189630987,3,1.2,-0.6812994794325589,0.013559322033898305,0.3475346687211094,3.5947712418300646,82,0.0014055394791236044,YML028W,non_ess,non_ess
0.2540202845007433,-0.0973000232071046,2,0.6363636363636364,0.30301714714513844,0.011954572624028692,0.3451465436926273,0.9753205128205128,241,0.0006919762991917023,YDR358W,non_ess,non_ess
0.5433397430983714,0.03901581965763429,4,0.6666666666666666,-0.4249954270826876,0.028669724770642207,1.2846863289830728,1.061682242990654,175,0.0011926605504587154,YNR064C,non_ess,non_ess
-0.2667547409749872,-0.11470204570047556,3,0.84375,-0.6540330908847002,0.017741935483870968,0.4348723856788373,1.534015653220951,109,0.0030186445693992305,YPL229W,non_ess,non_ess
-0.6718019830116665,-0.4105364280877813,2,1.0,-0.9376035317824302,0.012987012987012988,0.34916512059369204,0.4861111111111111,145,0.006896551724137931,YCR050C,non_ess,non_ess
0.6590675265374226,0.18983334793351564,2,0.9333333333333332,0.8183518906996671,0.012053571428571427,0.20896835219236207,1.5051501205347355,330,0.00032738095238095237,YJL099W,non_ess,non_ess
-0.2667547409749872,-0.0015888994935645325,5,0.6296296296296297,-0.6758462017229871,0.018456375838926176,0.7876036320568496,0.7034482758620689,504,0.0005459678278470221,YJL217W,non_ess,non_ess
-0.6718019830116665,-0.4250381134989237,1,1.2,-0.5258810647097646,0.005256241787122208,0.3820883452946528,2.1927710843373496,324,0.0017804707905452546,YPL124W,ess,non_ess
-0.6139380912921409,-0.3844333943477248,0,0.4444444444444444,-0.6185867857724839,0.0075872534142640375,0.2354695274729153,4.0813559322033885,130,0.0013190148243259015,YDR246W,ess,non_ess
0.2540202845007433,0.04191615673986278,4,2.0,0.17759175982498865,0.013029315960912051,0.7612377850162866,1.5118110236220474,196,0.0007179418998869906,YDR371W,non_ess,non_ess
0.1382925010616921,-0.03929328156253487,0,1.0,-0.2095909575546042,0.016230838593327322,0.7150342407330685,0.7777777777777777,212,0.001097368018102319,YML066C,non_ess,non_ess
-0.3824825244140385,-0.22491485482515805,6,0.7096774193548387,-0.4740749264688331,0.011002444987775063,1.0255264022187351,1.550925925925926,206,0.0019524295582405587,YDR262W,non_ess,non_ess
-0.6139380912921409,-0.38733373142995337,2,1.0625,-0.4140888716635441,0.005656108597285068,0.21540046689915554,1.3321212121212118,625,0.0005882352941176471,YPL149W,non_ess,non_ess
4.4202204883065885,6.3675513330801925,5,0.6666666666666666,-0.3650093722773985,0.09808102345415776,1.778598463594536,1.0511031797534067,88,0.0012720488466757124,YFR034C,non_ess,non_ess
-0.4982103078530897,0.01581312299980639,4,2.6666666666666665,-0.5667806475315526,0.009776536312849162,0.2255553496253541,1.2003792667509483,395,0.0009405275440209321,YBR256C,ess,non_ess
-0.4982103078530897,-0.3670313718543539,2,1.1666666666666667,-0.8885240323962846,0.01933701657458564,0.5423428867403315,1.1609977324263037,68,0.005606109847253819,YJR038C,non_ess,non_ess
-0.7875297664507178,-0.4337391247456092,2,1.5833333333333333,-0.9130637820893576,0.005970149253731343,0.221438263229308,0.4489795918367347,335,0.0017732234350634887,YKL137W,non_ess,non_ess
-0.7875297664507178,-0.4511411472389801,0,2.0,-0.1386983473301717,0.0016849199663016006,0.033644047069054536,2.924528301886793,933,0.00026456674712024055,YPL050C,non_ess,ess
0.1961563927812177,-0.05959564113813427,0,0.7142857142857143,2.81425153240292,0.004283137962128043,0.12202572643123975,1.8704453441295548,1063,0.00020040428648863696,YJL095W,non_ess,non_ess
0.311884176220269,0.07381986464437612,15,1.3571428571428572,-0.8558043661388542,0.05276381909547738,1.0895142378559464,1.4705882352941178,130,0.004831851565519908,YLR235C,non_ess,non_ess
-0.7875297664507178,-0.3699317089365824,3,0.6,-0.6758462017229871,0.003355704697986577,0.1871450696954053,1.181818181818182,596,0.0010556956893833607,YNL260C,ess,non_ess
-0.4982103078530897,-0.30902463020978416,3,0.7692307692307693,-0.5913203972246254,0.010159651669085631,0.3104215308891273,0.6148705096073517,180,0.002370585389453314,YMR311C,non_ess,non_ess
0.2540202845007433,-0.05959564113813427,0,0.0,2.427068815023328,0.004987531172069825,0.1527091362502834,1.2366863905325445,728,0.0003576224274478639,YER008C,ess,ess
0.6012036348178971,0.3754549211961388,2,1.1578947368421053,0.3820896739339285,0.014772727272727272,0.374393474623536,1.360763267740012,317,0.0005412962431889877,YMR291W,non_ess,non_ess
-0.7296658747311922,-0.3960347426766388,1,0.2857142857142857,-0.9048838655249998,0.008720930232558141,0.23858815210559395,1.1816367265469063,238,0.002601622044166504,YNL135C,non_ess,non_ess
-0.6718019830116665,-0.3931344055944103,2,1.7333333333333334,-1.0303092528451496,0.019417475728155338,0.6059717897050741,0.2284482758620689,135,0.007407407407407408,YMR174C,non_ess,non_ess
0.7747953099764741,0.6103822248566463,3,0.2,-0.4495351767757603,0.03431952662721893,0.6998125256312613,1.1690378586930312,130,0.0016385980883022306,YEL009C,non_ess,non_ess
-0.7296658747311922,-0.42793845058115215,1,1.1666666666666667,-0.8339912553005673,0.007109004739336493,0.199167413859357,1.5416666666666667,114,0.003429782988276378,YBR188C,non_ess,non_ess
-0.2667547409749872,-0.22491485482515805,2,1.3333333333333333,-0.8639842827032118,0.028277634961439587,0.4942312922782666,0.4553224553224553,132,0.002804393549894835,YML057C-A,non_ess,non_ess
0.1382925010616921,-0.20171215816733007,3,1.3333333333333333,-0.7303789788187044,0.033582089552238806,0.7190517998244074,1.101851851851852,118,0.00847457627118644,YGL235W,non_ess,non_ess
-0.4403464161335641,-0.3786327201832679,0,0.9230769230769232,0.3548232853860699,0.004624277456647399,0.1209777340003629,4.3300970873786415,722,0.0001985493090804285,YLR196W,ess,ess
0.1961563927812177,-0.17850946150950225,0,1.1428571428571428,0.04125981708569538,0.013718411552346571,0.3894937643583853,0.8797412525727727,215,0.0008362018302409537,YDR247W,non_ess,non_ess
-0.09316306581641036,-0.19881182108510168,8,0.3548387096774194,-0.7276523399639185,0.025974025974025976,0.5195599507526113,0.8897959183673468,111,0.003075431646860218,YMR009W,non_ess,non_ess
-0.2667547409749872,-0.21911418066070107,4,1.0,-0.3595560945678268,0.011652542372881356,0.3604788974660178,1.2419850680720246,152,0.0014077832292595895,YMR241W,non_ess,non_ess
0.08042860934216649,-0.27132024814081385,0,1.1111111111111112,1.08010922075911,0.006724683544303798,0.1811049578059072,1.36,647,0.0007440621759630622,YJL047C,non_ess,non_ess
2.394984278123191,0.7960037981192694,3,0.7560975609756098,2.631566729132268,0.01345926800472255,0.3752242659634333,0.9482727437149574,783,0.00015741833923652105,YMR176W,non_ess,non_ess
-0.15102695753593598,-0.2104131694140156,0,3.0,0.9901301385511764,0.005351996706463565,0.22966012533735874,1.5759849906191372,417,0.00028433408069756627,YOR256C,ess,ess
-0.8453936581702434,-0.4424401359922946,0,0.8518518518518519,-0.3704626499869703,0.001072961373390558,0.01927826924761321,11.544502617801047,337,0.0009392391844220018,YML121W,non_ess,ess
-0.32461863269451285,-0.1031006973715616,2,3.0,-0.457715093340118,0.011961722488038276,0.3662890150482188,1.5119815668202758,241,0.001310329766324525,YKL055C,non_ess,non_ess
-0.32461863269451285,-0.36123069768989696,1,0.5555555555555556,-0.4168155105183299,0.011350737797956869,0.2509614601742362,4.377707006369427,273,0.0004947757501673506,YIL003W,ess,non_ess
0.3697480679397946,0.4885680674030498,2,0.6129032258064516,-0.17414465244238794,0.01916376306620209,0.4957870400806434,1.1076280041797284,238,0.0011126401780224284,YPL057C,non_ess,non_ess
-0.2088908492554616,-0.09439968612487612,0,1.181818181818182,0.29756386943556673,0.007198560287942413,0.2115891428455882,1.5393081761006289,600,0.0003779244151169766,YNL219C,non_ess,non_ess
-0.035299174096884746,-0.10890137153601856,0,1.2142857142857142,0.452982284158361,0.008161044613710556,0.15411316648531012,0.6880733944954128,517,0.0006535149845408452,YPL070W,non_ess,non_ess
-0.6139380912921409,-0.3786327201832679,7,0.0,-0.5885937583698394,0.00722543352601156,0.21447201466234314,1.1495327102803738,500,0.0012427745664739885,YLL033W,non_ess,non_ess
0.311884176220269,0.0013114375886639548,2,0.6842105263157895,-0.7358322565282762,0.03962264150943396,0.9771161502509952,1.2026713124274102,104,0.00919811320754717,YPR051W,non_ess,non_ess
-0.09316306581641036,-0.24811755148298595,0,1.1333333333333333,0.13941881585798654,0.009377093101138649,0.2621522661308328,1.2195121951219512,514,0.0005134206061490588,YJR054W,non_ess,non_ess
-0.3824825244140385,-0.29162260771641324,2,0.6666666666666666,-0.8558043661388542,0.02261306532663317,1.2164991624790622,1.826086956521739,84,0.0026322086623594165,YML034C-A,non_ess,non_ess
-0.4982103078530897,-0.4105364280877813,3,1.75,-0.4822548430331907,0.00865265760197775,0.20773164642865802,2.6137091607943623,327,0.0012020730089248252,YHR134W,non_ess,non_ess
0.08042860934216649,-0.14950609068721735,3,1.125,0.04671309479526712,0.012221423436376708,0.4636082824436527,0.9891304347826088,476,0.00032018558681560334,YDR148C,non_ess,non_ess
-0.2088908492554616,-0.053794966973677305,1,0.4,-0.8857973935414988,0.03287671232876712,0.5402443539429841,1.2380952380952384,152,0.0016041816870944485,YIR013C,non_ess,non_ess
-0.6718019830116665,-0.4163371022522382,3,0.8461538461538461,-0.4658950099044755,0.004836759371221282,0.07693979864951156,2.0629139072847686,495,0.0004543622439632113,YOR278W,ess,non_ess
-0.3824825244140385,-0.2771209223052708,17,0.8235294117647058,0.011266789683050877,0.006656804733727811,0.15689780163799522,0.7089201877934271,607,0.0007128374097072615,YGL129C,non_ess,non_ess
0.08042860934216649,0.09122188713774708,4,1.75,-0.4522618156305462,0.02019002375296912,0.7998719566508313,0.6089965397923875,232,0.0018480219510197398,YHR067W,non_ess,non_ess
-0.3824825244140385,-0.1959114840028732,2,2.333333333333333,-0.8067248667527087,0.01991150442477876,0.5767325190078525,1.345391903531438,135,0.0034742707309078987,YLR218C,non_ess,non_ess
0.1961563927812177,-0.1466057536049889,0,0.7894736842105263,-0.2913901231981801,0.018645731108930325,0.4185510269906737,0.8823956442831216,189,0.0013915499685862784,YKL093W,non_ess,non_ess
-0.5560741995726153,-0.14080507944053192,0,0.0,-0.9266969763632869,0.01875,0.37448979591836734,3.4054054054054057,207,0.0028532608695652174,YOR282W,ess,non_ess
1.2955703354522043,0.9874260455463496,0,9.0,-0.8367178941553531,0.09069212410501193,2.0266396448047357,0.6729323308270676,54,0.007115707593034561,YEL033W,non_ess,non_ess
-0.6139380912921409,-0.21911418066070107,0,0.5,-0.8612576438484258,0.012755102040816329,0.4852413068231585,0.0,160,0.00625,YPR200C,non_ess,non_ess
0.4854758513788458,0.3261491907982545,9,2.333333333333333,-0.00781968230045018,0.018031555221637862,0.4493068349062915,1.2443181818181817,230,0.0005161206023584752,YKL090W,non_ess,non_ess
0.6012036348178971,0.2855444716470557,1,0.9428571428571428,-0.193231124425889,0.023070097604259092,0.7680654446296016,1.266816865143225,141,0.0009628273140893732,YGR286C,non_ess,non_ess
1.5848897940498323,1.0657351467665188,3,0.6190476190476191,0.4248070159922404,0.023796347537354733,0.6948073648104928,1.1088319832767182,171,0.00080583306634045,YBR186W,non_ess,non_ess
0.022564717622640867,-0.2104131694140156,0,2.0,1.4400255495908445,0.005471956224350204,0.2490913934074666,2.14676113360324,924,0.00011251858037083755,YAR019C,ess,ess
-0.32461863269451285,-0.03639294448030638,5,1.08,-0.8994305878154281,0.028571428571428567,0.5139941690962099,2.775965665236052,114,0.001503759398496241,YJR120W,non_ess,non_ess
-0.32461863269451285,-0.2945229447986418,3,2.0,-0.9566900037659312,0.03484320557491289,0.9420778539582628,1.8698412698412696,60,0.0032520325203252032,YGR236C,non_ess,non_ess
0.08042860934216649,-0.19881182108510168,10,3.0,-0.12779179191102824,0.014178482068390326,0.4867408446432634,1.178800232964473,164,0.0007018043491527492,YAL015C,non_ess,non_ess
-0.6718019830116665,-0.4018354168410958,6,0.6666666666666666,-0.8230846998814239,0.009216589861751152,0.423009693310027,0.9560439560439562,206,0.002684443649053734,YCL056C,non_ess,non_ess
-0.32461863269451285,-0.2394165402363005,2,2.333333333333333,-0.8285379775909956,0.02336448598130841,0.5456550763336623,0.6403409090909091,117,0.008547008547008548,YNL105W,non_ess,non_ess
0.4276119596593202,0.08252087589106159,5,0.925,-0.16596473587803034,0.01987899740708729,0.3940833166760041,0.6845039018952064,336,0.000892599909453842,YIL116W,non_ess,non_ess
0.1961563927812177,-0.25101788856521445,0,0.5714285714285714,2.86060439293428,0.0042344550924894135,0.16352891403791742,2.4127224536160554,1213,0.00010564549304384144,YPL242C,non_ess,non_ess
0.2540202845007433,0.030314808410948836,8,0.625,-0.06235245939616747,0.015735641227380016,0.6315098399862443,0.7122641509433962,226,0.0009016661676750935,YCL063W,non_ess,non_ess
0.311884176220269,0.01581312299980639,6,0.8823529411764706,0.7092863365082324,0.00990566037735849,0.3331429990069513,0.8988868274582561,374,0.0007239430935324387,YER113C,non_ess,non_ess
0.022564717622640867,-0.17560912442727378,1,1.7272727272727273,1.3963993279142703,0.005563282336578581,0.09191565552411554,1.7564957865168545,631,0.001584786053882726,YBR073W,non_ess,non_ess
1.2377064437326788,0.7931034610370409,5,1.1052631578947372,0.21031142608241904,0.023551877784850413,0.7071664858197313,1.4127252252252256,151,0.0005859514967056038,YLR004C,non_ess,non_ess
-0.4403464161335641,-0.3293269897853836,5,0.5,-0.7003859514160601,0.0140597539543058,0.4815666582977655,0.9394171779141104,131,0.002106279933994285,YIL024C,non_ess,non_ess
-0.3824825244140385,-0.0973000232071046,0,1.2307692307692308,-0.5831404806602677,0.012893982808022923,0.395278593980983,2.575689783743475,292,0.0006034854967225339,YOR077W,ess,non_ess
0.1382925010616921,-0.0769976636315052,0,0.3809523809523809,2.132591818706454,0.004883342376559957,0.11425428766897072,1.7167090754877017,1371,0.00013456004603536634,YPL012W,ess,ess
-0.6718019830116665,-0.3728320460188109,0,1.25,0.10124587189098444,0.002756719503790489,0.07022943667908975,1.661290322580645,1301,0.000474109138334452,YBR247C,ess,ess
-0.5560741995726153,-0.26841991105858537,3,1.0714285714285714,-0.5313343424193363,0.007947019867549669,0.2646968925114621,1.0355392156862746,220,0.0013365442504515352,YLR126C,non_ess,non_ess
1.064114768574102,0.25654110082477083,0,1.3076923076923077,-0.03781270970309469,0.02619414483821264,0.8652757797267396,0.6475703324808184,224,0.0009905348888399736,YHR176W,non_ess,non_ess
-0.32461863269451285,-0.17560912442727378,0,0.6521739130434783,1.0255764436633927,0.004051863857374392,0.1263971037066661,2.6,648,0.0001807081257378394,YJL029C,non_ess,ess
-0.15102695753593598,-0.2945229447986418,1,3.6666666666666665,-0.2913901231981801,0.012757605495583905,0.450866712191857,0.9965556831228471,340,0.0007562200542631185,YOR061W,non_ess,non_ess
0.311884176220269,-0.12630339402938948,1,1.5,0.4802486727062197,0.011241970021413276,0.30436592909826315,1.3235294117647058,258,0.0004357352721478014,YOR137C,non_ess,non_ess
0.1382925010616921,0.1869330108512872,2,0.75,-0.05417254283180989,0.0140625,0.3021217105263158,1.7821067821067822,169,0.0012111686390532544,YNL234W,non_ess,non_ess
-0.32461863269451285,-0.36123069768989696,5,1.6,-0.7767318393500642,0.020618556701030927,0.3194516225552865,0.8476038338658147,117,0.0037183892853995953,YOR276W,non_ess,non_ess
0.5433397430983714,0.01871346008203488,0,0.875,0.36300320195042746,0.014376078205865441,0.276288642795163,0.7063291139240507,694,0.0003869526525728623,YBL039C,non_ess,non_ess
-0.8453936581702434,-0.4540414843212086,0,0.8181818181818182,-0.7412855342378479,0.0019083969465648848,0.033510623639319864,1.3127962085308058,418,0.0013331385368348006,YDL120W,ess,ess
-0.6718019830116665,-0.3815330572654964,0,7.0,-0.294116762052966,0.003937007874015748,0.10470102128323068,4.508928571428571,467,0.0005353319057815847,YKL193C,ess,ess
-0.32461863269451285,-0.2858219335519563,0,2.571428571428572,0.20213150951806144,0.006402048655569782,0.2669654289372599,1.9090909090909087,411,0.00032243894688636134,YLR314C,ess,ess
0.8326592016959995,1.0541337984376051,4,1.5555555555555556,-0.8558043661388542,0.07537688442211055,3.544764639524151,1.1169117647058824,55,0.005801735952489721,YLR416C,non_ess,non_ess
-0.7875297664507178,-0.4424401359922946,3,12.0,-0.08143893137966854,0.0016,0.04942574257425742,5.164772727272728,1111,0.0003837983798379838,YCR012W,ess,ess
-0.7875297664507178,-0.4511411472389801,0,1.125,0.6874732256699454,0.0009541984732824428,0.02383695808728216,14.778846153846152,365,0.0003555369653874307,YLR452C,non_ess,ess
-0.6139380912921409,-0.2423168773185289,0,0.4705882352941176,-0.08689220908924028,0.0040192926045016075,0.11318549219740995,3.5737704918032787,730,0.00026428225344668103,YPL188W,non_ess,ess
-0.9032575498897693,-0.45694182140343703,0,0.5555555555555556,-0.7603720062213489,0.0,0.0,0.0,503,0.0019880715705765406,YIR022W,ess,ess
-0.8453936581702434,-0.4540414843212086,0,2.0,0.4475290064487893,0.0005458515283842794,0.018782254863040887,4.821917808219179,762,0.0007915563502160482,YDL153C,ess,ess
-0.9032575498897693,-0.45694182140343703,0,0.7272727272727273,0.2839306751616374,0.0,0.0,0.0,1116,0.00026089805340762145,YJL111W,ess,ess
-0.7875297664507178,-0.4047357539233243,0,1.2,-0.5040679538714776,0.0025477707006369425,0.05109756430934091,8.912568306010929,332,0.0007290307727726191,YGR262C,non_ess,ess
-0.4403464161335641,-0.4018354168410958,1,1.4285714285714286,-0.3922757608252572,0.00881057268722467,0.3506909145675666,0.4606299212598424,312,0.0011789788772167628,YER106W,non_ess,non_ess
-0.9032575498897693,-0.45694182140343703,11,1.0,-0.28321020663382257,0.0,0.0,0.0,423,0.0007381957667577338,YLR265C,non_ess,non_ess
1.5270259023303068,0.7553990789680706,3,0.8636363636363636,0.13669217700320066,0.02818791946308725,0.7661693340216831,1.2807881773399017,185,0.0007799746054779612,YEL071W,non_ess,non_ess
-0.32461863269451285,-0.29742328188087025,0,1.125,1.4100325221881995,0.003459010722933241,0.0971183779900487,5.997546012269938,753,9.508834258262692e-05,YBR038W,ess,ess
1.4691620106107812,0.5001694157319637,0,0.7272727272727273,-0.2859368454886084,0.04,0.8283817427385893,0.7952654232424675,122,0.0009916033586565374,YPL004C,non_ess,non_ess
-0.3824825244140385,-0.31772564145646964,9,0.8333333333333334,-0.6594863685942719,0.01465798045602606,0.4232994826595133,1.2416998671978754,169,0.0017346722433166937,YMR121C,non_ess,non_ess
0.311884176220269,0.32904952788048303,1,1.0476190476190477,0.10942578845534202,0.014383561643835616,0.4556008323218311,1.107800175284838,355,0.000839282268956203,YBL103C,non_ess,non_ess
-0.15102695753593598,-0.236516203154072,0,0.6521739130434783,-0.5722339252411243,0.01830985915492957,0.4082746478873239,0.9411764705882352,133,0.002573334745313989,YKL033W-A,non_ess,non_ess
-0.4403464161335641,-0.3815330572654964,3,0.6666666666666666,0.011266789683050877,0.005917159763313609,0.12884138194311892,2.260416666666667,484,0.0005944667220890998,YOR155C,non_ess,non_ess
-0.7296658747311922,-0.42793845058115215,0,0.8235294117647058,-0.3022966786173236,0.0029791459781529296,0.13271803259536188,2.029850746268657,418,0.0008053672141896675,YPR110C,ess,ess
-0.15102695753593598,-0.2800212593874993,0,0.0,-0.2095909575546042,0.011722272317403066,0.21896531639780656,1.6332112332112332,198,0.0010793234418121703,YDL134C,non_ess,non_ess
-0.5560741995726153,-0.3525296864432115,2,1.2222222222222223,-0.07053237596052507,0.0047543581616481785,0.10722328801401283,0.6523605150214592,653,0.0008700548243751258,YMR204C,non_ess,non_ess
0.2540202845007433,-0.2104131694140156,0,0.8125,-0.22867742953810524,0.018382352941176468,0.8060661764705882,1.0270270270270272,112,0.0020926339285714285,YDR414C,non_ess,non_ess
0.311884176220269,-0.07409732654927671,2,0.6,0.12033234387448548,0.014266304347826088,0.2810736308528428,1.21530820917324,223,0.0012094219146032365,YMR070W,non_ess,non_ess
0.2540202845007433,0.3580528987027679,2,0.8648648648648649,-0.8039982278979227,0.04395604395604396,0.9047817047817048,0.6204268292682926,63,0.002790859933717077,YOR298C-A,non_ess,non_ess
-0.9032575498897693,-0.45694182140343703,0,0.7,-0.8885240323962846,0.0,0.0,0.0,229,0.0012907428405992908,YOL005C,ess,ess
0.5433397430983714,-0.04799429280922033,2,0.8823529411764706,1.4618386604291311,0.008480325644504749,0.2542330958842153,0.992359550561798,796,0.00020710745041353307,YDR359C,non_ess,non_ess
1.5848897940498323,0.9294193039017798,4,2.6666666666666665,-0.7058392291256317,0.0763765541740675,1.6989383732637042,0.6553911205073997,50,0.003587921847246892,YDR512C,non_ess,non_ess
-0.15102695753593598,-0.021891259069163945,2,1.0,-0.6322199800464133,0.020186335403726708,0.31845768165831023,1.3340987370838115,116,0.0027977082887127858,YBR072W,non_ess,non_ess
-0.7296658747311922,-0.4250381134989237,0,1.0,-0.5213366666184548,0.0039164490861618795,0.5469752622029472,0.7972972972972974,668,0.0009732493238066947,YDR367W,ess,ess
0.7169314182569483,0.2623417749892278,0,0.7567567567567568,2.165311484963884,0.007522837184309511,0.17687334246242914,1.2429245283018868,942,0.00011123394380803415,YNL091W,non_ess,non_ess
-0.4982103078530897,-0.3815330572654964,9,0.5833333333333334,-0.7249257011091327,0.012915129151291513,0.3531833064809521,1.8644957983193275,133,0.0023166773021113672,YKL069W,non_ess,non_ess
-0.4982103078530897,-0.33802800103206904,0,3.5,0.3493700076764982,0.004060324825986079,0.08452858046825562,2.7297959183673464,425,0.000434011191483554,YBL020W,ess,ess
-0.8453936581702434,-0.4511411472389801,0,1.0,-0.6049535914985547,0.001483679525222552,0.03274876017783618,3.705128205128205,483,0.0019413777638522835,YKL041W,non_ess,ess
-0.6718019830116665,-0.33802800103206904,0,11.0,0.7038330587986606,0.0018921475875118261,0.03807370145603065,9.74590163934426,770,0.0002770644681713745,YKR001C,non_ess,ess
1.5270259023303068,0.23623874124917146,3,0.4705882352941176,2.631566729132268,0.009917355371900829,0.2433387460313613,1.4208333333333336,547,0.0004601680519912197,YIL013C,non_ess,non_ess
1.35343422717173,1.419576270798394,2,2.0,0.1585052878414876,0.025759577278731842,0.4833278030639779,1.1097961867192638,165,0.0005884472198871141,YMR065W,non_ess,non_ess
-0.5560741995726153,-0.43083878766338063,0,0.7096774193548387,0.07397948334312578,0.00422237860661506,0.1132711705371804,2.4201680672268906,710,0.0003687147515635686,YLR212C,ess,ess
0.022564717622640867,-0.11180170861824704,1,2.6666666666666665,-0.9185170597989292,0.0486322188449848,0.9948590941498744,1.0309090909090908,128,0.002659574468085107,YLR294C,non_ess,non_ess
0.8326592016959995,0.5117707640608777,0,0.6785714285714286,-0.5095212315810493,0.038510911424903725,0.8021405261611273,1.4586167800453511,74,0.001856156541650765,YEL012W,non_ess,non_ess
0.7169314182569483,0.2739431233181417,2,5.0,0.2675708420329222,0.017135862913096694,0.6106436148510812,0.6476190476190476,305,0.0008768585589020205,YPL212C,non_ess,non_ess
-0.8453936581702434,-0.4453404730745231,2,0.5,-0.9130637820893576,0.0029850746268656717,0.08581501939123283,8.466666666666667,157,0.004468105333206579,YGL024W,non_ess,non_ess
-0.09316306581641036,0.16373031419345924,3,0.64,-0.8639842827032118,0.03598971722365039,0.7574041775845395,2.1471056824216674,79,0.002082587615111776,YLR297W,non_ess,non_ess
0.6012036348178971,0.1260259321244889,4,0.5238095238095238,-0.17687129129717385,0.022707423580786028,0.5342671170800033,1.2470588235294118,183,0.0006299663540697258,YGL082W,non_ess,non_ess
-0.2667547409749872,-0.2278151919073865,0,1.0,-0.7122013864534653,0.019784172661870502,0.3018499486125385,1.9228253760627856,66,0.002752343579681709,YPR153W,non_ess,non_ess
-0.9032575498897693,-0.45694182140343703,0,0.6428571428571429,-0.6076802303533405,0.0,0.0,0.0,566,0.0003317657838888216,YGR095C,ess,ess
-0.7875297664507178,-0.4511411472389801,0,13.0,-0.8639842827032118,0.005141388174807198,0.13641816623821765,4.906542056074766,95,0.010526315789473684,YMR306C-A,non_ess,non_ess
-0.7296658747311922,-0.36413103477212544,0,9.0,-0.940330170637216,0.009836065573770493,1.2468314166870569,0.4802867383512544,177,0.005649717514124294,YOR146W,ess,non_ess
0.022564717622640867,-0.2336158660718435,4,1.1666666666666667,-0.9021572266702141,0.04610951008645533,1.0603241770935932,0.7574573863636364,95,0.0039132413165478535,YNL303W,non_ess,non_ess
2.394984278123191,3.5049186329206767,1,4.0,-0.839444533010139,0.13701923076923078,4.1265093917710205,0.6749769159741458,37,0.003963097713097713,YJL027C,non_ess,non_ess
-0.9032575498897693,-0.45694182140343703,0,0.0,0.033079900521337795,0.0,0.0,0.0,1376,0.0007267441860465116,YCL069W,non_ess,ess
-0.6718019830116665,-0.4076360910055528,0,1.2777777777777777,0.5593211994950098,0.0020460358056265983,0.04988430154670563,5.142857142857143,1196,0.0002433516666809228,YGR009C,ess,ess
0.022564717622640867,-0.13210406819384646,2,0.8928571428571429,0.8756113066501702,0.006947459834997829,0.1744909385926823,1.5113636363636365,315,0.0004686778460117584,YER091C,non_ess,non_ess
-0.32461863269451285,-0.10890137153601856,10,0.9523809523809524,-0.5831404806602677,0.014326647564469915,0.3578613668231421,1.2729166666666667,239,0.0007013463452062678,YDR391C,non_ess,non_ess
-0.6139380912921409,-0.3960347426766388,2,0.7692307692307693,-0.6567597297394859,0.008103727714748784,0.2522544986078211,0.8618784530386742,152,0.0025377463106713303,YDR056C,non_ess,non_ess
0.4854758513788458,0.17823199960460168,1,2.1,-0.9239703375085008,0.07430340557275543,1.6886560292133046,1.1495633187772925,35,0.003272888102609465,YGR051C,non_ess,non_ess
-0.7875297664507178,-0.32642665270315513,4,0.6923076923076923,-0.9294236152180726,0.006309148264984227,0.18067499243766474,1.8559322033898311,246,0.00191069734041189,YML108W,non_ess,non_ess
-0.9032575498897693,-0.45694182140343703,0,0.0,-1.0739354745217236,0.0,0.0,0.0,94,0.010638297872340424,YNL338W,non_ess,non_ess
0.1961563927812177,-0.123403056947161,2,1.5714285714285714,0.4857019504157914,0.010138740661686232,0.21244633082344366,4.582521117608837,525,0.0001870203791228337,YER147C,ess,non_ess
-0.7875297664507178,-0.4453404730745231,0,0.8333333333333334,-0.5722339252411243,0.0028169014084507052,0.07193057333902404,4.449438202247192,144,0.0017801251956181532,YOR214C,non_ess,non_ess
-0.6139380912921409,-0.33512766394984056,1,0.6956521739130435,-0.435901982501831,0.005813953488372093,0.10702959830866808,3.474766355140188,367,0.0011627906976744186,YMR149W,ess,non_ess
0.7747953099764741,0.4044582920184237,11,0.6296296296296297,-0.8149047833170663,0.0654627539503386,1.1870997008219295,1.3445702521873388,86,0.0016273820148039267,YFR033C,non_ess,non_ess
8.87574015071006,9.027160437483717,8,0.5,1.8408414612443664,0.05022288261515602,1.294706779104996,0.8552444547287693,475,0.00016641901931649332,YER176W,non_ess,non_ess
1.1798425520131532,0.9381203151484652,17,0.4583333333333333,-0.3568294557130409,0.03801478352692714,0.4379869471684069,1.467507645259939,128,0.0009817185850052796,YHL026C,non_ess,non_ess
3.4943982207941784,3.4556129025227924,3,0.7560975609756098,0.42026261790093067,0.042175360710321866,0.9409609603137832,1.051020408163265,109,0.0006262155199625287,YGL125W,non_ess,non_ess
-0.9032575498897693,-0.45694182140343703,0,1.6428571428571428,-0.9157904209441432,0.0,0.0,0.0,332,0.0017237625199593555,YDR382W,non_ess,ess
-0.7875297664507178,-0.3902340685121817,1,0.4444444444444444,0.3439167299669264,0.0011641443538998836,0.029955158884146082,9.653631284916203,1055,0.00023448405232580601,YGR092W,non_ess,non_ess
0.3697480679397946,-0.08569867487819066,3,1.375,1.8572012943730816,0.00650310375406444,0.1601587564796724,1.63387297633873,918,0.0002656496631562271,YML104C,non_ess,non_ess
-0.7875297664507178,-0.4221377764166952,6,1.2727272727272727,-0.5040679538714776,0.0025477707006369425,0.0680744250258856,4.684615384615385,740,0.000480289206403856,YDL087C,ess,non_ess
-0.6718019830116665,-0.4163371022522382,0,0.9705882352941176,-0.6267667023368415,0.006153846153846154,0.10095463510848128,2.3076923076923075,305,0.0017250945775535939,YLR350W,non_ess,non_ess
-0.6718019830116665,-0.3467290122787545,0,1.0555555555555556,-0.6594863685942719,0.0065146579804560255,0.27580640511948346,2.5191082802547773,345,0.0016664306283340415,YFR001W,non_ess,non_ess
-0.2088908492554616,-0.06829665238481973,2,0.4545454545454545,-0.18777784671631728,0.01059135039717564,0.2186258223906081,1.363095238095238,339,0.0013720849703322425,YOL047C,non_ess,non_ess
0.3697480679397946,-0.05089462989144882,0,0.0,1.1346419978548272,0.008500772797527048,0.3526012035910421,1.4904862579281184,446,0.00030322772922283597,YMR165C,non_ess,non_ess
0.8326592016959995,0.28264413456482723,0,0.0,0.6056740600263695,0.014955134596211362,0.4046335569562499,0.7374999999999999,413,0.0006252429153218313,YBL051C,non_ess,non_ess
-0.3824825244140385,-0.31772564145646964,3,1.375,-0.5967736749341971,0.013177159590043924,0.4624387080291253,1.1902687000726218,135,0.0015075104386963831,YMR271C,non_ess,non_ess
-0.8453936581702434,-0.4366394618278376,2,0.6428571428571429,-0.33865186334780184,0.001034126163391934,0.030240489339699445,8.891891891891893,478,0.0004110543327290114,YHR012W,non_ess,non_ess
1.064114768574102,1.1846489671378866,3,1.0,0.4420757287392176,0.018619934282584884,0.4256565762852921,1.6336670838548186,425,0.002352941176470588,YDR506C,non_ess,non_ess
-0.5560741995726153,-0.3206259785386981,18,0.3,-0.7385588953830621,0.011385199240986715,0.2633381798467188,2.2407407407407405,140,0.0015857956085660071,YJL122W,non_ess,non_ess
-0.2667547409749872,-0.11180170861824704,4,0.9047619047619048,-0.8694375604127835,0.028720626631853787,0.4432550043516101,1.4052106430155211,80,0.003067885117493473,YMR195W,non_ess,non_ess
-0.035299174096884746,-0.24811755148298595,11,2.6666666666666665,0.5347814498019371,0.007780082987551867,0.19764265864707448,0.7771836007130126,695,0.0003932953222484253,YMR313C,non_ess,non_ess
-0.8453936581702434,-0.4540414843212086,0,0.3,-0.8558043661388542,0.002512562814070352,0.08563798011034192,4.434108527131784,253,0.0015889725306373766,YIL028W,non_ess,non_ess
0.022564717622640867,-0.1930111469206447,2,1.0,-0.3022966786173236,0.015888778550148957,0.4956462656143835,1.419836956521739,285,0.0005400790954546246,YDL230W,non_ess,non_ess
1.1798425520131532,0.9207182926550944,1,0.8571428571428571,0.1585052878414876,0.023778071334214,0.878656350254765,0.6930693069306932,122,0.002376724343287784,YGL035C,non_ess,non_ess
0.2540202845007433,0.38415593244282426,1,0.7,0.3439167299669264,0.011641443538998836,0.6055459073646444,0.8091836734693877,416,0.0009500649234351213,YBR044C,non_ess,non_ess
-0.4403464161335641,-0.35543002352543995,0,1.5882352941176472,1.0637493876303947,0.0031872509960159364,0.3236912813860836,3.8463302752293567,915,0.0001593625498007968,YDR207C,non_ess,ess
-0.6139380912921409,-0.4105364280877813,2,3.6666666666666665,0.2293978980659201,0.00314070351758794,0.13452680067001674,1.4999999999999998,628,0.0004280958934801397,YDL030W,ess,non_ess
-0.2667547409749872,-0.36123069768989696,0,2.0,0.8974244174884569,0.004727116458960034,0.4092969326446716,1.0431115276476104,996,0.00017992036905680307,YLR274W,ess,ess
1.7584814692084092,1.0280307646975484,7,0.7241379310344828,0.7147396142178041,0.021636876763875827,0.4331093029195073,1.016692546583851,183,0.0005731793203069979,YFR015C,non_ess,non_ess
-0.6718019830116665,-0.4134367651700097,0,1.0909090909090908,-0.31592987289125296,0.004032258064516129,0.08503969254032258,2.679069767441861,444,0.0005903080499854692,YDR267C,ess,ess
0.3697480679397946,0.18983334793351564,0,1.0,0.033079900521337795,0.015988372093023256,0.5631573100281441,0.6972309299895505,156,0.0012950954084675016,YMR238W,non_ess,non_ess
1.9899370360865118,0.6074818877744178,4,0.5932203389830508,1.829934905825223,0.014912019087384432,0.6271332471750009,1.5146113989637304,410,0.0002502309544419632,YBL101C,non_ess,non_ess
1.5270259023303068,0.7902031239548124,4,1.5,-0.7685519227857065,0.08502024291497975,3.6342780026990553,0.99,80,0.0067307692307692285,YFL015C,non_ess,non_ess
-0.5560741995726153,-0.31772564145646964,2,0.8125,-0.839444533010139,0.014423076923076926,0.3300711275026344,0.958005249343832,207,0.0018812709030100333,YER050C,non_ess,non_ess
0.2540202845007433,0.3986576178539667,2,1.1428571428571428,-0.2641237346503215,0.019065776930409915,0.4082656593820108,1.4706730769230767,165,0.0009532888465204957,YMR315W,non_ess,non_ess
-0.035299174096884746,-0.23071552898961506,4,0.7619047619047619,-0.6158601469176981,0.02265861027190332,0.5319143945506746,1.1398230088495578,92,0.0038256928937344015,YIL007C,non_ess,non_ess
1.4112981188912557,0.4595646965807649,4,0.7878787878787878,-0.18777784671631728,0.0353045013239188,0.8170815751611069,0.8183856502242154,99,0.0014086139417119118,YOL126C,non_ess,non_ess
-0.32461863269451285,-0.3119249672920127,0,0.7407407407407407,-0.1087053199275272,0.008196721311475409,0.1862358952522888,2.536470588235294,293,0.0008336597101773625,YOL054W,non_ess,non_ess
-0.4982103078530897,-0.3844333943477248,3,0.7272727272727273,-0.3677360111321844,0.007486631016042781,0.19772276632818608,1.3870129870129873,668,0.0006084088507477025,YIL134W,non_ess,non_ess
-0.4403464161335641,-0.3322273268676121,1,0.5714285714285714,-0.9348768929276444,0.02572347266881029,1.0209306558272158,0.5760869565217391,161,0.0031754908030596552,YNL030W,non_ess,non_ess
0.1961563927812177,-0.08569867487819066,4,7.0,-0.05962582054138161,0.014913657770800628,0.3088130962444149,0.9639192320423702,264,0.000999000999000999,YGR263C,non_ess,non_ess
-0.4982103078530897,-0.3699317089365824,0,1.1538461538461535,0.15305201013191586,0.004641909814323607,0.20666953425574114,1.7142857142857144,458,0.0004589786060950042,YDR470C,non_ess,non_ess
-0.09316306581641036,0.4508636853340795,3,0.7142857142857143,-0.9157904209441432,0.042168674698795185,2.1750779341140785,1.4723294723294726,105,0.003184165232358004,YDR102C,non_ess,non_ess
0.2540202845007433,0.14632829170008832,11,0.0,-0.8748908381223552,0.05305039787798409,1.7811277148935054,0.3775700934579439,142,0.006780737475249374,YDR426C,non_ess,non_ess
-0.9032575498897693,-0.45694182140343703,5,0.8666666666666667,-0.9348768929276444,0.0,0.0,0.0,311,0.003215434083601286,YBR190W,ess,non_ess
-0.8453936581702434,-0.4134367651700097,0,2.0,-0.3050233174721095,0.00099601593625498,0.03333153871002477,4.223744292237443,1004,0.0005178489230329677,YHR085W,ess,ess
-0.8453936581702434,-0.4453404730745231,0,2.0,0.7283728084917334,0.0004670714619336759,0.009115575604120062,6.580086580086579,2141,0.0002779304262043452,YGR128C,ess,ess
-0.32461863269451285,-0.13500440527607493,4,0.9444444444444444,-0.8585310049936401,0.02531645569620253,0.7184247538677918,0.7043478260869565,139,0.007194244604316547,YJL064W,non_ess,non_ess
1.5848897940498323,0.5001694157319637,7,0.4680851063829787,0.4366224510296458,0.023626373626373626,0.8545383188240331,0.7785642062689585,240,0.0008951465201465201,YOL158C,non_ess,non_ess
0.4276119596593202,0.22173705583802894,0,1.181818181818182,-0.2504905403763922,0.021616541353383457,0.5824081688596491,0.9846153846153848,310,0.0005487509095318941,YBR076W,non_ess,non_ess
0.2540202845007433,0.18113233668683013,6,1.6,-0.2859368454886084,0.01951219512195122,0.7604181184668989,0.7720588235294119,147,0.0009955201592832257,YDR411C,non_ess,non_ess
-0.2088908492554616,-0.2104131694140156,9,0.7272727272727273,0.03035326166655193,0.008739985433357609,0.2459024473054449,1.1271186440677967,308,0.000629014103158313,YJR062C,non_ess,non_ess
0.6590675265374226,0.08542121297329007,1,0.625,0.5347814498019371,0.014004149377593363,0.34757435063154624,0.9936026936026936,321,0.0006834839260092295,YGR054W,non_ess,non_ess
0.1961563927812177,-0.0798980007137337,0,0.0,0.3221036191286395,0.011216056670602123,0.3917020857929949,1.1325782811459029,324,0.0006686635474514263,YNR072W,non_ess,non_ess
-0.6718019830116665,-0.4453404730745231,2,0.0,0.09851923303619856,0.0027624309392265192,0.08382870597011445,4.066176470588236,604,0.0004607862866342249,YOR046C,ess,ess
-0.15102695753593598,-0.1698084502628168,2,0.7692307692307693,0.12305898272927135,0.008813559322033898,0.17373656807355708,5.275862068965519,272,0.0006779661016949152,YNL240C,ess,non_ess
-0.7296658747311922,-0.3409283381142976,0,0.8571428571428571,-0.6185867857724839,0.004552352048558422,0.21737481031866465,0.3555555555555556,445,0.0015174506828528073,YJL038C,non_ess,non_ess
0.1961563927812177,0.16082997711123076,3,2.6666666666666665,-0.3513761780034692,0.01993704092339979,0.6999635019845796,0.9432672590567328,224,0.0008619397391695397,YNR027W,non_ess,non_ess
-0.6718019830116665,-0.3583303606076685,3,0.6,-0.9321502540728585,0.012738853503184714,0.3226988332112057,2.6036866359447,167,0.0010297875586406805,YOR235W,non_ess,non_ess
-0.7875297664507178,-0.4511411472389801,0,0.7333333333333333,-0.6631218870673198,0.003278688524590164,0.10251236783393153,4.567567567567568,416,0.0005871689785624213,YLL050C,ess,ess
3.4365343290746524,10.256903360348595,17,0.4057971014492754,-0.7876383947692076,0.15856236786469344,3.107822410147991,0.7744107744107745,46,0.0018384042650978949,YCR006C,non_ess,non_ess
1.0062508768545764,0.5523754832120765,6,1.2,-0.6267667023368415,0.05076923076923077,1.0244866687097762,0.8670120898100173,120,0.0015,YGL002W,non_ess,non_ess
-0.09316306581641036,-0.2539182256474429,11,4.0,-0.4168155105183299,0.015891032917139614,0.5624092139415635,1.2662337662337664,310,0.0006004906447951375,YGR222W,non_ess,non_ess
-0.8453936581702434,-0.4540414843212086,1,0.0,-0.2668503735051074,0.0009560229445506693,0.0243389247455476,14.042452830188685,584,0.00037815291128630925,YOL086C,non_ess,non_ess
0.2540202845007433,-0.12920373111161798,0,1.2857142857142858,5.363658861627704,0.002762049440684989,0.07512368294921892,3.268217054263565,1531,4.302735412170932e-05,YHR165C,ess,ess
-0.5560741995726153,-0.3322273268676121,0,1.0,0.960137111148532,0.0025041736227045075,0.0794224942805911,5.591715976331361,1489,0.00010511138443185476,YPL045W,non_ess,ess
-0.6718019830116665,-0.3931344055944103,12,1.0769230769230769,-0.9239703375085008,0.01238390092879257,0.23299638181207805,1.8727436823104688,110,0.005150576977202364,YER058W,non_ess,non_ess
0.7169314182569483,1.3499681808249104,0,0.875,-0.010546321155236044,0.021084337349397592,0.6722953992134341,1.2206101190476188,176,0.0006203792442497261,YMR243C,non_ess,non_ess
2.27925649468414,1.3934732370583378,2,0.7777777777777778,2.1589493276360505,0.014804845222072678,0.32895880678684114,1.034271284271284,413,0.0003486943514773886,YGL251C,non_ess,non_ess
-0.8453936581702434,-0.4540414843212086,0,0.4,-1.0657555579573659,0.0059880239520958105,0.20480272332048235,0.0,92,0.010869565217391304,YAR020C,non_ess,non_ess
1.2377064437326788,0.6219835731855602,2,0.8039215686274509,0.4311691733200741,0.02039691289966924,0.4200649940240704,0.8756190745719544,250,0.00061742006615215,YDR046C,non_ess,non_ess
0.1382925010616921,-0.24811755148298595,1,1.5,0.3711831185147851,0.010297482837528604,0.4193832764377087,1.1588946459412781,638,0.00036853582777989,YCR014C,non_ess,non_ess
-0.7296658747311922,-0.4337391247456092,1,1.3125,1.7317759070529315,0.0009244992295839754,0.023049746863306183,9.847094801223244,1764,0.00021068519857866104,YOL051W,non_ess,ess
-0.6718019830116665,-0.4047357539233243,0,0.0,-0.14142498618495758,0.0033783783783783786,0.11413812067881834,3.6857142857142855,509,0.0006222455264694951,YGR185C,ess,ess
-0.15102695753593598,-0.2597188998118999,1,0.9090909090909092,-0.25321717923117804,0.012252591894439209,0.33432072169112703,0.8329326923076922,139,0.0015527634442869833,YPL138C,non_ess,non_ess
0.3697480679397946,-0.0044892365757930215,6,0.8421052631578947,0.07397948334312578,0.015482054890921885,0.5580779570572957,1.1440329218106997,188,0.0009021216703849553,YGR288W,non_ess,non_ess
0.2540202845007433,0.2449397524958569,2,0.5454545454545454,0.21849134264677664,0.012658227848101266,0.2587577274065352,1.5662895927601808,210,0.0011482820976491865,YOR360C,non_ess,non_ess
3.031487087037973,4.221301892231113,5,2.333333333333333,-0.3595560945678268,0.07203389830508475,1.3103694534374406,0.6865959498553519,102,0.0015162844798936525,YGR096W,non_ess,non_ess
-0.5560741995726153,-0.36123069768989696,0,0.5,-0.6240400634820557,0.009188361408882085,0.2443313738082301,0.9627329192546584,164,0.002119672804691293,YLR051C,ess,non_ess
-0.4403464161335641,-0.3322273268676121,5,1.4166666666666667,0.5075150612540783,0.004214963119072708,0.1292681735392431,2.4479522184300344,709,0.0002794122236902924,YDR049W,non_ess,non_ess
-0.4982103078530897,-0.236516203154072,1,2.0,-0.7340144972917523,0.013157894736842105,0.382807981492192,1.4444444444444444,173,0.0057803468208092465,YDR397C,ess,non_ess
-0.3824825244140385,-0.36123069768989696,0,2.6666666666666665,1.1264620812904698,0.003489724699495929,0.0930689388865567,2.5487098472880465,842,0.00021045185902212186,YLR115W,ess,ess
1.2377064437326788,0.3609532357849964,0,0.6551724137931034,2.1816713180925995,0.009893048128342245,0.19937583556149727,1.3640486123707602,701,0.00019338302043680922,YOR227W,non_ess,non_ess
0.3697480679397946,0.3522522245383109,0,1.2857142857142858,0.11760570501969962,0.014976174268209666,0.3500772053329791,0.9968287526427062,240,0.0016621284320399365,YDR402C,non_ess,non_ess
1.7006175774888836,0.7989041352014978,13,1.4166666666666667,0.979223583132033,0.018618121638394703,0.5673051181581446,1.4544444444444444,243,0.0004460857676506093,YER144C,non_ess,non_ess
-0.2088908492554616,-0.13210406819384646,5,1.5555555555555556,-0.8694375604127835,0.031331592689295036,0.8190973517344273,0.7124681933842242,134,0.002766844628034761,YCR043C,non_ess,non_ess
-0.7875297664507178,-0.4395397989100661,0,4.0,0.4638888395775045,0.001081081081081081,0.028804258804258805,9.935483870967742,860,0.0005021998742928977,YLL004W,ess,ess
0.4276119596593202,0.03901581965763429,4,1.2857142857142858,3.198707610927728,0.004733484256019757,0.2318364667772144,1.8799171842650104,915,0.000221323283816747,YOR191W,non_ess,non_ess
-0.2667547409749872,-0.15820710193390286,4,3.0,1.1646350252574718,0.004196871423120946,0.1683113315528424,1.038961038961039,522,0.0002718976261583058,YNL082W,non_ess,non_ess
2.0478009278060374,1.4746826753607354,9,0.6296296296296297,-0.16869137473281626,0.04419410745233969,0.5526774460374979,1.2853854092244184,86,0.001158760227318528,YNR015W,non_ess,non_ess
-0.9032575498897693,-0.45694182140343703,1,1.2857142857142858,-0.6294933411916275,0.0,0.0,0.0,640,0.0009032071097372489,YBR154C,ess,ess
-0.32461863269451285,-0.3322273268676121,1,1.6666666666666667,-0.043265987412666435,0.007739938080495356,0.24427999697953634,1.3666666666666667,521,0.000303060915243964,YBR095C,non_ess,non_ess
1.5848897940498323,0.9323196409840084,1,1.3636363636363635,2.345269649379752,0.01096938775510204,0.2014536767087788,0.9043927648578812,764,0.0002016775296506037,YGR014W,non_ess,non_ess
0.08042860934216649,-0.06829665238481973,11,1.1666666666666667,-0.5431497774567416,0.02291105121293801,0.603679558703692,1.2072192513368991,104,0.0016068836823553805,YDR305C,non_ess,non_ess
0.7747953099764741,0.8221068318593258,1,0.5,-0.9321502540728585,0.09235668789808917,3.2425113739763423,0.2984084880636605,79,0.0037087801338385865,YOR072W,non_ess,non_ess
-0.5560741995726153,-0.36413103477212544,7,0.7241379310344828,-0.6649396463038437,0.009868421052631578,0.2144683571276369,1.1706161137440758,279,0.0010139596302584418,YOL114C,non_ess,non_ess
-0.09316306581641036,-0.17270878734504527,1,1.1428571428571428,-0.8776174769771412,0.0374331550802139,1.108235294117647,0.4285714285714287,139,0.002846920324702805,YKL053W,non_ess,non_ess
-0.035299174096884746,-0.20461249524955866,7,1.1,0.4829753115610056,0.008017103153393906,0.3000797837318647,0.7493212669683259,850,0.000531329581538655,YFL049W,non_ess,non_ess
-0.2667547409749872,-0.2394165402363005,0,3.4,3.929446824010338,0.0019424333392194949,0.046410042239829113,8.508249757360076,1331,6.48760264243107e-05,YPL231W,ess,ess
0.1961563927812177,-0.07119698946704822,1,0.6923076923076923,0.3002905082903526,0.011377245508982036,0.6182650741298154,0.6372586141613025,348,0.000800123890150733,YOL105C,non_ess,non_ess
-0.6718019830116665,-0.4018354168410958,3,0.9615384615384616,-0.6594863685942719,0.0065146579804560255,0.20505087063176106,1.2366412213740456,543,0.0016586583163868242,YKL083W,ess,non_ess
-0.32461863269451285,-0.10890137153601856,1,0.9230769230769232,0.04671309479526712,0.007189072609633356,0.25482866043613706,1.5306122448979589,356,0.0007391012851476991,YKL133C,non_ess,non_ess
-0.9032575498897693,-0.45694182140343703,0,2.0,0.24030445348506355,0.0,0.0,0.0,884,0.00014034483925931776,YOL123W,ess,ess
1.2955703354522043,0.3087471683048836,1,1.1666666666666667,1.385492772495127,0.013268156424581005,0.3835951251243591,0.9605263157894736,333,0.0006008103075142183,YBR229C,non_ess,non_ess
-0.4982103078530897,-0.3989350797588673,0,1.6666666666666667,-0.0659879778692153,0.0055248618784530384,0.06575413773113915,3.3102508178844063,559,0.0008810410968961656,YDR005C,non_ess,ess
1.816345360927935,0.4218603145117946,0,1.4444444444444444,-0.1087053199275272,0.038524590163934426,0.6025009433566727,1.3289375297396504,64,0.0016777663934426233,YDR076W,non_ess,non_ess
1.6427536857693583,1.5210880686763912,5,0.4375,0.3166503414190678,0.026066350710900472,0.755514751495,0.5753012048192772,256,0.0008076310722748818,YKR072C,non_ess,non_ess
-0.15102695753593598,0.04771683090431975,3,0.9285714285714286,0.09306595532662684,0.009015256588072122,0.2768241417275548,1.9431089743589745,183,0.0006404280636335387,YEL064C,non_ess,non_ess
-0.035299174096884746,-0.2423168773185289,2,0.7894736842105263,0.2730241197424939,0.009146341463414634,0.2710488559993959,2.487348734873488,366,0.00024323603891776625,YFR051C,ess,non_ess
3.2050787621965497,0.7989041352014978,1,1.8,6.849677037486,0.007999098693105002,0.2079063984883344,1.650651572989338,881,0.00013542622046007575,YLR087C,non_ess,non_ess
0.311884176220269,0.1289262692067174,1,1.1428571428571428,-0.13324506962059998,0.01760268231349539,0.38255731724964576,0.4749871067560598,187,0.0019633243833233967,YJL164C,non_ess,non_ess
-0.5560741995726153,-0.4337391247456092,0,1.5,-0.9376035317824302,0.01948051948051948,0.5578750108951451,1.0719424460431657,123,0.008130081300813009,YJL022W,non_ess,non_ess
-0.2667547409749872,0.1724313254401447,1,0.6226415094339622,-0.6840261182873447,0.018739352640545142,0.7065706509566505,2.152658662092624,266,0.0007108913681136402,YNL282W,ess,non_ess
-0.9032575498897693,-0.45694182140343703,0,10.0,-0.3813692054061137,0.0,0.0,0.0,709,0.000981173729073404,YFR004W,ess,ess
-0.6718019830116665,-0.4192374393344667,2,7.0,-0.9376035317824302,0.012987012987012988,0.31239669421487604,2.6960784313725488,85,0.0033231474407945,YDR455C,non_ess,non_ess
-0.4982103078530897,-0.3931344055944103,0,0.7575757575757576,0.23212453692070595,0.00438871473354232,0.11371037965865552,3.1505791505791514,506,0.0003704759190652608,YDL020C,non_ess,ess
0.7747953099764741,0.13472694337117436,15,0.6,0.5266015332375794,0.015112037519541427,0.2839174048983846,0.8386206896551723,372,0.0004426588669053663,YJR130C,non_ess,non_ess
-0.2667547409749872,-0.09149934904264764,2,1.1666666666666667,-0.8612576438484258,0.02806122448979592,0.6967132346500832,0.8866807610993658,81,0.002928949357520786,YNL143C,non_ess,non_ess
1.2955703354522043,0.3087471683048836,5,0.5384615384615384,0.2348511757754918,0.023779724655819776,0.5635241726576826,1.14394593039977,149,0.0011213681531444509,YMR297W,non_ess,non_ess
2.568575953281768,1.81112177689924,4,0.7045454545454546,5.949886215406664,0.007608419984783158,0.2164755816360144,1.2083333333333333,470,0.002127659574468085,YLR454W,non_ess,non_ess
-0.4982103078530897,-0.29162260771641324,0,0.96,-0.4113622328087582,0.007891770011273957,0.1683771741888783,2.930563460443939,157,0.0013643642421674721,YOR028C,non_ess,non_ess
-0.4403464161335641,-0.349629349360983,4,3.5,-0.1168852364918848,0.006606110652353428,0.14618053719394872,1.3285340314136131,330,0.0007331781898255886,YNL292W,non_ess,non_ess
0.08042860934216649,-0.32642665270315513,1,0.0,1.6063505197327819,0.005471515931766978,0.1925257708701184,1.0003895597974288,1457,0.00023769030411325724,YDR325W,ess,non_ess
1.064114768574102,0.2449397524958569,5,0.2692307692307692,1.1782682195314012,0.01289833080424886,0.3240312372774714,0.8235294117647058,316,0.0007203088684427883,YBR281C,non_ess,non_ess
0.08042860934216649,0.2449397524958569,0,0.5535714285714286,-0.5858671195150535,0.02446043165467626,0.531597036910531,1.2219983883964542,347,0.0007712561938921488,YLR298C,ess,non_ess
0.8326592016959995,0.3174481795515691,0,3.0,0.3739097573695709,0.01713306681896059,0.5103976548865183,1.1279898218829518,275,0.0005316442552307771,YPL208W,non_ess,non_ess
0.311884176220269,0.05061716798654824,1,1.0769230769230769,0.04943973365005299,0.015064562410329984,0.5702858086558014,0.8958109559613319,190,0.005263157894736842,YML068W,non_ess,non_ess
-0.2667547409749872,-0.17850946150950225,2,0.76,-0.5177011481454069,0.014285714285714284,0.3130836800739713,0.6661875673733382,226,0.0019423054821284906,YKL040C,non_ess,non_ess
-0.4982103078530897,-0.3032239560453272,0,2.0,0.05216637250483885,0.005010737294201861,0.13824015413536347,1.9308270676691728,511,0.00042164716957080237,YNL317W,ess,ess
-0.8453936581702434,-0.4192374393344667,0,1.6666666666666667,-0.6022269526437688,0.0014771048744460858,0.12034517608644953,0.0,322,0.003105590062111801,YNL335W,non_ess,non_ess
-0.7875297664507178,-0.4366394618278376,0,1.4285714285714286,0.03853317823090953,0.0014471780028943561,0.022591599789501367,3.4966887417218566,731,0.0006265825416088423,YOR272W,ess,ess
0.4854758513788458,-0.1872104727561877,0,0.6666666666666666,1.5572710203466364,0.007861120209629872,0.27254503766786764,1.7441860465116281,612,0.00011185826006349695,YGL201C,ess,non_ess
0.2540202845007433,0.14632829170008832,6,0.75,0.5429613663662946,0.010325245224574084,0.2268895087975077,1.3464824120603018,375,0.0005630700395801067,YOL117W,non_ess,non_ess
-0.2088908492554616,-0.2887222706341848,3,1.25,2.3479962882345373,0.0030588835075197555,0.4319239102727505,2.8190476190476184,331,0.0003373089064183416,YLR425W,non_ess,non_ess
1.7006175774888836,0.4305613257584801,3,0.6101694915254238,0.4638888395775045,0.024324324324324333,0.5696778970751574,1.536842105263158,237,0.0006933515794275287,YKL217W,non_ess,non_ess
1.064114768574102,1.7647163835835842,12,1.3333333333333333,-0.335016344874754,0.035015447991761074,0.7756091708077951,0.7704862291737503,134,0.0009837527091627342,YGR007W,non_ess,non_ess
-0.2667547409749872,-0.32642665270315513,4,0.6923076923076923,-0.7603720062213489,0.02186878727634195,0.4614006104219752,1.2383720930232558,311,0.0011698298952267105,YMR071C,non_ess,non_ess
-0.4403464161335641,-0.36413103477212544,1,3.333333333333333,1.810848433841722,0.002400960384153661,0.05866876367271647,4.629032258064517,1225,0.00010657324154151456,YNL163C,ess,ess
-0.2667547409749872,-0.19881182108510168,0,1.5,0.5102417001088642,0.005786428195686482,0.13608691189489486,3.2582781456953644,384,0.0004739829914080309,YDR456W,non_ess,non_ess
0.08042860934216649,0.1753316625223732,2,3.0,1.0092166105346776,0.006938775510204082,0.283718820861678,1.3655462184873948,363,0.0004891212683420475,YMR160W,non_ess,non_ess
0.6012036348178971,0.007112111753120929,3,1.0,0.3548232853860699,0.015028901734104047,0.5188549408202587,1.1799331103678932,570,0.0003336375621133759,YER087W,non_ess,non_ess
1.2377064437326788,0.3754549211961388,11,0.7647058823529411,0.957410472293746,0.015461763476807356,0.3753995690894981,1.375,255,0.000986537531853527,YBR284W,non_ess,non_ess
-0.7296658747311922,-0.4221377764166952,0,0.9285714285714286,-0.040539348557880564,0.0023166023166023165,0.07254375477725733,5.3140655105973025,903,0.00021122213813243722,YIL022W,ess,ess
-0.9032575498897693,-0.45694182140343703,0,0.5555555555555556,-0.6349466189011992,0.0,0.0,0.0,485,0.0008170223716165143,YHR026W,non_ess,ess
-0.5560741995726153,-0.3061242931275557,0,1.2,-0.6812994794325589,0.010169491525423728,0.465097300690521,2.7857142857142856,222,0.0008779966407085053,YJL218W,non_ess,non_ess
0.022564717622640867,0.3058468312226551,3,0.52,-0.2777569289242508,0.015473887814313346,0.6136922854248081,1.0068493150684934,105,0.0025421387123514784,YDR541C,non_ess,non_ess
-0.4982103078530897,-0.2394165402363005,12,0.9,-0.5204277870001929,0.009126466753585395,0.1663072911443185,1.3787878787878791,750,0.00056671012603216,YDL136W,non_ess,non_ess
0.4854758513788458,-0.06829665238481973,1,1.2222222222222223,-0.2014110409902466,0.02146690518783542,0.9968877888597544,0.7300000000000001,156,0.001341681574239714,YIL035C,non_ess,non_ess
-0.7875297664507178,-0.4482408101567516,2,0.9285714285714286,0.6683867536864444,0.0009638554216867467,0.029797835409434342,11.589285714285715,1839,7.494906215399937e-05,YHR042W,ess,ess
-0.6139380912921409,-0.3757323831010394,5,0.8571428571428571,-0.8285379775909956,0.011682242990654205,0.3072075899178703,1.4585635359116025,159,0.001454769881855052,YBR258C,non_ess,non_ess
-0.4982103078530897,-0.3670313718543539,1,0.8461538461538461,-0.32956306716518224,0.007164790174002047,0.19216070337179592,1.2126499454743729,600,0.0005578300921187309,YFL034C-B,ess,non_ess
-0.8453936581702434,-0.4511411472389801,0,1.0,0.7883588632970224,0.00045310376076121433,0.01565267537175104,9.584158415841584,2175,0.00018415803425881082,YKL078W,ess,ess
0.6590675265374226,-0.05669530405590579,7,1.0,-0.015999598864807774,0.02042360060514372,0.4332304177344161,1.4967544864452085,216,0.0007144057824844512,YCL029C,non_ess,non_ess
-0.8453936581702434,-0.4540414843212086,1,0.6923076923076923,0.4093560624817872,0.0005586592178770949,0.017191368167378682,27.910447761194035,724,0.0003943022932806568,YDR349C,non_ess,non_ess
-0.6139380912921409,-0.4076360910055528,0,1.75,-0.6812994794325589,0.00847457627118644,0.1772080547348779,1.1010101010101012,154,0.001694915254237288,YGR251W,ess,non_ess
-0.6718019830116665,-0.4076360910055528,0,1.0,0.15577864898670174,0.0026472534745201853,0.07818354622492697,2.235294117647059,602,0.000503505851881331,YGL065C,ess,ess
-0.7875297664507178,-0.43083878766338063,0,0.7222222222222222,-0.6894793959969164,0.0034423407917383822,0.09204063641324882,6.56,346,0.0012137733427516838,YKR068C,ess,ess
-0.32461863269451285,-0.38733373142995337,0,0.0,0.14487209356755826,0.0066711140760507,0.26391695182879715,3.9840764331210186,1109,0.0005624428909925523,YHR070W,ess,ess
-0.8453936581702434,-0.4540414843212086,0,18.5,-0.3731892888417561,0.001076426264800861,0.04823789895595403,11.319018404907975,315,0.001001247287576674,YGR060W,ess,ess
0.1961563927812177,-0.1002003602893331,9,0.8,0.08215939990748337,0.013286713286713287,0.2980019980019981,1.3645224171539958,186,0.0015226708775095874,YLR142W,non_ess,non_ess
-0.2667547409749872,-0.2597188998118999,11,1.0769230769230769,-0.8994305878154281,0.03142857142857143,0.5569791240278347,1.4421487603305785,133,0.006809881847475832,YAL056C-A,non_ess,non_ess
-0.4982103078530897,-0.2104131694140156,2,0.8095238095238095,-0.2750302900694649,0.006750241080038573,0.4442573917591488,1.4047619047619049,1026,0.0006579182339218883,YGR165W,non_ess,non_ess
-0.2667547409749872,-0.21911418066070107,0,0.4827586206896552,0.3984495070626437,0.006186726659167604,0.13425648436281232,0.5462519936204147,1212,0.0005693904598558843,YLR089C,non_ess,non_ess
-0.3824825244140385,-0.2858219335519563,0,0.4,0.39572286820785785,0.0050704225352112674,0.34132796780684105,6.6585365853658525,356,0.00029909795853774333,YDR037W,ess,ess
-0.7296658747311922,-0.43083878766338063,0,2.0,-0.7140191456899893,0.005415162454873646,0.15647240845796806,3.608247422680413,239,0.0012763772034499947,YLR066W,ess,ess
-0.15102695753593598,-0.23071552898961506,1,2.0,-0.1895956059528412,0.011494252873563218,0.3903940886699507,2.042823156225218,394,0.0006754724941316924,YDL115C,non_ess,non_ess
-0.4982103078530897,-0.349629349360983,0,1.25,-0.9021572266702141,0.02017291066282421,0.5288184438040345,1.6531791907514453,129,0.0035967205057748585,YDR230W,non_ess,non_ess
-0.5560741995726153,-0.24811755148298595,1,0.6666666666666666,-0.6594863685942719,0.009771986970684038,0.33917102955333706,2.67948717948718,108,0.0018850283508263965,YLR456W,non_ess,non_ess
-0.7296658747311922,-0.4047357539233243,6,0.8292682926829268,-0.7621897654578729,0.0059880239520958105,0.18366628088361087,1.7246376811594202,203,0.002949765493643255,YBR230C,non_ess,non_ess
0.3697480679397946,-0.19881182108510168,0,0.8181818181818182,0.13941881585798654,0.014735432016075016,0.2243164491619063,1.803696303696304,334,0.0008984041294504094,YOR351C,non_ess,non_ess
-0.15102695753593598,-0.12050271986493252,1,3.2,0.4911552281253632,0.006914893617021276,0.2642028184581376,1.8509615384615383,1187,0.0008424599831508003,YHR166C,ess,non_ess
-0.6139380912921409,-0.3757323831010394,0,0.0,1.3064202457063367,0.0018005041411595247,0.035584509117098234,2.704918032786885,1480,0.000268129130210513,YDR081C,ess,ess
-0.3824825244140385,-0.3061242931275557,5,0.8125,0.6683867536864444,0.004337349397590362,0.16048192771084338,2.1904761904761907,518,0.00031632320788947297,YJL093C,non_ess,non_ess
-0.15102695753593598,-0.17270878734504527,5,0.7142857142857143,-0.2395839849572487,0.0120817843866171,0.27708044072199584,1.650775080432875,161,0.0009582303909118195,YBR053C,non_ess,non_ess
0.022564717622640867,0.3000461570581981,14,0.39130434782608703,-0.36228273342261264,0.01700318809776833,0.4297169355617815,0.2578125,350,0.0015515409139213606,YNL322C,non_ess,non_ess
0.311884176220269,0.11442458379557495,3,0.6111111111111112,0.12033234387448548,0.014266304347826088,0.4925629290617848,0.9909297052154196,165,0.0013463438735177866,YHR113W,non_ess,non_ess
-0.4982103078530897,-0.3032239560453272,3,7.0,-0.6131335080629122,0.010526315789473684,0.36101633393829397,0.8841463414634145,159,0.0012484040289402751,YPR174C,non_ess,non_ess
0.08042860934216649,0.4015579549361952,5,6.0,-0.9130637820893576,0.05074626865671642,3.5509486465975213,0.939950980392157,66,0.00474898236092266,YGR164W,non_ess,non_ess
0.6590675265374226,0.3870562695250528,12,1.3,-0.36228273342261264,0.02869287991498405,0.6630437701653897,1.460392777118756,116,0.0012092784638499028,YKL094W,non_ess,non_ess
-0.3824825244140385,-0.3409283381142976,0,0.9268292682926828,0.2730241197424939,0.005487804878048779,0.15249765478424013,4.574074074074074,787,0.00026962531378808065,YDR188W,ess,ess
0.022564717622640867,0.021613797164263367,3,0.3939393939393939,0.1039725107457703,0.011004126547455296,0.2947533896639811,1.7035398230088494,392,0.001168486651882211,YKL211C,non_ess,non_ess
-0.15102695753593598,-0.2539182256474429,2,2.0769230769230766,0.4857019504157914,0.006937033084311633,0.16558553450729274,1.1021814006888633,392,0.0008671291355389541,YOR171C,non_ess,non_ess
0.2540202845007433,-0.2887222706341848,12,0.38461538461538464,-0.16051145816845866,0.01719690455717971,0.4084078718644497,0.9459051724137932,324,0.0011862679532498965,YBR246W,non_ess,non_ess
0.08042860934216649,-0.14950609068721735,2,0.5789473684210527,0.12305898272927135,0.01152542372881356,0.22681732580037664,0.9747292418772564,307,0.001075470656434605,YOR320C,non_ess,non_ess
-0.3824825244140385,-0.236516203154072,0,1.3125,1.6826964076667863,0.002820432466311501,0.05488919099050586,2.597165066300869,1177,0.00031364763950863286,YML010W,ess,ess
0.311884176220269,0.07962053880883313,0,1.6666666666666667,-0.3104765951816812,0.021042084168336674,0.6960011977978946,2.2785714285714294,144,0.000466210198174126,YCR021C,non_ess,non_ess
0.6012036348178971,2.1736639121778007,0,0.0,-0.9430568094920021,0.08609271523178808,4.306113748116989,1.2657540199913084,68,0.0029703934553954032,YGR025W,non_ess,non_ess
0.7747953099764741,0.062218516315462186,7,1.3,1.7426824624720751,0.008903899293828677,0.2211916035098493,1.2881355932203389,356,0.0004959068281626781,YJR035W,non_ess,non_ess
-0.4982103078530897,-0.3931344055944103,1,1.25,-0.18777784671631728,0.00617828773168579,0.20347160929685204,1.4652014652014649,604,0.0003258652233126611,YIL110W,non_ess,non_ess
-0.8453936581702434,-0.4511411472389801,0,1.0,-0.5558740921124091,0.0013736263736263735,0.04059206100022427,0.8166666666666668,728,0.0013736263736263735,YGR075C,ess,ess
-0.5560741995726153,-0.3206259785386981,0,2.272727272727273,0.17759175982498865,0.003908794788273616,0.07212314664516903,5.677215189873418,523,0.00032635571527332285,YJR121W,non_ess,ess
0.1961563927812177,-0.2336158660718435,10,1.037037037037037,-0.294116762052966,0.018700787401574805,0.4695413917854863,1.1684210526315788,106,0.0015970880998365776,YJL088W,non_ess,non_ess
-0.6718019830116665,-0.43083878766338063,0,1.1428571428571428,-0.678572840577773,0.006745362563237775,0.15179601617872673,4.360655737704919,474,0.0005265367401683494,YGL247W,ess,ess
-0.6718019830116665,-0.4221377764166952,0,0.75,0.30301714714513844,0.002390914524805738,0.1032501076913316,5.2958579881656815,725,0.00025558051816888924,YLL018C,ess,ess
-0.7296658747311922,-0.4163371022522382,6,0.8235294117647058,-0.6731195628682013,0.005008347245409015,0.14900524815761074,2.1882556131260795,179,0.0018373266431016312,YDR084C,non_ess,non_ess
-0.3824825244140385,-0.3525296864432115,0,3.0,0.1285122604388431,0.006076975016880486,0.18261975287953985,1.92570281124498,392,0.0011402940649588669,YNL119W,non_ess,non_ess
4.362356596587063,2.524604699127448,2,0.52,0.33301017454778303,0.0533411488862837,0.8574465054617567,0.9202102245580506,110,0.000889907279121816,YNL004W,non_ess,non_ess
0.311884176220269,-0.2626192368941284,4,0.7435897435897436,0.6383937262837999,0.010284035259549459,0.24797794698429745,2.062798918694116,732,0.00014852041553603827,YPR074C,non_ess,non_ess
1.816345360927935,0.674189640665673,1,0.9230769230769232,1.8871943217757257,0.013758782201405152,0.4375124950019992,1.0700709219858155,343,0.00028079147349806434,YGR170W,non_ess,non_ess
-0.2088908492554616,-0.2829215964697278,4,0.7916666666666666,-0.7876383947692076,0.02536997885835095,0.7375661274430084,1.2941441441441444,186,0.0016026733956216329,YOR044W,non_ess,non_ess
-0.09316306581641036,0.06801919047991918,5,0.7241379310344828,-0.5177011481454069,0.01818181818181818,0.31755651755651754,0.7248322147651007,124,0.0015395894428152494,YCL005W,non_ess,non_ess
-0.5560741995726153,-0.1872104727561877,2,0.8571428571428571,-0.9185170597989292,0.0182370820668693,0.6015065415620456,0.4323308270676692,214,0.002599210294577167,YDL068W,non_ess,non_ess
-0.7296658747311922,-0.42793845058115215,1,1.6923076923076923,-0.5449675366932656,0.004054054054054054,0.15558166862514688,5.048780487804878,600,0.0006801801801801803,YDR174W,non_ess,non_ess
-0.15102695753593598,-0.3003236189630987,3,1.1,0.6711133925412303,0.006256015399422521,0.18492243368830646,2.911449016100179,408,0.00032435977278303036,YMR224C,non_ess,non_ess
-0.8453936581702434,-0.4540414843212086,0,2.333333333333333,-0.9076105043797856,0.0029325513196480947,0.11116790874115527,3.084905660377358,149,0.003326182369265288,YPL098C,non_ess,non_ess
0.022564717622640867,-0.1959114840028732,0,0.0,2.4897815086834023,0.003922530031870556,0.08654737385827763,2.75,1282,0.00020442592648545365,YIL126W,ess,ess
-0.6718019830116665,-0.4366394618278376,1,1.0,0.4966085058349349,0.0021208907741251328,0.16901996476315329,3.439583333333333,1257,0.00034968545181975633,YDR365C,ess,ess
0.6590675265374226,0.030314808410948836,0,0.6956521739130435,0.8810645843597419,0.011693373754872241,0.19078514143190345,1.569509650495566,656,0.0002310682483178232,YOL006C,non_ess,non_ess
-0.3824825244140385,-0.3728320460188109,0,0.5,-0.3868224831156855,0.009846827133479213,0.3606342651092551,2.4683026584867074,213,0.0011249113939655435,YLR455W,non_ess,non_ess
0.8326592016959995,0.5320731236364771,2,0.0,0.07397948334312578,0.0211118930330753,0.2956635686379189,1.5979591836734692,157,0.0011609299990587053,YBR003W,non_ess,non_ess
-0.2667547409749872,-0.1698084502628168,3,1.25,-0.4877081207427624,0.0136986301369863,0.6098427194317605,0.9960474308300395,188,0.001039983042314724,YKL206C,non_ess,non_ess
-0.6718019830116665,-0.4047357539233243,3,1.7,-0.4713482876140472,0.0048721071863581,0.1942537794655012,2.537313432835821,553,0.0005858863072202777,YKR030W,non_ess,non_ess
0.7747953099764741,0.09412222421997554,0,0.7586206896551724,-0.3813692054061137,0.03152173913043478,1.082602554654876,1.1230344827586207,126,0.002208419599723948,YMR055C,non_ess,non_ess
-0.3824825244140385,-0.24811755148298595,0,0.5238095238095238,-0.7412855342378479,0.01717557251908397,0.3698039144748743,0.9710716633793556,128,0.0026240458015267176,YGR131W,non_ess,non_ess
0.7747953099764741,0.8134058206126403,7,0.5333333333333333,-0.25321717923117804,0.027332704995287463,0.9745725781115402,0.7811671087533156,152,0.0009859119996031554,YFR007W,non_ess,non_ess
-0.8453936581702434,-0.3989350797588673,0,0.9230769230769232,0.30301714714513844,0.0005977286312014345,0.017144466412248836,18.696629213483146,601,0.00024764464088046127,YEL058W,ess,ess
0.1382925010616921,-0.09149934904264764,1,1.875,-0.032359431993522966,0.013803680981595092,0.33963628396143736,1.2112932604735882,153,0.001503668952243474,YMR034C,non_ess,non_ess
1.7006175774888836,0.7960037981192694,9,0.36,-0.28321020663382257,0.043774319066147864,0.6775186621519257,0.8094276094276095,177,0.0009947459825452307,YEL004W,non_ess,non_ess
0.022564717622640867,-0.20461249524955866,4,0.88,-0.4222687882279017,0.018285714285714287,0.3413164956590371,1.3267746913580245,93,0.0016835637480798772,YLR351C,non_ess,non_ess
-0.035299174096884746,-0.15240642776944588,3,0.7857142857142857,-0.4331753436470451,0.01738122827346466,0.7931463431258946,1.1333333333333333,185,0.0009645798753562367,YIL034C,non_ess,non_ess
-0.4982103078530897,-0.3757323831010394,0,1.0,-0.13324506962059998,0.00586756077116513,0.19612226002443447,1.072743207712533,583,0.0006901321171671801,YOL136C,non_ess,non_ess
-0.9032575498897693,-0.45694182140343703,1,1.0,-0.9430568094920021,0.0,0.0,0.0,125,0.0035496688741721853,YNL198C,non_ess,non_ess
1.1798425520131532,1.0831371692598897,1,1.4444444444444444,-0.6249489431003177,0.05521472392638037,1.119054850270303,1.5106837606837606,75,0.0014314928425357876,YOR318C,non_ess,non_ess
0.9483869851350506,0.2478400895780853,5,0.8,0.28120403630685153,0.019405700424499697,0.6104442186514806,0.8243599397590362,291,0.0007898153415899253,YIL099W,non_ess,non_ess
0.4854758513788458,0.3058468312226551,4,0.75,0.17759175982498865,0.015635179153094463,0.20401192257869785,2.5677920685959266,190,0.0006480370306874677,YMR004W,non_ess,non_ess
-0.5560741995726153,-0.3119249672920127,1,0.75,0.452982284158361,0.003264417845484222,0.08991342196148934,3.2624113475177308,465,0.0004914177401804205,YPL194W,non_ess,non_ess
-0.9032575498897693,-0.45694182140343703,0,2.4,-0.1305184307658141,0.0,0.0,0.0,705,0.00038544557508479797,YPL028W,ess,ess
-0.3824825244140385,-0.24811755148298595,1,2.333333333333333,-0.5667806475315526,0.012569832402234636,0.4651921595068388,0.9764309764309764,269,0.001028016032896513,YMR156C,non_ess,non_ess
-0.3824825244140385,-0.3757323831010394,0,1.9,-0.6022269526437688,0.013293943870014771,0.5929880962724824,1.8141870684243568,104,0.0018747869560277238,YDL213C,non_ess,non_ess
-0.4403464161335641,-0.1930111469206447,2,0.75,-0.9076105043797856,0.02346041055718475,0.7628188038745224,0.7432432432432433,220,0.004545454545454545,YGR219W,non_ess,non_ess
0.4854758513788458,-0.06249597822036276,7,1.2692307692307692,-0.2968434009077519,0.023692003948667325,0.972293052508206,1.1850921273031827,99,0.0014259076450586815,YJL116C,non_ess,non_ess
-0.3824825244140385,-0.3235263156209266,0,1.25,-0.8803441158319271,0.024258760107816708,0.816543126684636,1.0275229357798166,113,0.003291749159172769,YBR292C,non_ess,non_ess
1.4112981188912557,-0.007389573658021506,0,0.9444444444444444,2.912410531175212,0.008802816901408451,0.2672717338513842,0.9272108843537414,1806,0.00010199277057695009,YDR334W,non_ess,non_ess
-0.7875297664507178,-0.43083878766338063,1,1.6,-0.9185170597989292,0.0060790273556231,0.2520033158331031,2.5255102040816326,106,0.004243849286001032,YLR364W,non_ess,non_ess
-0.09316306581641036,-0.2162138435784726,7,0.9285714285714286,-0.06507909825095334,0.011041009463722398,0.3942605126948639,1.0679723502304148,174,0.001105913920011603,YNL253W,non_ess,non_ess
0.1382925010616921,-0.16110743901613134,2,0.6111111111111112,0.15032537127713,0.011960132890365448,0.2352261430355762,1.101851851851852,253,0.0007511194568828543,YBR056W,non_ess,non_ess
-0.035299174096884746,-0.007389573658021506,0,1.3,0.12305898272927135,0.010169491525423728,0.468098674274207,1.6209876543209878,246,0.0006724541821689404,YLR190W,non_ess,non_ess
-0.4982103078530897,-0.35543002352543995,2,0.6363636363636364,-0.8585310049936401,0.017721518987341773,0.4971518987341772,1.4953271028037385,162,0.005000781372089389,YLR101C,ess,non_ess
-0.09316306581641036,0.09412222421997554,2,0.6666666666666666,-0.25321717923117804,0.013195098963242223,0.33818934744372786,1.3298429319371727,179,0.001442720317609086,YKR011C,non_ess,non_ess
-0.7875297664507178,-0.4395397989100661,0,7.0,-0.8312646164457814,0.004705882352941176,0.1475743555849306,2.8842592592592595,270,0.0009411764705882351,YJR067C,ess,ess
-0.3824825244140385,-0.3409283381142976,3,1.1428571428571428,-0.22867742953810524,0.008272058823529412,0.4053308823529413,2.0757910228108902,158,0.0016171816827997018,YGR028W,non_ess,non_ess
-0.7875297664507178,-0.43083878766338063,0,0.8,-0.8421711718649251,0.0048426150121065395,0.17070217917675545,4.9051094890510925,132,0.00359527478171546,YOR012W,non_ess,non_ess
0.6590675265374226,-0.08569867487819066,0,0.5555555555555556,0.06307292792398231,0.0191625266146203,0.5302456558071384,1.592322249256556,151,0.0007191235153389513,YIL074C,non_ess,non_ess
-0.32461863269451285,-0.2278151919073865,0,8.0,-0.08961884794402614,0.008058017727639,0.4020195406929895,0.6471910112359552,352,0.0007119441799135595,YGL170C,non_ess,non_ess
-0.6718019830116665,-0.3786327201832679,0,1.0,-0.9430568094920021,0.01324503311258278,0.6611070231379282,0.8181818181818181,70,0.014285714285714284,YOR248W,non_ess,non_ess
0.1382925010616921,0.04771683090431975,1,1.4545454545454546,-0.7494654508022055,0.03495145631067961,1.3570282819755173,0.7654889912954427,75,0.0026407766990291267,YOL159C,non_ess,non_ess
1.6427536857693583,0.77570143854367,7,0.9230769230769232,0.057619650214410574,0.03136136849607983,0.780344639637751,0.9424140049140048,214,0.0007127583749109051,YGR141W,non_ess,non_ess
-0.7875297664507178,-0.3989350797588673,0,5.0,0.15577864898670174,0.0013236267372600929,0.04434149569821312,1.044776119402985,1079,0.0005379150364120028,YLL036C,ess,ess
0.311884176220269,0.8221068318593258,0,1.0,-0.8967039489606422,0.0594900849858357,1.9213791372324025,0.9776701641108421,57,0.00308135778539834,YLR169W,non_ess,non_ess
0.8905230934155252,0.7786017756258985,2,0.4444444444444444,0.8537981958118832,0.013602457218078104,0.24292670291669,1.7880720180045009,244,0.0004100158971075897,YGR199W,non_ess,non_ess
-0.9032575498897693,-0.45694182140343703,3,0.75,0.0248999839569802,0.0,0.0,0.0,1367,0.00023545919090870655,YLR195C,ess,ess
0.4854758513788458,-0.05089462989144882,4,0.8333333333333334,-0.5422408978384797,0.032301480484522214,0.8913130740714504,0.9642857142857144,128,0.0022081090174966354,YPR015C,non_ess,non_ess
-0.6139380912921409,-0.3902340685121817,0,8.0,0.4911552281253632,0.002659574468085107,0.07142187646452339,2.956279069767442,1235,0.00028813851322249983,YDR228C,ess,ess
0.3697480679397946,0.07091952756214764,11,1.15,0.04125981708569538,0.015884476534296033,0.5735619735258725,0.6773618538324421,381,0.0008433061390791855,YMR265C,non_ess,non_ess
1.8742092526474603,2.075052451382032,19,0.5714285714285714,0.3166503414190678,0.02843601895734597,0.7310808744840238,0.7483905579399142,322,0.0006862470931088281,YDL042C,non_ess,non_ess
1.816345360927935,1.3151641358381687,2,1.1764705882352942,0.8537981958118832,0.020623080298376482,0.5502103325257074,0.7829787234042552,465,0.0006586552298451973,YOR267C,non_ess,non_ess
0.5433397430983714,0.10572357254888948,9,4.0,-0.24503726266682044,0.02336448598130841,0.669936152493754,1.1348314606741572,119,0.00167281866017435,YLR070C,non_ess,non_ess
-0.7296658747311922,-0.4366394618278376,0,0.625,0.8347117238283821,0.001328609388839681,0.06874259487191285,3.0646766169154227,1094,0.0001971458782342854,YLL008W,ess,ess
0.5433397430983714,0.07091952756214764,1,1.4,1.2300743577723323,0.00928332714444857,0.1634347828183699,1.8357615894039736,570,0.0004716581650933871,YGL180W,non_ess,non_ess
-0.9032575498897693,-0.45694182140343703,0,0.0,-0.8803441158319271,0.0,0.0,0.0,371,0.001264158208673288,YGR073C,ess,ess
-0.8453936581702434,-0.4511411472389801,0,0.0,-0.2423106238120345,0.0009319664492078283,0.024464119291705496,4.764444444444443,1068,0.0003909372371208869,YER127W,ess,ess
-0.5560741995726153,-0.3032239560453272,1,0.6129032258064516,-0.4495351767757603,0.007100591715976331,0.16221849333215574,0.8993288590604028,535,0.0013979981197810097,YIL114C,non_ess,non_ess
-0.7296658747311922,-0.4250381134989237,0,0.0,-0.8176314221718521,0.006818181818181818,0.16118181818181818,2.358490566037736,171,0.002631578947368421,YGR243W,non_ess,non_ess
0.08042860934216649,-0.24811755148298595,0,0.6153846153846154,-0.18232456900674554,0.01492537313432836,0.5490878938640132,1.5013169446883232,356,0.00040692111156050544,YAL032C,ess,non_ess
0.8905230934155252,0.09412222421997554,0,0.6666666666666666,1.0283030825181785,0.01254552812626467,0.3967319608760321,0.9151103565365026,319,0.0004947675163558724,YIL140W,non_ess,non_ess
1.2955703354522043,0.3551525616205394,0,1.0,-0.09507212565359786,0.030769230769230767,0.5441062534587714,1.7572239422084626,91,0.0012368198603016415,YGR210C,non_ess,non_ess
-0.7875297664507178,-0.4105364280877813,0,9.0,-0.6158601469176981,0.0030211480362537764,0.11075835936299863,5.093525179856115,395,0.002531645569620253,YPR113W,ess,ess
0.311884176220269,-0.1640077760983598,0,5.5,2.620660173713124,0.004972768174283685,0.1380929828715763,1.8075313807531381,806,0.00012809446555522193,YPR164W,non_ess,ess
-0.5560741995726153,-0.03349260739807789,3,1.8571428571428568,-0.4440818990661886,0.007050528789659225,0.17643108947456773,1.551724137931035,178,0.00161079496692589,YGR053C,non_ess,non_ess
-0.7296658747311922,-0.4395397989100661,0,0.0,-0.7658252839309206,0.0060362173038229355,0.27350897839869404,1.0707070707070707,403,0.0024813895781637717,YDR418W,non_ess,non_ess
-0.035299174096884746,-0.2742205852230423,0,0.5294117647058824,1.0692026653399664,0.005961844197138315,0.1979488138657689,2.1663716814159284,797,0.00020645784170767562,YKR079C,ess,ess
-0.4982103078530897,-0.3467290122787545,2,0.9285714285714286,-0.4740749264688331,0.008557457212713936,0.1950924406336872,0.8052950910093768,367,0.001862054722423936,YGR152C,non_ess,non_ess
-0.5560741995726153,-0.38733373142995337,0,0.0,-0.10597868107274132,0.004905968928863451,0.15843591438076146,1.3272727272727274,511,0.0005216392272698907,YMR235C,ess,ess
-0.7296658747311922,-0.4192374393344667,1,1.0,-0.2968434009077519,0.002961500493583416,0.07611615042187413,5.590717299578059,304,0.0006591936405673613,YGL225W,ess,non_ess
1.6427536857693583,0.8743128993394386,9,0.7435897435897436,0.21849134264677664,0.027848101265822784,0.5508760164305474,1.7376294591484465,84,0.001702833031946956,YBL015W,non_ess,non_ess
0.311884176220269,0.18403267376905866,0,0.0,-0.9376035317824302,0.06818181818181818,1.5518181818181815,0.8875739644970416,127,0.0017384190612537071,YML084W,non_ess,non_ess
-0.6718019830116665,-0.3844333943477248,0,0.6666666666666666,0.4993351446897207,0.002117522498676549,0.2859278173948245,5.186440677966102,1646,0.00010902796583404464,YML046W,ess,ess
0.022564717622640867,-0.05669530405590579,2,1.0666666666666669,1.7154160739242166,0.004958165478772854,0.09780412135540738,2.20093201754386,830,0.00031063205409179325,YPR042C,non_ess,non_ess
-0.2667547409749872,-0.19011080983841624,0,1.0,-0.032359431993522966,0.008435582822085891,0.6437116564417178,0.4945054945054945,330,0.0007924335378323109,YPL123C,non_ess,non_ess
0.08042860934216649,-0.15530676485167436,4,0.71875,1.101922331597397,0.0066614420062695925,0.15430776929077075,2.4342857142857137,307,0.0005169350474303863,YMR302C,non_ess,non_ess
-0.9032575498897693,-0.45694182140343703,0,1.2727272727272727,-0.8121781444622804,0.0,0.0,0.0,247,0.004048582995951417,YER044C,non_ess,non_ess
0.6590675265374226,0.5349734607187057,3,0.7666666666666667,0.3902695904982861,0.01526286037309214,0.5023213018534333,1.2384716732542818,384,0.0003959982099114377,YGR287C,non_ess,non_ess
-0.035299174096884746,-0.2597188998118999,0,1.6666666666666667,1.7045095185050732,0.004665629860031105,0.15107557219339654,1.9530864197530864,1117,0.00016846947569793008,YKR086W,ess,ess
1.6427536857693583,0.6248839102677887,6,0.8333333333333334,1.7045095185050732,0.013685847589424573,0.34000405706944353,1.1530748663101602,466,0.00022226820363238306,YIL156W,non_ess,non_ess
2.0478009278060374,0.7815021127081271,1,0.8684210526315791,0.7065596976534465,0.024090694378837967,0.9163849848781356,1.2369477911646587,134,0.0006803488462270602,YLR258W,non_ess,non_ess
-0.6139380912921409,-0.2597188998118999,8,0.4545454545454545,-0.3731892888417561,0.005382131324004306,0.1062520279561807,2.855900621118012,150,0.0018873340509508434,YJR083C,non_ess,non_ess
-0.32461863269451285,-0.23071552898961506,1,1.3333333333333333,-0.5967736749341971,0.014641288433382138,0.5253638790801826,1.2363636363636366,176,0.0012311992546253162,YMR090W,non_ess,non_ess
0.022564717622640867,-0.20171215816733007,4,0.5,0.3902695904982861,0.009044657998869415,0.2785602652592976,1.0787213740458022,284,0.0005752434334668269,YGR077C,non_ess,non_ess
-0.5560741995726153,-0.32642665270315513,2,1.6666666666666667,-0.29957003976253777,0.005940594059405941,0.2517376569871752,5.279527559055118,284,0.0005473434667410403,YLR007W,ess,non_ess
0.311884176220269,0.09122188713774708,3,1.1,0.43389581217486,0.011557512383048982,0.323235102816831,0.6874999999999998,152,0.003309387944269038,YHL019C,non_ess,non_ess
-0.15102695753593598,-0.3583303606076685,5,0.0,0.5156949778184359,0.00681699003670687,0.19134406385474168,2.5436893203883497,393,0.0003989587044383155,YGL023C,non_ess,non_ess
1.0062508768545764,0.3087471683048836,0,0.8235294117647058,0.7938121410065941,0.0149118843199277,0.5365022485235122,0.5223199739328772,505,0.0006022021090495857,YLL019C,non_ess,non_ess
0.6590675265374226,0.13182660628894588,4,0.5925925925925926,0.4966085058349349,0.014316012725344643,0.3211097047856874,1.087719298245614,298,0.0006458752944693148,YLR177W,non_ess,non_ess
0.4854758513788458,-0.14080507944053192,7,1.2222222222222223,1.4291189941717009,0.008241758241758242,0.4451312576312577,0.7653061224489797,550,0.0002584915084915085,YIR023W,non_ess,non_ess
6.445456698489985,5.976005826979348,5,0.8518518518518519,-0.22595079068331936,0.11640696608615947,2.460778334873156,0.7215348081489813,88,0.0012082326472793931,YFR018C,non_ess,non_ess
-0.6718019830116665,-0.4163371022522382,2,0.8235294117647058,0.03853317823090953,0.0028943560057887122,0.045041692509131,8.270547945205482,463,0.0003078769617388641,YER003C,ess,ess
-0.09316306581641036,-0.12920373111161798,7,0.45,0.033079900521337795,0.010174418604651164,0.29440172543135784,0.9697601668404588,254,0.0007467725691265336,YJL044C,non_ess,non_ess
-0.7875297664507178,-0.4511411472389801,2,0.9333333333333332,-0.5985914341707209,0.002936857562408223,0.04965830791821981,1.3333333333333333,681,0.0005196642235979308,YPR043W,non_ess,non_ess
1.7584814692084092,0.4073586291006522,0,0.5714285714285714,0.7883588632970224,0.02084277299501586,0.6235039287411452,0.9723320158102764,257,0.0008797617767309181,YHL016C,non_ess,non_ess
2.394984278123191,0.8337081801882397,3,0.6666666666666666,0.24848437004942114,0.035337879727216366,1.038891595075724,0.8354745130542892,185,0.0009048105762302912,YBR286W,non_ess,non_ess
-0.6718019830116665,-0.1002003602893331,6,0.7647058823529411,-0.839444533010139,0.009615384615384616,0.3119811842833426,1.5444444444444445,366,0.000775010508617066,YKL170W,non_ess,non_ess
-0.2667547409749872,-0.06829665238481973,3,2.333333333333333,-0.7221990622543468,0.020183486238532108,1.0861705742439691,1.1550802139037433,183,0.0009324710482779367,YDR441C,non_ess,non_ess
-0.5560741995726153,-0.4134367651700097,1,0.75,-0.5040679538714776,0.007643312101910828,0.19302396117682746,2.261538461538461,207,0.0009846456814055818,YOR157C,ess,non_ess
-0.7296658747311922,-0.3815330572654964,0,1.8,0.1039725107457703,0.0020632737276478678,0.07580867018680391,3.2878787878787885,992,0.00021007121622221235,YOL144W,ess,ess
