hits_count,reads_count,hits_count_pro,orf_len,insertion_index,reads_by_len,NI,HFI,orf,label,predictions
0.0028901734104046237,8.643789437289306e-05,0.027027027027027032,0.018594196975888846,0.0030959752321981426,0.0030959752321981426,0.10392238121937544,1.0,YDL009C,non_ess,non_ess
0.04335260115606936,0.0060506526061025155,0.027027027027027032,0.10972619534123418,0.009030704394942806,0.042143287176399764,0.2299868734023549,0.20891029500301025,YLR433C,non_ess,non_ess
0.01445086705202312,0.0033710778805428297,0.0,0.06620351450756028,0.004892367906066536,0.03816046966731898,0.2926446577658379,0.4148727984344423,YFL058W,non_ess,non_ess
0.10404624277456646,0.028870256720546286,0.027027027027027032,0.15324887617490807,0.015652173913043483,0.14521739130434785,0.5489309462915601,0.18782608695652173,YDR490C,non_ess,non_ess
0.05491329479768786,0.0112369262684761,0.027027027027027032,0.11892112791172865,0.010579064587973272,0.07238307349665925,0.3880046143792593,0.2310690423162584,YOR071C,non_ess,non_ess
0.04046242774566474,0.0237704209525456,0.16216216216216214,0.01961585615038824,0.04142011834319527,0.8136094674556213,0.7646503172453127,0.4378698224852071,YMR086C-A,non_ess,non_ess
0.10693641618497107,0.037341170369089814,0.08108108108108109,0.13179403351042093,0.018639798488664986,0.217632241813602,0.5071240827948746,0.14105793450881612,YNL279W,non_ess,non_ess
0.0028901734104046237,0.0003457515774915723,0.0,0.2842255823457295,0.00023679848448969926,0.000947193937958797,0.012611492619780566,1.0,YML133C,non_ess,non_ess
0.0028901734104046237,0.0002593136831186792,0.0,0.01185124642419289,0.004464285714285714,0.013392857142857142,0.08494659546061416,1.0,YMR141W-A,non_ess,non_ess
0.07803468208092486,0.011928429423459244,0.027027027027027032,0.15324887617490807,0.011739130434782608,0.06,0.33061736035896644,0.2117391304347826,YKL072W,non_ess,non_ess
0.049132947976878616,0.005532025239865157,0.0,0.16877809562729876,0.006724683544303798,0.02531645569620253,0.1811049578059072,0.4592563291139241,YJL047C,non_ess,non_ess
0.1213872832369942,0.06232172184285593,0.2972972972972973,0.07172047404985697,0.038077969174977334,0.6536718041704442,0.8714236880043993,0.12964641885766093,YLR137W,non_ess,non_ess
0.0057803468208092465,0.0004321894718644654,0.13513513513513514,0.027993461381283204,0.0043383947939262466,0.010845986984815618,0.15119731189655905,0.7180043383947939,YOR382W,non_ess,non_ess
0.017341040462427744,0.0027660126199325783,0.054054054054054064,0.01736820596648958,0.019672131147540985,0.10491803278688523,0.5556902640872912,0.7836065573770492,YGL042C,non_ess,non_ess
0.02023121387283237,0.002506698936813899,0.027027027027027032,0.21924805884756848,0.002141327623126339,0.008871214438666258,0.0603938915812014,0.6301621290914653,YMR308C,ess,ess
0.031791907514450865,0.0075200968104416985,0.10810810810810813,0.01675521046178995,0.037162162162162164,0.2939189189189189,1.3701358426489318,0.27364864864864863,YHR049C-A,non_ess,non_ess
0.09826589595375723,0.015645258881493648,0.08108108108108109,0.3355128729055987,0.0068327974276527325,0.03637459807073955,0.1879276164688248,0.159967845659164,YMR219W,non_ess,non_ess
0.008670520231213872,0.0020745094649494327,0.0,0.08765835717204741,0.002243829468960359,0.017950635751682868,0.10709873690048996,0.4599850411368736,YOR244W,ess,ess
0.0,0.0,0.0,0.004290968532897425,0.0,0.0,0.0,1.0,YLR163W-A,non_ess,non_ess
0.008670520231213872,0.0003457515774915723,0.21621621621621626,0.0190028606456886,0.00911854103343465,0.0121580547112462,0.20980180361224848,0.3981762917933131,YML099W-A,non_ess,non_ess
0.026011560693641616,0.0075200968104416985,0.054054054054054064,0.018594196975888846,0.02786377708978328,0.2693498452012384,0.8219814241486068,1.0,YLR217W,non_ess,non_ess
0.02890173410404624,0.006396404183594088,0.08108108108108109,0.12913771965672252,0.00513874614594039,0.038026721479958885,0.12726660776641846,0.3854059609455293,YLR098C,non_ess,non_ess
0.049132947976878616,0.007001469444204339,0.054054054054054064,0.1863506334286882,0.006101938262742283,0.029073941134242637,0.1704744826682315,0.2293610911701364,YGR056W,non_ess,non_ess
0.017341040462427744,0.005532025239865157,0.054054054054054064,0.01961585615038824,0.017751479289940832,0.1893491124260355,0.4570178984894704,1.0,YIL020C-A,non_ess,non_ess
0.06647398843930635,0.01486731783213761,0.08108108108108109,0.10563955864323664,0.014366021236727047,0.10743285446595878,0.2352371613619624,0.1942535915053092,YER056C,non_ess,non_ess
0.04335260115606936,0.01037254732474717,0.08108108108108109,0.08663669799754803,0.0113464447806354,0.0907715582450832,0.1940203066269476,0.2579425113464448,YGL164C,non_ess,non_ess
0.13005780346820808,0.05013397873627799,0.10810810810810813,0.09215365753984472,0.03207412687099073,0.413399857448325,0.6771073056418376,0.12687099073414113,YOR229W,non_ess,non_ess
0.049132947976878616,0.009853919958509807,0.027027027027027032,0.07294646505925624,0.015165031222123104,0.1016949152542373,0.38751314418989424,0.1471900089206066,YDR249C,non_ess,non_ess
0.09826589595375723,0.021263722015731696,0.0,0.085002043318349,0.02619414483821264,0.18952234206471494,0.8652757797267396,0.18875192604006166,YHR176W,non_ess,non_ess
0.10115606936416184,0.022128100959460627,0.054054054054054064,0.13731099305271766,0.016940948693126814,0.12391093901258472,0.3371900364881972,0.1287512100677638,YPL222W,non_ess,non_ess
0.023121387283237003,0.00449477050739044,0.1891891891891892,0.023906824683285657,0.0199501246882793,0.12967581047381546,0.5196908718303251,0.7556109725685786,YIL156W-A,non_ess,non_ess
0.0057803468208092465,0.00017287578874578615,0.0,0.09440130772374336,0.0013927576601671314,0.0013927576601671314,0.06143495002457808,0.5006963788300836,YMR094W,ess,ess
0.02023121387283237,0.003198202091797044,0.0,0.020228851655087855,0.02017291066282421,0.10662824207492796,0.5288184438040345,0.5475504322766571,YDR230W,non_ess,non_ess
0.02023121387283237,0.004321894718644654,0.0,0.06681651001225991,0.006789524733268671,0.04849660523763336,0.23215931134820564,0.4713870029097963,YMR101C,non_ess,non_ess
0.01445086705202312,0.003284639986169937,0.027027027027027032,0.061095218635063335,0.005279831045406547,0.040126715945089764,0.1852878837373607,0.324181626187962,YMR274C,non_ess,non_ess
0.03757225433526011,0.005445587345492263,0.2432432432432433,0.021250510829587253,0.03591160220994475,0.17403314917127072,0.9705990683566244,0.30386740331491713,YGL220W,non_ess,non_ess
0.008670520231213872,0.002333823148068113,0.0,0.05598692276256642,0.0034403669724770644,0.03096330275229358,0.17945959179466034,0.4850917431192661,YIL082W,non_ess,non_ess
0.19653179190751446,0.13942432362347654,0.13513513513513514,0.060890886800163475,0.07203389830508475,1.7086864406779658,1.3103694534374406,0.18008474576271186,YGR096W,non_ess,non_ess
0.05780346820809248,0.025066989368138996,0.027027027027027032,0.11360850020433184,0.011641443538998836,0.16880093131548313,0.6055459073646444,0.2077997671711292,YBR044C,non_ess,non_ess
0.05491329479768786,0.008557351542916414,0.0,0.11626481405803026,0.010813887307911213,0.05634604439385316,0.2425511979929688,0.2458736482640865,YHL039W,non_ess,non_ess
0.026011560693641616,0.008211599965424842,0.2432432432432433,0.0298324478953821,0.018442622950819672,0.19467213114754087,0.5137442260664795,0.2397540983606557,YER093C-A,non_ess,non_ess
0.09248554913294796,0.028005877776817355,0.08108108108108109,0.10952186350633428,0.019300361881785282,0.195416164053076,0.5110735826296743,0.1700844390832328,YBR248C,non_ess,non_ess
0.07514450867052022,0.01322499783905264,0.13513513513513514,0.052104617899468735,0.03190184049079755,0.18773006134969325,0.6328387463493993,1.0,YKR043C,non_ess,non_ess
0.0,0.0,0.0,0.03248876174908051,0.0,0.0,0.0,1.0,YCL066W,non_ess,non_ess
0.0,0.0,0.0,0.05087862689006948,0.0,0.0,0.0,1.0,YCR009C,non_ess,non_ess
0.0028901734104046237,0.0005186273662373584,0.027027027027027032,0.0361667347772783,0.0017211703958691911,0.010327022375215149,0.06601194694745369,1.0,YDL151C,non_ess,non_ess
0.35549132947976875,0.1485867404270032,0.4864864864864865,0.11973845525132815,0.06803097345132743,0.950774336283186,1.1364900290944355,0.07798672566371681,YJR001W,non_ess,non_ess
0.08959537572254335,0.01901633676203648,0.13513513513513514,0.14609726195341236,0.014123006833712985,0.10022779043280182,0.2621867881548975,0.1712984054669704,YJL082W,non_ess,non_ess
0.03468208092485549,0.009162416803526663,0.08108108108108109,0.023906824683285657,0.02992518703241895,0.2643391521197008,0.9256857855361597,0.31421446384039897,YBR277C,non_ess,non_ess
0.0057803468208092465,0.0009508168381018238,0.027027027027027032,0.0715161422149571,0.0018181818181818184,0.01,0.06006493506493505,0.66,YMR028W,ess,ess
0.05491329479768786,0.02273316622007088,0.21621621621621626,0.020024519820187988,0.055232558139534885,0.7645348837209303,3.6781139140717385,0.25872093023255816,YLR428C,non_ess,non_ess
0.10115606936416184,0.036303915636615086,0.054054054054054064,0.1826726604004904,0.01281112737920937,0.15373352855051245,0.2665248291849683,0.13140556368960468,YKR089C,non_ess,non_ess
0.07514450867052022,0.01434869046590025,0.08108108108108109,0.04720065386187168,0.03499327052489905,0.2234185733512786,1.0285900730046087,0.3068640646029609,YLL038C,non_ess,non_ess
0.10404624277456646,0.036303915636615086,0.40540540540540543,0.08970167552104619,0.026335040234089245,0.30724213606437456,0.7624359912216532,0.1485003657644477,YMR135C,non_ess,non_ess
0.08959537572254335,0.023943296741291385,0.08108108108108109,0.1773600326930936,0.011680482290881688,0.10437076111529768,0.5108820468654681,0.2422758100979653,YLR318W,non_ess,non_ess
0.05202312138728323,0.012014867317832138,0.027027027027027032,0.05823457294646505,0.019889502762430938,0.15359116022099448,0.8115260049533244,0.18121546961325968,YFL044C,non_ess,non_ess
0.031791907514450865,0.006223528394848302,0.054054054054054064,0.05026563138536985,0.013959390862944164,0.09137055837563453,0.2088801535223474,0.2322335025380711,YPL246C,non_ess,non_ess
0.15895953757225434,0.03682254300285245,0.2432432432432433,0.12321209644462608,0.02958579881656805,0.2291554599246907,0.6537052690898845,0.07638515330823023,YNL104C,non_ess,non_ess
0.011560693641618495,0.0017287578874578616,0.10810810810810813,0.040049039640375976,0.006269592476489028,0.03134796238244514,0.2007850162008377,0.4467084639498433,YHR110W,non_ess,non_ess
0.04335260115606936,0.02204166306508773,0.0,0.042092357989374746,0.02245508982035928,0.38173652694610777,1.2166006632154018,0.2080838323353293,YGR038W,non_ess,non_ess
0.04624277456647399,0.010891174690984528,0.08108108108108109,0.09726195341234163,0.010825439783491205,0.08525033829499322,0.4061814170864557,0.3457374830852503,YPL097W,non_ess,non_ess
0.031791907514450865,0.002506698936813899,0.08108108108108109,0.17572537801389454,0.004182509505703422,0.011026615969581748,0.06934922491956713,0.4095057034220532,YNR011C,ess,non_ess
0.0057803468208092465,0.0010372547324747168,0.0,0.026767470371883945,0.004514672686230248,0.02708803611738149,0.11783071100479545,0.5282167042889391,YBR252W,ess,non_ess
0.008670520231213872,0.0015558820987120756,0.0,0.1411932979158153,0.001413094677343382,0.008478568064060292,0.0323913515677053,0.8714083843617523,YGR145W,ess,ess
0.0028901734104046237,0.0003457515774915723,0.0,0.08071107478545159,0.0008097165991902834,0.0032388663967611326,0.020716522801924986,0.8777327935222672,YDR331W,ess,ess
0.03757225433526011,0.005445587345492263,0.0,0.1211687780956273,0.007107709130672498,0.03444505194095133,0.3172954255513031,0.4494259158009841,YOL091W,non_ess,non_ess
0.023121387283237003,0.0028524505143054713,0.13513513513513514,0.02554147936248468,0.018823529411764704,0.07764705882352943,0.6189326061550448,0.5294117647058824,YIL027C,non_ess,non_ess
0.04335260115606936,0.005445587345492263,0.0,0.115038823048631,0.008625646923519264,0.03622771707878091,0.32956282696812017,0.2288671650373778,YHR194W,non_ess,non_ess
0.04624277456647399,0.010718298902238741,0.13513513513513514,0.053330608908867996,0.01920768307322929,0.14885954381752695,0.3862535367844887,0.4981992797118848,YDL186W,non_ess,non_ess
0.06069364161849713,0.017719768346443083,0.0,0.08316305680425011,0.016522423288749016,0.16129032258064516,0.3543908807234286,0.23524783634933125,YDR528W,non_ess,non_ess
0.03468208092485549,0.00561846313423805,0.0,0.052513281569268495,0.0146163215590743,0.07917174177831912,0.44753349573690615,0.27161997563946405,YPL196W,non_ess,non_ess
0.05202312138728323,0.015385945198374969,0.16216216216216214,0.09358398038414384,0.012640449438202249,0.125,0.2876317055043064,0.21980337078651685,YLR288C,non_ess,non_ess
0.08092485549132948,0.01901633676203648,0.054054054054054064,0.09072333469554557,0.020260492040520984,0.15918958031837915,1.602125473646999,0.12952243125904486,YBL098W,non_ess,non_ess
0.023121387283237003,0.0027660126199325783,0.027027027027027032,0.22353902738046588,0.002400960384153661,0.009603841536614643,0.05866876367271647,0.4531812725090036,YNL163C,ess,ess
0.023121387283237003,0.0027660126199325783,0.16216216216216214,0.01838986514098897,0.025,0.1,0.9239919354838708,0.3125,YOL039W,non_ess,non_ess
0.02023121387283237,0.002333823148068113,0.0,0.0651818553330609,0.0069513406156901675,0.02681231380337637,0.1619550245058782,0.2939424031777557,YOL120C,ess,non_ess
0.026011560693641616,0.004926959979254904,0.13513513513513514,0.05741724560686556,0.01007838745800672,0.06382978723404255,0.2417308752987581,0.2183650615901456,YIL124W,non_ess,non_ess
0.04335260115606936,0.010286109430374276,0.08108108108108109,0.06824683285655905,0.014258555133079847,0.11311787072243346,0.3680572829679116,0.2984790874524715,YNL264C,non_ess,non_ess
0.017341040462427744,0.003025326303051257,0.08108108108108109,0.04658765835717205,0.008174386920980926,0.04768392370572208,0.19808438609528525,0.3051771117166213,YPL078C,non_ess,non_ess
0.023121387283237003,0.003198202091797044,0.08108108108108109,0.04270535349407438,0.011816838995568686,0.05465288035450517,0.3708369331958419,0.4076809453471196,YDL018C,non_ess,non_ess
0.0,0.0,0.0,0.006742950551695957,0.0,0.0,0.0,1.0,YLR154C-G,non_ess,non_ess
0.03468208092485549,0.005186273662373585,0.10810810810810813,0.02881078872088272,0.02536997885835095,0.12684989429175475,0.7375661274430084,0.2389006342494715,YOR044W,non_ess,non_ess
0.017341040462427744,0.0035439536692886157,0.054054054054054064,0.06286609453752895,0.006166495375128468,0.0421377183967112,0.11202118208580834,0.3843782117163412,YOR096W,non_ess,non_ess
0.017341040462427744,0.002160947359322327,0.054054054054054064,0.07478545157335513,0.005226480836236934,0.02177700348432056,0.2038785989363653,0.3188153310104529,YGL209W,non_ess,non_ess
0.03468208092485549,0.01486731783213761,0.027027027027027032,0.046791990192071926,0.016282225237449117,0.2333785617367707,0.4472111188529099,0.3649932157394844,YOL028C,non_ess,non_ess
0.1329479768786127,0.03604460195349641,0.054054054054054064,0.2923988557417245,0.010591756850103615,0.09601657840202624,0.2315515492466909,0.09716785632051578,YJR092W,non_ess,non_ess
0.0028901734104046237,0.0004321894718644654,0.0,0.015733551287290558,0.0035587188612099642,0.017793594306049824,0.08153184256652679,0.7330960854092526,YDR070C,non_ess,non_ess
0.0028901734104046237,0.0002593136831186792,0.054054054054054064,0.02118240021795396,0.002770083102493075,0.008310249307479225,0.0750230840258541,0.8199445983379502,YHR079C-A,non_ess,non_ess
0.0028901734104046237,0.0003457515774915723,0.0,0.015529219452390684,0.0035971223021582736,0.014388489208633094,0.07286828764836233,1.0,YKL096W-A,non_ess,non_ess
0.023121387283237003,0.0035439536692886157,0.027027027027027032,0.017163874131589704,0.026490066225165563,0.1357615894039735,0.5062404482934284,0.3741721854304636,YDR114C,non_ess,non_ess
0.0028901734104046237,0.0004321894718644654,0.0,0.04849475548290424,0.0013123359580052493,0.006561679790026247,0.02145596112753564,0.5236220472440944,YER056C-A,non_ess,non_ess
0.008670520231213872,0.0012965684155933962,0.0,0.021250510829587253,0.008287292817679558,0.04143646408839779,0.1811537842621896,0.4447513812154696,YNL111C,non_ess,non_ess
0.049132947976878616,0.00898954101478088,0.10810810810810813,0.17041275030649775,0.0066614420062695925,0.04075235109717868,0.15430776929077075,0.3945924764890282,YMR302C,non_ess,non_ess
0.05202312138728323,0.008557351542916414,0.10810810810810813,0.10257458111973848,0.011568123393316195,0.06362467866323908,0.35355838181572186,0.2866323907455013,YER007W,non_ess,non_ess
0.17052023121387286,0.1349295531160861,0.13513513513513514,0.032897425418880265,0.11069418386491556,2.928705440900563,3.1872545340838023,0.28893058161350843,YMR135W-A,non_ess,non_ess
0.07803468208092486,0.011928429423459244,0.1891891891891892,0.08663669799754803,0.02042360060514372,0.1043872919818457,0.4332304177344161,0.15809379727685324,YCL029C,non_ess,non_ess
0.04624277456647399,0.009248854697899558,0.054054054054054064,0.06048222313036373,0.017057569296375266,0.1140724946695096,1.9566169154228856,0.2121535181236673,YDR368W,non_ess,non_ess
0.011560693641618495,0.002333823148068113,0.027027027027027032,0.07355946056395588,0.003539823008849557,0.02389380530973452,0.19221505090159025,0.3584070796460177,YNL331C,non_ess,non_ess
0.02023121387283237,0.0012965684155933962,0.027027027027027032,0.04229668982427463,0.010432190760059612,0.022354694485842028,0.19897105595240136,0.3099850968703428,YER031C,non_ess,non_ess
0.04335260115606936,0.005445587345492263,0.054054054054054064,0.08459337964854925,0.011609907120743036,0.04876160990712074,0.7890066189815308,0.17879256965944273,YDR263C,non_ess,non_ess
0.0057803468208092465,0.002420261042441006,0.0,0.048086091813104484,0.002645502645502645,0.037037037037037035,0.09612596941364064,0.7367724867724867,YGR118W,non_ess,non_ess
0.0028901734104046237,0.00017287578874578615,0.0,0.07580711074785453,0.0008598452278589854,0.0017196904557179708,0.02100949488666508,0.7291487532244196,YMR203W,ess,ess
0.008670520231213872,0.0005186273662373584,0.0,0.03044544340008173,0.0060362173038229355,0.012072434607645876,0.27350897839869404,1.0,YDR418W,non_ess,non_ess
0.0722543352601156,0.029993949347393894,0.027027027027027032,0.13731099305271766,0.012100677637947723,0.16795740561471442,0.4210176598291871,0.1984511132623427,YHR084W,non_ess,non_ess
0.02023121387283237,0.003803267352407295,0.2702702702702703,0.046383326522272166,0.009575923392612859,0.06019151846785225,0.2370269037847697,0.3488372093023256,YOR284W,non_ess,non_ess
0.05491329479768786,0.01521306940962918,0.16216216216216214,0.015120555782590932,0.06985294117647059,0.6470588235294118,1.956633459835548,0.16911764705882354,YOL086W-A,non_ess,non_ess
0.06069364161849713,0.017633330452070186,0.16216216216216214,0.08663669799754803,0.01588502269288956,0.15431164901664146,0.35135926718571264,0.3441754916792738,YDL131W,non_ess,non_ess
0.01445086705202312,0.005791338922983836,0.054054054054054064,0.03739272578667757,0.008347245409015025,0.11185308848080132,0.25869446276006225,0.7779632721202003,YGR078C,non_ess,non_ess
0.04046242774566474,0.008557351542916414,0.2432432432432433,0.08091540662035146,0.011308562197092085,0.07996768982229402,0.4782579429186861,0.3844911147011309,YOR201C,non_ess,non_ess
0.0953757225433526,0.022819604114443767,0.054054054054054064,0.05046996322026972,0.04171934260429835,0.33375474083438683,2.236434892541088,0.1276864728192162,YLR414C,non_ess,non_ess
0.017341040462427744,0.0006915031549831446,0.0,0.017572537801389457,0.01948051948051948,0.025974025974025976,0.5578750108951451,1.0,YJL022W,non_ess,non_ess
0.08670520231213873,0.01149623995159478,0.0,0.2266040049039641,0.008883624518803672,0.03938406870002961,0.3061795244205668,0.1095647023985786,YDL231C,non_ess,non_ess
0.02023121387283237,0.004667646296136226,0.0,0.028606456885982838,0.014893617021276596,0.1148936170212766,0.3989428609661448,0.674468085106383,YPL071C,non_ess,non_ess
0.011560693641618495,0.002160947359322327,0.1891891891891892,0.029628116060482226,0.00824742268041237,0.05154639175257732,0.15436685469752967,0.32989690721649484,YJL096W,non_ess,non_ess
0.008670520231213872,0.0020745094649494327,0.08108108108108109,0.02574581119738456,0.0070093457943925215,0.05607476635514018,0.2533177570093458,0.6705607476635514,YBR210W,non_ess,non_ess
0.04046242774566474,0.005964214711729622,0.16216216216216214,0.01982018798528811,0.04105571847507331,0.20234604105571846,1.067448680351906,0.3988269794721408,YIL012W,non_ess,non_ess
0.008670520231213872,0.0017287578874578616,0.0,0.017163874131589704,0.009933774834437088,0.06622516556291391,0.21893311605006768,0.4966887417218543,YIR020C,non_ess,non_ess
0.02890173410404624,0.00786584838793327,0.08108108108108109,0.0298324478953821,0.020491803278688527,0.1864754098360656,0.7691744730679156,0.6516393442622951,YDR155C,non_ess,non_ess
0.05780346820809248,0.01754689255769729,0.08108108108108109,0.08009807928075195,0.01631321370309951,0.16557911908646006,0.43950417356306776,0.16802610114192496,YLR380W,non_ess,non_ess
0.0057803468208092465,0.00017287578874578615,0.0,0.04658765835717205,0.0027247956403269754,0.0027247956403269754,0.07375027441662255,0.7411444141689373,YBR153W,ess,ess
0.0838150289017341,0.027487250410580002,0.13513513513513514,0.11626481405803026,0.016505406943653957,0.18099032441661925,0.7085701459754543,0.2504268639726807,YBR163W,non_ess,non_ess
0.0028901734104046237,0.001210130521220503,0.027027027027027032,0.04577033101757255,0.0013850415512465374,0.01939058171745152,0.033797238816762894,0.8725761772853186,YLR025W,non_ess,non_ess
0.06647398843930635,0.012965684155933962,0.10810810810810813,0.17306906416019618,0.00887688151292937,0.0578927055191046,0.2751264238141892,0.1617136240833655,YKR064W,non_ess,non_ess
0.08670520231213873,0.02480767568502032,0.2432432432432433,0.08704536166734778,0.022590361445783132,0.2161144578313253,0.5596516500785752,0.12951807228915665,YCR079W,non_ess,non_ess
0.023121387283237003,0.004321894718644654,0.0,0.0815284021250511,0.0064153969526864465,0.040096230954290296,0.24423267003599336,0.5324779470729751,YDR222W,non_ess,non_ess
0.06358381502890173,0.012274181000950816,0.0,0.08949734368614631,0.016129032258064516,0.10410557184750734,0.4247091485986251,0.14516129032258066,YOR375C,non_ess,non_ess
0.05780346820809248,0.005964214711729622,0.10810810810810813,0.12259910093992644,0.010810810810810813,0.0372972972972973,0.4539283469516028,0.25351351351351353,YKR058W,non_ess,non_ess
0.03757225433526011,0.009162416803526663,0.08108108108108109,0.05803024111156519,0.014412416851441241,0.11751662971175167,0.37472283813747226,0.4279379157427938,YPL132W,non_ess,non_ess
0.02023121387283237,0.004667646296136226,0.0,0.03187576624438088,0.013513513513513514,0.10424710424710423,0.28713424167969626,0.7277992277992278,YJR097W,non_ess,non_ess
0.06936416184971098,0.020312905177629872,0.1891891891891892,0.08193706579485084,0.019154030327214685,0.18754988028731048,0.4305211795488296,0.17158818834796488,YNL304W,non_ess,non_ess
0.04624277456647399,0.008470913648543521,0.054054054054054064,0.0805067429505517,0.012987012987012988,0.07954545454545454,0.3021145521145521,0.2621753246753247,YGR193C,non_ess,non_ess
0.06647398843930635,0.009940357852882704,0.13513513513513514,0.09705762157744176,0.015593220338983053,0.07796610169491526,0.4092620599739245,0.2033898305084746,YCR045C,non_ess,non_ess
0.011560693641618495,0.002420261042441006,0.027027027027027032,0.14160196158561505,0.001878816345702208,0.013151714419915451,0.0407076874902145,0.7627994363550963,YLR440C,ess,ess
0.0028901734104046237,8.643789437289306e-05,0.0,0.0760114425827544,0.0008576329331046312,0.0008576329331046312,0.011707395084995027,0.9622641509433962,YMR005W,ess,ess
0.05202312138728323,0.011323364162848992,0.054054054054054064,0.06477319166326115,0.017982017982017984,0.13086913086913088,0.9813686313686314,0.2937062937062937,YCR036W,non_ess,non_ess
0.0,0.0,0.0,0.0071516142214957095,0.0,0.0,0.0,1.0,YOR376W-A,non_ess,non_ess
0.06358381502890173,0.008470913648543521,0.054054054054054064,0.03555373927257867,0.038461538461538464,0.17132867132867133,1.221916971916972,0.16958041958041958,YCR086W,non_ess,non_ess
0.02890173410404624,0.0076929725991874845,0.08108108108108109,0.0715161422149571,0.00909090909090909,0.0809090909090909,0.2285185185185185,0.33,YBR057C,non_ess,non_ess
0.09826589595375723,0.0199671536001383,0.0,0.15937883122190438,0.014225941422594144,0.09665271966527196,0.4817906982368733,0.1297071129707113,YHR204W,non_ess,non_ess
0.008670520231213872,0.0014694442043391822,0.0,0.022680833673886392,0.007832898172323759,0.044386422976501305,0.2373422921725793,0.8668407310704961,YMR172C-A,non_ess,non_ess
0.12427745664739885,0.026536433572478167,0.1891891891891892,0.11898923852336195,0.023928770172509738,0.17084028937117418,0.7091617342034704,0.14635503617139678,YDL079C,non_ess,non_ess
0.05491329479768786,0.008816665226035093,0.0,0.1311810380057213,0.009615384615384616,0.05161943319838057,0.4951923076923078,0.2722672064777328,YPL104W,non_ess,non_ess
0.008670520231213872,0.00224738525369522,0.0,0.09562729873314264,0.0020632737276478678,0.017881705639614855,0.07580867018680391,0.6856946354883081,YOL144W,ess,ess
0.023121387283237003,0.003284639986169937,0.054054054054054064,0.037188393951777685,0.013422818791946308,0.06375838926174497,0.21988948163444808,0.44966442953020136,YJR014W,non_ess,non_ess
0.04624277456647399,0.009767482064136915,0.054054054054054064,0.05843890478136495,0.01762114537444934,0.12444933920704845,0.5826953509259656,0.2422907488986784,YMR130W,non_ess,non_ess
0.026011560693641616,0.006223528394848302,0.0,0.1557008581937066,0.003852739726027397,0.030821917808219176,0.13407534246575342,0.3831335616438356,YER171W,ess,ess
0.06358381502890173,0.014608004149018932,0.027027027027027032,0.0995096035962403,0.014559894109861018,0.11184645929847783,0.6623169222800911,0.1343481138318994,YKL175W,non_ess,non_ess
0.02023121387283237,0.0067421557610856594,0.0,0.029219452390682483,0.014613778705636744,0.162839248434238,0.5718790603968057,0.4237995824634656,YHR126C,non_ess,non_ess
0.05491329479768786,0.009681044169764024,0.2702702702702703,0.0723334695545566,0.0170863309352518,0.10071942446043164,0.3395360634569268,0.24550359712230216,YMR139W,non_ess,non_ess
0.06936416184971098,0.013311435733425534,0.3783783783783784,0.02063751532488762,0.0679886685552408,0.43626062322946174,1.655741064432524,0.1671388101983003,YJR146W,non_ess,non_ess
0.0028901734104046237,0.00017287578874578615,0.13513513513513514,0.010625255414793628,0.0048543689320388345,0.009708737864077669,0.144596126361441,0.7621359223300971,YPL189C-A,non_ess,non_ess
0.023121387283237003,0.003889705246780188,0.0,0.29668982427462204,0.0018157058556513843,0.010213345438039038,0.03542674207079205,0.48660916931457104,YNL102W,ess,ess
0.031791907514450865,0.003889705246780188,0.10810810810810813,0.030854107069881488,0.02186878727634195,0.08946322067594434,0.4614006104219752,0.4254473161033797,YMR071C,non_ess,non_ess
0.049132947976878616,0.0076929725991874845,0.32432432432432434,0.09930527176134042,0.011273209549071616,0.0590185676392573,0.20879064152861385,0.17506631299734748,YDR522C,non_ess,non_ess
0.1184971098265896,0.021004408332613016,0.13513513513513514,0.1855333060890887,0.014780100937274691,0.08759913482335976,0.5673095409757271,0.09913482335976928,YBR203W,non_ess,non_ess
0.04046242774566474,0.009940357852882704,0.2702702702702703,0.01818553330608909,0.04416403785488959,0.3627760252365931,1.0280406589554856,1.0,YML101C-A,non_ess,non_ess
0.05491329479768786,0.015558820987120752,0.13513513513513514,0.08030241111565183,0.015459723352318959,0.14646053702196907,0.3768737003887533,0.306753458096013,YDR423C,non_ess,non_ess
0.023121387283237003,0.010286109430374276,0.0,0.13608500204331836,0.00390625,0.05810546875,0.14715998427672955,0.4423828125,YJL034W,ess,ess
0.06358381502890173,0.017892644135188866,0.0,0.10359624029423783,0.014003819223424571,0.13176320814767664,0.3526479008381597,0.3711012094207511,YBR250W,non_ess,non_ess
0.03468208092485549,0.0199671536001383,0.054054054054054064,0.05925623212096445,0.013043478260869565,0.2510869565217391,0.2835748792270531,0.3858695652173913,YPL177C,non_ess,non_ess
0.01445086705202312,0.003976143141153081,0.027027027027027032,0.10237024928483858,0.003219575016097875,0.02962009014810045,0.10401945125061672,0.6877012234385061,YPL272C,non_ess,non_ess
0.06358381502890173,0.009248854697899558,0.054054054054054064,0.11973845525132815,0.012168141592920356,0.059181415929203535,0.3729267546056659,0.13550884955752213,YHR202W,non_ess,non_ess
0.05202312138728323,0.012706370472815282,0.054054054054054064,0.11381283203923173,0.010459035444509006,0.08541545613015689,0.5308796255760827,0.4514816966879721,YER158C,non_ess,non_ess
0.017341040462427744,0.00224738525369522,0.054054054054054064,0.03453208009807928,0.010771992818671456,0.0466786355475763,0.2649803579998934,0.36804308797127466,YOR215C,non_ess,non_ess
0.361271676300578,0.13199066470740772,0.1891891891891892,0.09889660809154067,0.08322237017310254,1.0166444740346203,1.687800619582054,0.10386151797603196,YCL040W,non_ess,non_ess
0.02890173410404624,0.009162416803526663,0.054054054054054064,0.08827135267674703,0.007429420505200594,0.0787518573551263,0.16547345670674052,0.2340267459138187,YJR124C,non_ess,non_ess
0.049132947976878616,0.00898954101478088,0.054054054054054064,0.04454434000817328,0.024147727272727272,0.14772727272727273,0.7487167484504132,0.14772727272727273,YAR028W,non_ess,non_ess
0.05780346820809248,0.010545423113492956,0.08108108108108109,0.06129955046996322,0.021052631578947368,0.12842105263157896,0.6224676445211389,0.2063157894736842,YHR142W,non_ess,non_ess
0.06358381502890173,0.013830063099662893,0.08108108108108109,0.1710257458111974,0.008590394377196406,0.06247559547051933,0.16606907636248158,0.17883639203436158,YFR038W,non_ess,non_ess
0.0057803468208092465,0.0010372547324747168,0.2972972972972973,0.008173273395995098,0.011764705882352941,0.07058823529411765,0.4179471788715486,0.9058823529411764,YHR050W-A,non_ess,non_ess
0.049132947976878616,0.007174345232950125,0.0,0.08030241111565183,0.013832384052074858,0.06753458096013018,0.29598272882231713,0.2001627339300244,YNL064C,non_ess,non_ess
0.0722543352601156,0.01236061889532371,0.08108108108108109,0.15713118103800575,0.010606703436571913,0.06067034365719135,0.15761767262152396,0.1612218922358931,YMR016C,non_ess,non_ess
0.017341040462427744,0.001901633676203648,0.027027027027027032,0.1258684102983245,0.0031612223393045306,0.011591148577449948,0.16277069310337414,0.5748155953635405,YKL204W,non_ess,non_ess
0.0838150289017341,0.036131039847869306,0.2702702702702703,0.1401716387413159,0.013757115749525616,0.198292220113852,0.4788786482334871,0.23481973434535106,YDR176W,non_ess,non_ess
0.05202312138728323,0.014521566254646038,0.10810810810810813,0.08173273395995098,0.0144,0.1344,0.4905600000000001,0.1736,YHR115C,non_ess,non_ess
0.017341040462427744,0.005013397873627798,0.16216216216216214,0.039436044135676335,0.009538950715421305,0.09220985691573927,0.2444033858978215,0.5039745627980922,YPL267W,non_ess,non_ess
0.08092485549132948,0.01685538940271415,0.054054054054054064,0.13465467919901922,0.013813517513566848,0.09620128268376912,0.253389810248865,0.14553527380365072,YOR087W,non_ess,non_ess
0.10404624277456646,0.02627711988935949,0.054054054054054064,0.20024519820187986,0.012040133779264214,0.1016722408026756,0.3946488294314381,0.1528428093645485,YOR363C,non_ess,non_ess
0.017341040462427744,0.003803267352407295,0.13513513513513514,0.003269309358398039,0.061224489795918366,0.4489795918367347,1.0629456601917875,0.3877551020408163,YJL077W-B,non_ess,non_ess
0.026011560693641616,0.010026795747255596,0.027027027027027032,0.04352268083367389,0.013062409288824385,0.1683599419448476,0.39289678135405104,0.2075471698113208,YDR486C,non_ess,non_ess
0.08092485549132948,0.021782349381969053,0.054054054054054064,0.10788720882713528,0.017135862913096694,0.15422276621787026,0.6106436148510812,0.12423500611995104,YPL212C,non_ess,non_ess
0.0028901734104046237,8.643789437289306e-05,0.0,0.06211687780956274,0.0010395010395010396,0.0010395010395010396,0.026421747940735284,0.8388773388773388,YBR265W,ess,ess
0.05202312138728323,0.00959460627539113,0.13513513513513514,0.047609317531671434,0.02403204272363151,0.14819759679572764,0.3311748998664887,1.0,YNR009W,non_ess,non_ess
0.06358381502890173,0.013052122050306857,0.10810810810810813,0.07437678790355537,0.01926444833625219,0.13222416812609458,1.2657456055004217,0.2854640980735552,YGL263W,non_ess,non_ess
0.0,0.0,0.054054054054054064,0.01818553330608909,0.0,0.0,0.0,1.0,YMR321C,non_ess,non_ess
0.026011560693641616,0.00786584838793327,0.054054054054054064,0.002451982018798529,0.10465116279069768,1.0581395348837208,1.8168954889324744,1.0,YJL077W-A,non_ess,non_ess
0.0028901734104046237,0.00017287578874578615,0.0,0.14691458929301185,0.00045310376076121433,0.0009062075215224287,0.01565267537175104,0.9338468509288628,YKL078W,ess,ess
0.03757225433526011,0.005877776817356729,0.027027027027027032,0.06885982836125869,0.012252591894439209,0.0640904806786051,0.33432072169112703,0.22431668237511784,YPL138C,non_ess,non_ess
0.0057803468208092465,0.0002593136831186792,0.0,0.11973845525132815,0.0011061946902654867,0.00165929203539823,0.3355792437650845,1.0,YJR160C,non_ess,non_ess
0.017341040462427744,0.004062581035525975,0.4864864864864865,0.03248876174908051,0.011385199240986715,0.08918406072106262,0.2633381798467188,0.6053130929791272,YJL122W,non_ess,non_ess
0.031791907514450865,0.005445587345492263,0.10810810810810813,0.04577033101757255,0.015235457063711913,0.08725761772853187,0.3502584458977068,0.2423822714681441,YPL077C,non_ess,non_ess
0.01445086705202312,0.0036303915636615096,0.10810810810810813,0.00878626890069473,0.027932960893854747,0.2346368715083799,0.8752327746741154,0.4692737430167598,YML081C-A,non_ess,non_ess
0.03757225433526011,0.011150488374103209,0.027027027027027032,0.06232120964446261,0.013471502590673576,0.13367875647668392,0.29167206390328154,0.4103626943005181,YNR034W,non_ess,non_ess
0.026011560693641616,0.008298037859797734,0.0,0.02063751532488762,0.025495750708215296,0.2719546742209632,0.570922703358964,0.5354107648725213,YGR182C,non_ess,non_ess
0.04624277456647399,0.011150488374103209,0.2972972972972973,0.10850020433183492,0.009738283627510651,0.07851491174680462,0.3441073773905244,0.30310407790626903,YMR155W,non_ess,non_ess
0.017341040462427744,0.004149018929898867,0.13513513513513514,0.05741724560686556,0.006718924972004479,0.05375139977603583,0.2743475547729157,0.5173572228443449,YMR099C,non_ess,non_ess
0.08959537572254335,0.016163886247731005,0.027027027027027032,0.10359624029423783,0.019732654360280075,0.11903246339910885,0.4270480637449538,0.12030553787396565,YKL039W,non_ess,non_ess
0.06647398843930635,0.026017806206240814,0.054054054054054064,0.039436044135676335,0.03656597774244833,0.4785373608903021,0.9382543897824872,0.21621621621621626,YIL113W,non_ess,non_ess
0.0838150289017341,0.017633330452070186,0.40540540540540543,0.12729873314262366,0.015112037519541427,0.10630536737884316,0.2839174048983846,0.2006253256904638,YJR130C,non_ess,non_ess
0.02890173410404624,0.0050998357680006896,0.0,0.08990600735594606,0.007299270072992701,0.043065693430656936,0.4041791899241448,0.34306569343065696,YDR363W,non_ess,non_ess
0.04624277456647399,0.006482842077966981,0.0,0.06007355946056396,0.017167381974248927,0.08047210300429185,0.28992237153779404,0.2618025751072961,YOR279C,non_ess,non_ess
0.02890173410404624,0.008211599965424842,0.0,0.05986922762566409,0.010764262648008612,0.1022604951560818,0.23143164693218515,0.2744886975242196,YKL107W,non_ess,non_ess
0.031791907514450865,0.009940357852882704,0.054054054054054064,0.1031875766244381,0.007028753993610224,0.07348242811501597,0.17589634362797302,0.4006389776357828,YDR501W,non_ess,non_ess
0.2427745664739885,0.11392514478347307,0.5405405405405406,0.09011033919084592,0.06117989803350327,0.9599417334304444,1.6050726189966156,0.06846321922796796,YAL062W,non_ess,non_ess
0.017341040462427744,0.002333823148068113,0.0,0.07090314671025746,0.005499541704857928,0.024747937671860683,0.12334686395181355,0.4793767186067828,YLR141W,ess,ess
0.0,0.0,0.08108108108108109,0.029423784225582342,0.0,0.0,0.0,1.0,YEL077W-A,non_ess,non_ess
0.026011560693641616,0.0067421557610856594,0.16216216216216214,0.05578259092766653,0.010356731875719215,0.08975834292289989,0.15185447463928475,0.3084004602991945,YFR032C,non_ess,non_ess
0.06069364161849713,0.013657187310917106,0.054054054054054064,0.032693093583980384,0.03962264150943396,0.2981132075471698,0.9771161502509952,0.8471698113207548,YPR051W,non_ess,non_ess
0.1184971098265896,0.04382401244705679,0.10810810810810813,0.23130363710666124,0.011897852582704585,0.14712710388856645,0.2925377834572612,0.3357515960533952,YDR128W,non_ess,non_ess
0.06069364161849713,0.015991010458985218,0.0,0.06456885982836126,0.021042084168336674,0.18537074148296592,0.6960011977978946,0.21743486973947893,YCR021C,non_ess,non_ess
0.04046242774566474,0.00959460627539113,0.08108108108108109,0.047609317531671434,0.018691588785046728,0.14819759679572764,0.552923277548359,0.3017356475300401,YHR163W,non_ess,non_ess
0.02890173410404624,0.01149623995159478,0.027027027027027032,0.0995096035962403,0.006618133686300464,0.08802117802779616,0.13900487335298714,0.3309066843150232,YDL189W,non_ess,non_ess
0.011560693641618495,0.0015558820987120756,0.0,0.058643236616264825,0.004390779363336993,0.019758507135016458,0.09433345529942676,0.7486278814489572,YNL006W,ess,ess
0.01445086705202312,0.001901633676203648,0.054054054054054064,0.01736820596648958,0.016393442622950817,0.07213114754098361,0.3462138953942233,0.3836065573770492,YKR047W,non_ess,non_ess
0.14739884393063582,0.03457515774915723,0.21621621621621626,0.08908868001634655,0.03755522827687776,0.29455081001472755,0.5360525402013959,0.4256259204712813,YHL002W,non_ess,non_ess
0.0028901734104046237,8.643789437289306e-05,0.0,0.04188802615447487,0.001503759398496241,0.001503759398496241,0.025053939195815632,0.5233082706766917,YLR075W,ess,ess
0.04624277456647399,0.007779410493560376,0.13513513513513514,0.08990600735594606,0.01167883211678832,0.06569343065693431,0.2786528364707389,0.535036496350365,YDR393W,non_ess,non_ess
0.02890173410404624,0.026363557783732387,0.1891891891891892,0.009603596240294238,0.052356020942408384,1.5968586387434556,1.8859075043630016,0.33507853403141363,YCR108C,non_ess,non_ess
0.07803468208092486,0.013916500994035784,0.027027027027027032,0.18144666939109114,0.009948415622697123,0.059322033898305086,0.4256800938275193,0.13006632277081798,YDR409W,non_ess,non_ess
0.026011560693641616,0.0028524505143054713,0.21621621621621626,0.10257458111973848,0.005784061696658098,0.02120822622107969,0.10223582735759708,0.2769922879177378,YMR064W,non_ess,non_ess
0.05780346820809248,0.013138559944679749,0.0,0.10196158561503883,0.012928248222365869,0.0982546864899806,0.2746424013392339,0.2210730446024564,YDR256C,non_ess,non_ess
0.01445086705202312,0.003025326303051257,0.1891891891891892,0.03841438496117695,0.008143322475570033,0.05700325732899024,0.29810706164341466,0.4218241042345277,YOR383C,non_ess,non_ess
0.1184971098265896,0.02895669461491918,0.054054054054054064,0.4082550061299551,0.006783587028457975,0.055426869622766384,0.13279909912343496,0.12094639311714095,YJL207C,non_ess,non_ess
0.17630057803468208,0.04702221453885383,0.054054054054054064,0.2785042909685329,0.0147378593863252,0.1314327132157526,0.3969864663268867,0.16719014254650882,YGR270W,non_ess,non_ess
0.026011560693641616,0.013570749416544212,0.027027027027027032,0.11442582754393135,0.005202312138728325,0.0907514450867052,0.1719865302009864,0.34335260115606936,YHR092C,non_ess,non_ess
0.06358381502890173,0.02411617253003717,0.0,0.09664895790764202,0.014976174268209666,0.18992511912865886,0.3500772053329791,0.7031994554118448,YDR402C,non_ess,non_ess
0.0,0.0,0.0,0.054760931753167146,0.0,0.0,0.0,1.0,YNL033W,non_ess,non_ess
0.05491329479768786,0.012879246261561068,0.0,0.1275030649775235,0.009885535900104058,0.07752341311134235,0.35343144541895843,0.16805411030176898,YDL113C,non_ess,non_ess
0.08959537572254335,0.04425620191892125,0.027027027027027032,0.07274213322435638,0.02772808586762076,0.4579606440071557,0.6798877794677405,0.41681574239713776,YPR078C,non_ess,non_ess
0.04335260115606936,0.006137090500475408,0.08108108108108109,0.15181855333060892,0.0065818341377797285,0.031154014918824045,0.13513252872621018,0.4124616059675296,YER041W,non_ess,non_ess
0.026011560693641616,0.005532025239865157,0.16216216216216214,0.04229668982427463,0.013412816691505215,0.09538002980625933,0.4651880424300868,0.3651266766020864,YDL169C,non_ess,non_ess
0.017341040462427744,0.0050998357680006896,0.0,0.09664895790764202,0.0040844111640571815,0.04016337644656229,0.17721238938053094,0.5772634445200817,YLL011W,ess,ess
0.05780346820809248,0.016250324142103898,0.1891891891891892,0.06477319166326115,0.01998001998001998,0.1878121878121878,0.5572688181383834,0.2177822177822178,YAL020C,non_ess,non_ess
0.03757225433526011,0.010545423113492956,0.10810810810810813,0.03677973028197794,0.022033898305084745,0.20677966101694914,0.7124767632586112,0.2644067796610169,YJL030W,non_ess,non_ess
0.08959537572254335,0.058259140807329926,0.16216216216216214,0.021863506334286884,0.08355795148247977,1.8167115902964959,3.278683178099011,1.0,YNL285W,non_ess,non_ess
0.02890173410404624,0.00786584838793327,0.08108108108108109,0.05843890478136495,0.011013215859030838,0.10022026431718062,0.30446953010279004,0.3017621145374449,YDR446W,non_ess,non_ess
0.023121387283237003,0.00449477050739044,0.08108108108108109,0.011646914589293013,0.03619909502262444,0.2352941176470588,0.8222953517071165,0.3755656108597285,YNR032C-A,non_ess,non_ess
0.049132947976878616,0.012965684155933962,0.13513513513513514,0.07703310175725378,0.014394580863674853,0.12701100762066045,0.446555480501194,0.2489415749364945,YEL050C,non_ess,non_ess
0.12427745664739885,0.04131731351024289,0.10810810810810813,0.034940743767879034,0.0763765541740675,0.8490230905861457,1.6989383732637042,0.1172291296625222,YDR512C,non_ess,non_ess
0.06358381502890173,0.017806206240815973,0.32432432432432434,0.0659991826726604,0.02158979391560353,0.2021589793915604,0.4607404371879348,0.30814524043179586,YGR084C,non_ess,non_ess
0.06647398843930635,0.016077448353358108,0.13513513513513514,0.07539844707805476,0.01987899740708729,0.16076058772687987,0.3940833166760041,0.2921348314606741,YIL116W,non_ess,non_ess
0.031791907514450865,0.028870256720546286,0.10810810810810813,0.04270535349407438,0.01624815361890694,0.4933530280649926,0.5541037003370829,0.9763663220088626,YGL152C,non_ess,non_ess
0.02023121387283237,0.0036303915636615096,0.2432432432432433,0.06845116469145894,0.006635071090047393,0.03981042654028436,0.2255924170616113,0.2805687203791469,YDR202C,non_ess,non_ess
0.011560693641618495,0.0012965684155933962,0.0,0.029628116060482226,0.00824742268041237,0.030927835051546393,0.21073771589235507,0.7958762886597938,YDR024W,non_ess,non_ess
0.04046242774566474,0.00898954101478088,0.2432432432432433,0.053739272578667764,0.0166865315852205,0.12395709177592372,0.2798277833183333,0.2693682955899881,YGL005C,non_ess,non_ess
0.08092485549132948,0.046590025066989366,0.027027027027027032,0.10706988148753577,0.01726263871763255,0.3323057953144266,0.6582566631888457,0.1781750924784217,YPL214C,non_ess,non_ess
0.031791907514450865,0.00786584838793327,0.13513513513513514,0.02881078872088272,0.02325581395348837,0.1923890063424948,0.7168262653898769,0.3023255813953488,YGR076C,non_ess,non_ess
0.03757225433526011,0.024289048318782952,0.2972972972972973,0.02370249284838578,0.032663316582914576,0.7060301507537688,0.5688055662930035,0.20100502512562807,YBL003C,non_ess,non_ess
0.0,0.0,0.10810810810810813,0.012259910093992646,0.0,0.0,0.0,1.0,YLR222C-A,non_ess,non_ess
0.011560693641618495,0.0008643789437289308,0.0,0.0588475684511647,0.00437636761487965,0.010940919037199123,0.15716534223962533,0.3643326039387309,YOR074C,ess,ess
0.11560693641618495,0.04676290085573515,0.13513513513513514,0.08520637515324889,0.030745580322828595,0.4158339738662567,0.7416391400818285,0.1291314373558801,YDR277C,non_ess,non_ess
0.017341040462427744,0.00224738525369522,0.027027027027027032,0.018594196975888846,0.018575851393188854,0.0804953560371517,0.6988500663423264,0.9907120743034056,YBR206W,non_ess,non_ess
0.08670520231213873,0.0325006482842078,0.027027027027027032,0.08724969350224766,0.022539444027047332,0.28249436513899323,0.6064576423375052,0.1990984222389181,YER130C,non_ess,non_ess
0.0057803468208092465,0.0002593136831186792,0.0,0.10666121781773599,0.0012376237623762374,0.0018564356435643566,0.05933632425742575,0.8514851485148515,YDL207W,ess,ess
0.04624277456647399,0.012533494684069495,0.0,0.11074785451573356,0.00954653937947494,0.08651551312649165,0.3406855674158777,0.2613365155131265,YGL257C,non_ess,non_ess
0.0,0.0,0.0,0.029423784225582342,0.0,0.0,0.0,1.0,YML133W-B,non_ess,non_ess
0.0028901734104046237,0.0027660126199325783,0.4864864864864865,0.02145484266448713,0.0027397260273972607,0.08767123287671233,0.059609796596097976,0.5013698630136987,YGL088W,non_ess,non_ess
0.08670520231213873,0.03639035353098798,0.21621621621621626,0.09501430322844301,0.020761245674740483,0.2913494809688581,0.6696788584174554,0.11695501730103805,YFR044C,non_ess,non_ess
0.10115606936416184,0.02480767568502032,0.054054054054054064,0.0986922762566408,0.02334889926617745,0.1914609739826551,0.5120530804319997,0.1467645096731154,YPL017C,non_ess,non_ess
0.09826589595375723,0.01797908202956176,0.027027027027027032,0.07703310175725378,0.028789161727349705,0.17612193056731584,1.0451409613969822,0.14394580863674852,YML018C,non_ess,non_ess
0.031791907514450865,0.003889705246780188,0.027027027027027032,0.10563955864323664,0.006870705808869456,0.028107432854465958,0.14629576027178134,0.4740787008119925,YNL294C,non_ess,non_ess
0.04335260115606936,0.0076929725991874845,0.0,0.16673477727829994,0.006004803843074461,0.03562850280224178,0.20828750912818167,0.3262610088070456,YPR029C,non_ess,non_ess
0.04046242774566474,0.016941827297087042,0.0,0.06742950551695955,0.013461538461538462,0.18846153846153849,0.32221601073345263,0.1932692307692308,YCL032W,non_ess,non_ess
0.05780346820809248,0.016163886247731005,0.0,0.16612178177360035,0.008035355564483728,0.07513057452792286,0.2006813171230726,0.1940538368822821,YJL089W,non_ess,non_ess
0.07514450867052022,0.01521306940962918,0.08108108108108109,0.0815284021250511,0.02085004009623096,0.14113873295910184,0.3616497182815304,0.2967121090617482,YAL042W,non_ess,non_ess
0.02890173410404624,0.014435128360273143,0.0,0.021250510829587253,0.027624309392265192,0.4613259668508287,0.5908194806143062,0.4309392265193371,YHL046C,non_ess,non_ess
0.011560693641618495,0.0005186273662373584,0.0,0.048086091813104484,0.005291005291005291,0.007936507936507936,0.1042768959435626,0.6587301587301587,YBL040C,ess,ess
0.07514450867052022,0.016941827297087042,0.08108108108108109,0.13914997956681652,0.012422360248447204,0.09364548494983277,0.32729379203810377,0.15432393693263258,YPL116W,non_ess,non_ess
0.031791907514450865,0.006482842077966981,0.054054054054054064,0.023906824683285657,0.027431421446384042,0.18703241895261846,0.5966009147746746,0.22443890274314213,YDR511W,non_ess,non_ess
0.026011560693641616,0.0044083326130175465,0.08108108108108109,0.13710666121781775,0.004362578768783325,0.024721279689772176,0.1120969934856886,0.6946194861851672,YDL199C,non_ess,non_ess
0.0028901734104046237,0.0009508168381018238,0.0,0.0298324478953821,0.0020491803278688526,0.022540983606557367,0.06667717528373268,0.7315573770491803,YBR077C,non_ess,non_ess
0.0,0.0,0.16216216216216214,0.012055578259092769,0.0,0.0,0.0,1.0,YKL023C-A,non_ess,non_ess
0.02890173410404624,0.00959460627539113,0.13513513513513514,0.015869772510557146,0.0353356890459364,0.392226148409894,0.9058785737230968,0.2049469964664311,YIL156W-B,non_ess,non_ess
0.017341040462427744,0.003803267352407295,0.054054054054054064,0.037188393951777685,0.010067114093959731,0.0738255033557047,0.2127961923024244,0.30033557046979864,YAL008W,non_ess,non_ess
0.017341040462427744,0.0047540841905091185,0.0,0.015937883122190438,0.02112676056338028,0.1936619718309859,0.4105780516431925,1.0,YJR010C-A,non_ess,non_ess
0.049132947976878616,0.00959460627539113,0.027027027027027032,0.12832039231712306,0.008790072388831437,0.05739400206825233,0.25854937060942124,0.2264736297828335,YNL115C,non_ess,non_ess
0.017341040462427744,0.003457515774915723,0.054054054054054064,0.11606048222313035,0.003420752565564425,0.022805017103762832,0.09814682594656808,0.3734321550741163,YGR292W,non_ess,non_ess
0.05202312138728323,0.006482842077966981,0.027027027027027032,0.12178177360032695,0.009793253536452664,0.040805223068552776,0.48296202966611296,0.26278563656147985,YMR098C,non_ess,non_ess
0.06358381502890173,0.02256029043132509,0.027027027027027032,0.07723743359215368,0.018581081081081082,0.2204391891891892,0.3930859739049393,0.3344594594594595,YER028C,non_ess,non_ess
0.02890173410404624,0.010026795747255596,0.2972972972972973,0.004699632202697182,0.08403361344537816,0.9747899159663864,3.648789988098244,0.3781512605042017,YBL100W-C,non_ess,non_ess
0.1184971098265896,0.020658656755121445,0.2432432432432433,0.1103391908459338,0.02455089820359281,0.14311377245508985,0.8122690788635495,0.1191616766467066,YOR205C,non_ess,non_ess
0.04046242774566474,0.00898954101478088,0.0,0.11442582754393135,0.008092485549132947,0.060115606936416176,0.2543352601156069,0.1815028901734104,YER086W,non_ess,non_ess
0.01445086705202312,0.0035439536692886157,0.054054054054054064,0.0443400081732734,0.007132667617689016,0.058487874465049924,0.20138868671577048,0.4479315263908702,YJL148W,non_ess,non_ess
0.02890173410404624,0.012533494684069495,0.13513513513513514,0.020433183489987745,0.028571428571428567,0.4142857142857143,0.5139941690962099,0.7885714285714286,YJR120W,non_ess,non_ess
0.0,0.0,0.16216216216216214,0.014711892112791171,0.0,0.0,0.0,1.0,YCR020C-A,non_ess,non_ess
0.09248554913294796,0.017287578874578616,0.08108108108108109,0.20453616673477729,0.010481493612839829,0.06550933508024892,0.6697122761046079,0.17032427120864724,YDL240W,non_ess,non_ess
0.0057803468208092465,0.0004321894718644654,0.027027027027027032,0.04781364936657132,0.002659574468085107,0.006648936170212766,0.07212308396247998,0.9680851063829788,YLR052W,non_ess,non_ess
0.13872832369942195,0.03716829458034402,0.35135135135135137,0.07396812423375562,0.04225352112676056,0.3785211267605634,0.7095533728687916,0.19982394366197184,YOL003C,non_ess,non_ess
0.01445086705202312,0.0014694442043391822,0.027027027027027032,0.04597466285247242,0.006896551724137931,0.02344827586206897,0.124539671911617,0.4206896551724138,YGL250W,non_ess,non_ess
0.008670520231213872,0.002333823148068113,0.0,0.011442582754393136,0.013761467889908258,0.12385321100917432,0.3120778304264543,0.5,YNL162W-A,non_ess,non_ess
0.10693641618497107,0.024375486213155845,0.0,0.2513281569268492,0.009893048128342245,0.07540106951871657,0.19937583556149727,0.24224598930481284,YOR227W,non_ess,non_ess
0.011560693641618495,0.004062581035525975,0.027027027027027032,0.06252554147936247,0.004132231404958678,0.04855371900826446,0.0697635335521373,0.5041322314049587,YNL002C,ess,non_ess
0.01445086705202312,0.0042354568242717605,0.054054054054054064,0.01838986514098897,0.015625,0.153125,0.6344401041666666,0.590625,YMR158W-B,non_ess,non_ess
0.01445086705202312,0.001901633676203648,0.08108108108108109,0.01920719248058848,0.015060240963855422,0.06626506024096386,0.7698305914011375,1.0,YNL057W,non_ess,non_ess
0.0838150289017341,0.015040193620883397,0.0,0.11646914589293013,0.016477272727272726,0.09886363636363636,0.3855556515727617,0.18352272727272728,YNL065W,non_ess,non_ess
0.0838150289017341,0.01149623995159478,0.08108108108108109,0.13056804250102166,0.01474326385358414,0.06761565836298933,0.5927940894895648,0.13828164717844432,YPR179C,non_ess,non_ess
0.06936416184971098,0.02273316622007088,0.10810810810810813,0.10114425827543932,0.015635179153094463,0.17133550488599347,0.20401192257869785,0.2273615635179153,YMR004W,non_ess,non_ess
0.031791907514450865,0.005877776817356729,0.2972972972972973,0.020433183489987745,0.03142857142857143,0.19428571428571428,0.5569791240278347,0.98,YAL056C-A,non_ess,non_ess
0.049132947976878616,0.024548362001901632,0.16216216216216214,0.04454434000817328,0.024147727272727272,0.4034090909090909,0.5610243821712267,0.21448863636363635,YJL192C,non_ess,non_ess
0.10982658959537572,0.03647679142536088,0.16216216216216214,0.14711892112791175,0.017194570135746608,0.19095022624434388,0.4307993055460623,0.17375565610859728,YBR007C,non_ess,non_ess
0.0838150289017341,0.015472383092747859,0.5135135135135136,0.0615038823048631,0.030430220356768106,0.18782791185729275,0.6869396278557552,0.1993704092339979,YLR205C,non_ess,non_ess
0.031791907514450865,0.004926959979254904,0.054054054054054064,0.052104617899468735,0.013496932515337423,0.06993865030674846,0.2549287873029661,1.0,YOL009C,non_ess,non_ess
0.008670520231213872,0.0008643789437289308,0.054054054054054064,0.008377605230894975,0.017341040462427744,0.05780346820809248,0.4310128172907765,1.0,YPL135C-A,non_ess,non_ess
0.0057803468208092465,0.003889705246780188,0.13513513513513514,0.0126685737637924,0.00847457627118644,0.1906779661016949,0.22991789504009216,0.8220338983050848,YKL068W-A,non_ess,non_ess
0.06358381502890173,0.012014867317832138,0.1891891891891892,0.020024519820187988,0.06395348837209303,0.4040697674418605,2.171489437244808,0.25872093023255816,YCR022C,non_ess,non_ess
0.049132947976878616,0.006223528394848302,0.054054054054054064,0.12443808745402535,0.009057005860415556,0.03835908364411295,0.304082246264051,0.3361747469366009,YDR425W,non_ess,non_ess
0.023121387283237003,0.005791338922983836,0.10810810810810813,0.03964037597057622,0.012658227848101266,0.1060126582278481,0.3268606269467824,0.3797468354430379,YER079W,non_ess,non_ess
0.026011560693641616,0.003284639986169937,0.08108108108108109,0.0606865549652636,0.009564293304994687,0.04038257173219978,0.2276615389975785,0.21891604675876727,YOR006C,non_ess,non_ess
0.04046242774566474,0.010113233641628493,0.08108108108108109,0.06232120964446261,0.014507772020725387,0.12124352331606215,0.4429369000281159,0.1979274611398964,YDR347W,non_ess,non_ess
0.06069364161849713,0.011755553634713456,0.054054054054054064,0.11360850020433184,0.012223515715948778,0.07916181606519207,0.3094512838762992,0.2665890570430733,YBR180W,non_ess,non_ess
0.02890173410404624,0.012879246261561068,0.0,0.0670208418471598,0.009671179883945842,0.14410058027079306,0.19956442398054827,0.3945841392649903,YBR054W,non_ess,non_ess
0.0,0.0,0.027027027027027032,0.01736820596648958,0.0,0.0,0.0,1.0,YGL204C,non_ess,non_ess
0.0,0.0,0.10810810810810813,0.06906416019615856,0.0,0.0,0.0,1.0,YHR054C,non_ess,non_ess
0.03757225433526011,0.01037254732474717,0.0,0.20392317123007767,0.0042706964520367935,0.039421813403416564,0.114303934451573,0.1954664914586071,YDR028C,non_ess,non_ess
0.008670520231213872,0.0044083326130175465,0.0,0.052513281569268495,0.003654080389768575,0.06211936662606578,0.10228635717008673,0.5980511571254568,YML105C,ess,ess
0.05491329479768786,0.016941827297087042,0.054054054054054064,0.17245606865549656,0.0073586367157242455,0.07591014717273431,0.15661560917512524,0.4144074360960496,YGR071C,non_ess,non_ess
0.0057803468208092465,0.0006050652606102515,0.0,0.09072333469554557,0.0014471780028943561,0.005065123010130246,0.022591599789501367,0.5289435600578871,YOR272W,ess,ess
0.011560693641618495,0.005791338922983836,0.054054054054054064,0.007968941561095219,0.023952095808383242,0.4011976047904192,0.8569101796407187,0.6287425149700598,YOR381W-A,non_ess,non_ess
0.03757225433526011,0.00786584838793327,0.08108108108108109,0.05353494074376789,0.015550239234449759,0.10885167464114832,0.7885043722158059,0.2942583732057416,YGR026W,non_ess,non_ess
0.04046242774566474,0.01434869046590025,0.054054054054054064,0.05557825909276666,0.016166281755196306,0.19168591224018475,1.2602205466252696,0.3579676674364896,YJR155W,non_ess,non_ess
0.023121387283237003,0.007347221021695911,0.08108108108108109,0.05925623212096445,0.008695652173913044,0.09239130434782608,0.2476959125227805,0.3108695652173913,YDR374C,non_ess,non_ess
0.04046242774566474,0.00760653470481459,0.1891891891891892,0.10237024928483858,0.00901481004507405,0.05666452028332261,0.2928946455990886,0.28718609143593044,YAL022C,non_ess,non_ess
0.03468208092485549,0.007779410493560376,0.054054054054054064,0.015937883122190438,0.04225352112676056,0.31690140845070425,1.5694435672329945,1.0,YPR160C-A,non_ess,non_ess
0.06069364161849713,0.010199671536001384,0.054054054054054064,0.10380057212913772,0.013341804320203305,0.07496823379923763,0.5426230035545976,0.2204574332909784,YER123W,non_ess,non_ess
0.008670520231213872,0.0006915031549831446,0.054054054054054064,0.0406620351450756,0.0046367851622874795,0.012364760432766615,0.09160548686244203,1.0,YLR262C,non_ess,non_ess
0.12716763005780346,0.05895064396231307,0.13513513513513514,0.11156518185533308,0.026066350710900472,0.4040284360189573,0.755514751495,0.13329383886255924,YKR072C,non_ess,non_ess
0.04335260115606936,0.013138559944679749,0.027027027027027032,0.05905190028606457,0.016357688113413302,0.16575790621592149,0.3050629937549748,0.1897491821155944,YNL096C,non_ess,non_ess
0.031791907514450865,0.005186273662373585,0.027027027027027032,0.07396812423375562,0.009683098591549295,0.0528169014084507,0.3415052816901408,0.2024647887323944,YNR074C,non_ess,non_ess
0.06069364161849713,0.01486731783213761,0.2702702702702703,0.05496526358806703,0.024504084014002333,0.20070011668611434,1.6870797411079304,0.2357059509918321,YDR098C,non_ess,non_ess
0.026011560693641616,0.009421730486645344,0.08108108108108109,0.039844707805476096,0.014173228346456691,0.17165354330708665,0.5116335810136409,0.525984251968504,YFL010C,non_ess,non_ess
0.011560693641618495,0.003198202091797044,0.027027027027027032,0.004903964037597058,0.032786885245901634,0.30327868852459017,1.0042547866349645,0.4836065573770492,YCR024C-A,non_ess,non_ess
0.04046242774566474,0.01573169677586654,0.027027027027027032,0.04045770331017573,0.021739130434782608,0.2826086956521739,0.532608695652174,0.34006211180124224,YNL213C,non_ess,non_ess
0.03468208092485549,0.005272711556746477,0.16216216216216214,0.10093992644053944,0.007832898172323759,0.03981723237597911,0.1795229283378539,0.43276762402088775,YJR015W,non_ess,non_ess
0.01445086705202312,0.0037168294580344026,0.0,0.014303228442991419,0.019230769230769232,0.16538461538461538,0.5546853146853148,0.8,YPR016W-A,non_ess,non_ess
0.03757225433526011,0.010113233641628493,0.054054054054054064,0.06497752349816102,0.012948207171314742,0.11653386454183265,0.35662280455642226,0.2171314741035857,YML107C,non_ess,non_ess
0.0028901734104046237,0.0003457515774915723,0.054054054054054064,0.09419697588884347,0.0006978367062107465,0.002791346824842986,0.027517165921445985,0.7550593161200279,YDL103C,ess,ess
0.0057803468208092465,0.0003457515774915723,0.0,0.06007355946056396,0.002145922746781116,0.004291845493562232,0.07324869359096378,0.7639484978540773,YDL015C,ess,ess
0.06069364161849713,0.012447056789696605,0.027027027027027032,0.061912545974662864,0.021897810218978103,0.15015641293013554,0.4723670490093848,0.17518248175182485,YLR439W,non_ess,non_ess
0.049132947976878616,0.010286109430374276,0.054054054054054064,0.11708214139762975,0.009609949123798756,0.06726964386659129,0.30337870156977004,0.2967778405879028,YOL157C,non_ess,non_ess
0.10982658959537572,0.07796698072434956,0.054054054054054064,0.017981201471189208,0.12101910828025478,2.8726114649681533,1.5682476180449545,0.12101910828025478,YBL001C,non_ess,non_ess
0.15606936416184972,0.2971734808540064,0.13513513513513514,0.037188393951777685,0.09060402684563758,5.768456375838926,1.5345158197507192,0.10570469798657718,YPL067C,non_ess,non_ess
0.008670520231213872,0.0003457515774915723,0.0,0.15590519002860648,0.0012825994014536127,0.0017101325352714837,0.07565791168092638,0.6900384779820437,YLR277C,ess,ess
0.01445086705202312,0.0013830063099662892,0.13513513513513514,0.04563410979430595,0.006944444444444444,0.022222222222222227,0.17846936442615455,0.6847222222222222,YER131W,non_ess,non_ess
0.08670520231213873,0.032154896706716216,0.054054054054054064,0.045565999182672665,0.04172461752433936,0.5173852573018081,1.6561781351987774,0.15577190542420027,YDR410C,non_ess,non_ess
0.05202312138728323,0.016768951508341255,0.10810810810810813,0.0570085819370658,0.020293122886133032,0.21871476888387825,0.4889897913800771,0.3506200676437429,YKL128C,non_ess,non_ess
0.0,0.0,0.0,0.05292194523906825,0.0,0.0,0.0,1.0,YCR047C,non_ess,non_ess
0.04624277456647399,0.007174345232950125,0.1891891891891892,0.1375153248876175,0.007733204446592556,0.04011599806669889,0.20942142546782472,0.5659739004349927,YDR332W,non_ess,non_ess
0.10404624277456646,0.014694442043391822,0.027027027027027032,0.0960359624029424,0.024657534246575345,0.11643835616438356,0.436696576748896,0.14657534246575346,YDL054C,non_ess,non_ess
0.017341040462427744,0.002420261042441006,0.10810810810810813,0.05809835172319847,0.006644518272425249,0.03100775193798449,0.1527891322119984,0.42414174972314506,YPL079W,non_ess,non_ess
0.02023121387283237,0.003976143141153081,0.0,0.01838986514098897,0.021875,0.14375,0.6196744372990354,0.671875,YLR041W,non_ess,non_ess
0.03757225433526011,0.008211599965424842,0.054054054054054064,0.1454842664487127,0.005946935041171089,0.043458371454711806,0.1940711054984988,0.2250686184812443,YLR219W,non_ess,non_ess
0.14739884393063582,0.02411617253003717,0.13513513513513514,0.15999182672660406,0.0212588578574406,0.11629845769070445,0.581620547022798,0.09003751563151312,YJL212C,non_ess,non_ess
0.008670520231213872,0.003111764197424151,0.0,0.1501838986514099,0.0013303769401330375,0.015964523281596452,0.0273771290505404,0.7339246119733924,YGR264C,ess,ess
0.03468208092485549,0.004321894718644654,0.2972972972972973,0.0813240702901512,0.00964630225080386,0.04019292604501608,0.945859042322065,0.3062700964630225,YOR196C,non_ess,non_ess
0.049132947976878616,0.01823839571268044,0.08108108108108109,0.005925623212096446,0.12408759124087593,1.5401459854014599,2.135942889227561,0.2846715328467153,YIR018C-A,non_ess,non_ess
0.0,0.0,0.027027027027027032,0.04515733551287291,0.0,0.0,0.0,1.0,YGR024C,ess,ess
0.0028901734104046237,0.0009508168381018238,0.13513513513513514,0.024451709576352003,0.002444987775061125,0.026894865525672367,0.05899611678412196,0.9682151589242054,YGL226C-A,non_ess,non_ess
0.04335260115606936,0.008557351542916414,0.1891891891891892,0.13179403351042093,0.007556675062972292,0.04987405541561713,0.1238087200394713,0.2508816120906801,YOR275C,non_ess,non_ess
0.0,0.0,0.0,0.029423784225582342,0.0,0.0,0.0,1.0,YGR296C-B,non_ess,non_ess
0.011560693641618495,0.00112369262684761,0.054054054054054064,0.017572537801389457,0.012987012987012988,0.04220779220779222,0.31239669421487604,0.7792207792207793,YDR455C,non_ess,non_ess
0.0028901734104046237,0.0008643789437289308,0.027027027027027032,0.04903964037597058,0.001298701298701299,0.012987012987012988,0.02771103896103896,0.951948051948052,YOR152C,non_ess,non_ess
0.008670520231213872,0.00224738525369522,0.0,0.007968941561095219,0.017964071856287425,0.15568862275449102,0.4504995772144472,0.4730538922155689,YDR276C,non_ess,non_ess
0.03757225433526011,0.003457515774915723,0.027027027027027032,0.07029015120555783,0.012014787430683918,0.03696857670979668,0.2681289998978255,0.33733826247689463,YOR221C,non_ess,non_ess
0.049132947976878616,0.006137090500475408,0.13513513513513514,0.07008581937065796,0.015755329008341055,0.06580166821130677,0.4451825764596848,0.3948100092678406,YLR246W,non_ess,non_ess
0.03468208092485549,0.0037168294580344026,0.054054054054054064,0.13445034736411934,0.005928853754940711,0.021245059288537548,0.1753311408140482,0.35276679841897235,YBR216C,non_ess,non_ess
0.05491329479768786,0.007087907338577231,0.027027027027027032,0.10359624029423783,0.0120942075111394,0.05219605346912794,0.3583704646721833,0.4207511139401655,YLR432W,non_ess,non_ess
0.0,0.0,0.08108108108108109,0.027993461381283204,0.0,0.0,0.0,1.0,YER030W,non_ess,non_ess
0.011560693641618495,0.002420261042441006,0.0,0.05578259092766653,0.004602991944764097,0.03222094361334868,0.112350578896691,0.7330264672036824,YAL034W-A,ess,ess
0.0028901734104046237,8.643789437289306e-05,0.027027027027027032,0.00878626890069473,0.00558659217877095,0.00558659217877095,0.11017088399605653,0.5083798882681564,YBL039W-B,non_ess,non_ess
0.02890173410404624,0.0019880715705765406,0.0,0.1894156109521864,0.0035323207347227135,0.008124337689862239,0.12538705765945535,0.4874602613917344,YLR129W,ess,ess
0.03757225433526011,0.011323364162848992,0.10810810810810813,0.05169595422966899,0.016069221260815822,0.1619283065512979,0.5224931640259205,0.32756489493201485,YGR220C,non_ess,non_ess
0.0057803468208092465,0.0002593136831186792,0.0,0.022680833673886392,0.0052219321148825075,0.007832898172323759,0.21325376103443988,0.639686684073107,YKL076C,non_ess,non_ess
0.0,0.0,0.0,0.009194932570494484,0.0,0.0,0.0,1.0,YHR055C,non_ess,non_ess
0.0,0.0,0.0,0.1211687780956273,0.0,0.0,0.0,1.0,YDL247W,non_ess,non_ess
0.05491329479768786,0.01149623995159478,0.3783783783783784,0.049243972210870464,0.02457956015523933,0.17205692108667528,0.3624691209456095,0.18628719275549807,YIL064W,non_ess,non_ess
0.031791907514450865,0.007260783127323019,0.0,0.042092357989374746,0.016467065868263474,0.12574850299401194,0.6621354066061426,0.2440119760479042,YGL210W,non_ess,non_ess
0.023121387283237003,0.007260783127323019,0.0,0.19248058847568453,0.0027816411682892906,0.02920723226703755,0.061237622734726924,0.35570236439499303,YOR335C,ess,ess
0.031791907514450865,0.0047540841905091185,0.027027027027027032,0.0596648957907642,0.011879049676025918,0.059395248380129585,0.36332508033503663,0.2991360691144708,YDL114W,non_ess,non_ess
0.09248554913294796,0.021004408332613016,0.13513513513513514,0.10890886800163466,0.019405700424499697,0.14736203759854458,0.6104442186514806,0.19163129169193446,YIL099W,non_ess,non_ess
0.06358381502890173,0.015299507304002076,0.027027027027027032,0.06395586432366163,0.022244691607684528,0.1789686552072801,0.5422470707190864,0.25884732052578363,YBR104W,non_ess,non_ess
0.04624277456647399,0.039761431411530816,0.32432432432432434,0.016959542296689827,0.05351170568561873,1.5384615384615383,1.5297027006416613,0.24749163879598665,YER188C-A,non_ess,non_ess
0.017341040462427744,0.0018151957818307548,0.054054054054054064,0.02554147936248468,0.014117647058823532,0.04941176470588235,0.6060130718954249,0.9529411764705882,YDL062W,non_ess,non_ess
0.05202312138728323,0.01858414729017201,0.027027027027027032,0.0190028606456886,0.0547112462006079,0.6534954407294833,1.4958323232699946,0.2492401215805471,YPR014C,non_ess,non_ess
0.0028901734104046237,8.643789437289306e-05,0.0,0.06129955046996322,0.0010526315789473684,0.0010526315789473684,0.04776942355889724,1.0,YCL059C,ess,ess
0.0,0.0,0.0,0.07069881487535759,0.0,0.0,0.0,1.0,YLR155C,non_ess,non_ess
0.0057803468208092465,0.0005186273662373584,0.0,0.02554147936248468,0.004705882352941176,0.014117647058823532,0.1475743555849306,0.8682352941176471,YJR067C,ess,non_ess
0.0028901734104046237,0.0003457515774915723,0.0,0.06742950551695955,0.0009615384615384617,0.003846153846153847,0.026079277864992152,0.7432692307692308,YML015C,ess,ess
0.01445086705202312,0.0009508168381018238,0.0,0.10277891295463834,0.003207184092366902,0.007055805003207185,0.060656258368259476,0.300192431045542,YMR013C,ess,ess
0.06358381502890173,0.008816665226035093,0.027027027027027032,0.2063751532488762,0.0071428571428571435,0.03311688311688312,0.3254050073637702,0.3191558441558441,YLR187W,non_ess,non_ess
0.03757225433526011,0.004667646296136226,0.08108108108108109,0.13812832039231712,0.006256015399422521,0.02598652550529355,0.18492243368830646,0.3719923002887392,YMR224C,non_ess,non_ess
0.0028901734104046237,0.0012965684155933962,0.0,0.03248876174908051,0.00189753320683112,0.028462998102466795,0.12858159392789373,1.0,YFL067W,non_ess,non_ess
0.02890173410404624,0.0037168294580344026,0.08108108108108109,0.08827135267674703,0.007429420505200594,0.03194650817236255,0.1955762362816402,0.2637444279346211,YGR223C,non_ess,non_ess
0.023121387283237003,0.0020745094649494327,0.027027027027027032,0.06885982836125869,0.007540056550424128,0.022620169651272386,0.14915330408024416,0.3713477851083883,YBL016W,non_ess,non_ess
0.09826589595375723,0.026882185149969744,0.40540540540540543,0.10196158561503883,0.02197802197802198,0.20103425985778928,0.9399624765478424,0.13574660633484162,YDL159W,non_ess,non_ess
0.05491329479768786,0.01236061889532371,0.08108108108108109,0.033714752758479766,0.03486238532110092,0.26238532110091745,1.1145633707101599,0.13944954128440368,YDL192W,non_ess,non_ess
0.023121387283237003,0.009940357852882704,0.0,0.017163874131589704,0.026490066225165563,0.38079470198675497,0.5169170510474914,0.6688741721854304,YML116W-A,non_ess,non_ess
0.0028901734104046237,0.0004321894718644654,0.08108108108108109,0.032216319302547335,0.0019120458891013386,0.009560229445506692,0.09087470846553064,0.7189292543021033,YDL219W,non_ess,non_ess
0.0838150289017341,0.015472383092747859,0.1891891891891892,0.21843073150796896,0.008903899293828677,0.05495855081363218,0.2211916035098493,0.15044519496469144,YJR035W,non_ess,non_ess
0.03468208092485549,0.009767482064136915,0.4324324324324325,0.00878626890069473,0.0670391061452514,0.6312849162011173,1.2399954395165886,0.26256983240223464,YHR032W-A,non_ess,non_ess
0.0953757225433526,0.024202610424410062,0.08108108108108109,0.1575398447078055,0.01396529834955565,0.1184934405416843,0.31743919098186857,0.09183241641980533,YNR033W,non_ess,non_ess
0.08092485549132948,0.01581813467023943,0.0,0.19677155700858195,0.009527050017012591,0.06226607689690373,0.40966315073154136,0.20347056822048315,YKL015W,non_ess,non_ess
0.017341040462427744,0.01184199152908635,0.16216216216216214,0.02145484266448713,0.01643835616438356,0.3753424657534247,0.5638079889490042,0.7808219178082192,YGL034C,non_ess,non_ess
0.06358381502890173,0.01348431152217132,0.027027027027027032,0.12076011442582756,0.012068019747668678,0.08557323093801426,0.4585097937670143,1.0,YML071C,non_ess,non_ess
0.08092485549132948,0.01037254732474717,0.027027027027027032,0.16775643645279936,0.011142061281337049,0.0477516912057302,0.5247237853096782,0.1866295264623956,YOR018W,non_ess,non_ess
0.011560693641618495,0.001210130521220503,0.0,0.21577441765427047,0.001243008079552517,0.00435052827843381,0.0369458955537265,0.4748290863890615,YBL076C,ess,ess
0.0,0.0,0.0,0.0036779730281977937,0.0,0.0,0.0,1.0,YDL025W-A,non_ess,non_ess
0.2803468208092485,0.0961189385426571,0.13513513513513514,0.1385369840621169,0.04654510556621881,0.5335892514395394,1.8053859128715173,0.09692898272552784,YMR246W,non_ess,non_ess
0.04624277456647399,0.006396404183594088,0.0,0.08255006129955048,0.012678288431061807,0.05863708399366085,0.3520507131537242,0.3232963549920761,YER178W,non_ess,non_ess
0.0,0.0,0.0,0.12423375561912547,0.0,0.0,0.0,1.0,YHR219W,non_ess,non_ess
0.0057803468208092465,0.0002593136831186792,0.21621621621621626,0.01409889660809154,0.007782101167315175,0.011673151750972765,0.19104685421613354,0.6653696498054474,YER180C-A,non_ess,non_ess
0.10115606936416184,0.029993949347393894,0.08108108108108109,0.27073968124233755,0.008695652173913044,0.0862111801242236,0.33292943692088384,0.16919254658385094,YLR278C,non_ess,non_ess
0.026011560693641616,0.00760653470481459,0.0,0.0406620351450756,0.013910355486862442,0.13601236476043274,0.42662455480142464,0.4173106646058733,YEL024W,non_ess,non_ess
0.017341040462427744,0.0033710778805428297,0.027027027027027032,0.09521863506334287,0.004143646408839779,0.026933701657458564,0.08399081839500774,0.4516574585635359,YDR388W,non_ess,non_ess
0.09248554913294796,0.019621402022646728,0.10810810810810813,0.08255006129955048,0.02535657686212361,0.17987321711568938,0.6533678799922857,0.11727416798732172,YNL009W,non_ess,non_ess
0.04624277456647399,0.013311435733425534,0.0,0.05598692276256642,0.01834862385321101,0.17660550458715596,0.3127212309470491,0.1651376146788991,YGR205W,non_ess,non_ess
0.008670520231213872,0.001210130521220503,0.10810810810810813,0.07335512872905599,0.0026619343389529732,0.012422360248447204,0.2552935132863214,0.7586512866015972,YOR390W,non_ess,non_ess
0.07803468208092486,0.020226467283256985,0.10810810810810813,0.10993052717613404,0.01622596153846154,0.140625,0.4814852700490999,0.2614182692307692,YIR031C,non_ess,non_ess
0.049132947976878616,0.01236061889532371,0.16216216216216214,0.1258684102983245,0.008956796628029505,0.07534246575342465,0.3890765488512256,0.2270811380400421,YDR419W,non_ess,non_ess
0.08670520231213873,0.022646728325697984,0.10810810810810813,0.07866775643645281,0.024896265560165973,0.2174273858921162,0.7875967253560614,1.0,YOR368W,non_ess,non_ess
0.049132947976878616,0.010631861007865848,0.027027027027027032,0.07825909276665305,0.014178482068390326,0.10258548790658882,0.3163320624329799,0.19182652210175147,YGR234W,non_ess,non_ess
0.049132947976878616,0.007433658916068805,0.054054054054054064,0.04372701266857377,0.024566473988439308,0.12427745664739885,0.8933422791081751,0.2239884393063584,YLR168C,non_ess,non_ess
0.008670520231213872,0.0010372547324747168,0.0,0.09521863506334287,0.002071823204419889,0.008287292817679558,0.04983352237386118,0.8501381215469613,YHR024C,ess,ess
0.08959537572254335,0.01659607571959547,0.054054054054054064,0.15713118103800575,0.013152312261349173,0.08145948239287229,0.3221504632903304,0.12388629613915995,YGR237C,non_ess,non_ess
0.07514450867052022,0.020572218860748552,0.1891891891891892,0.010216591744993873,0.13,1.19,3.984552845528456,0.14,YBR230W-A,non_ess,non_ess
0.07803468208092486,0.016163886247731005,0.0,0.09215365753984472,0.01924447612259444,0.13328581610833928,0.5077581007730687,0.14397719173200285,YBR093C,non_ess,non_ess
0.008670520231213872,0.0008643789437289308,0.027027027027027032,0.046996322026971814,0.004054054054054054,0.013513513513513514,0.15558166862514688,0.5027027027027027,YDR174W,non_ess,non_ess
0.02023121387283237,0.006137090500475408,0.0,0.020228851655087855,0.02017291066282421,0.20461095100864554,0.6639795415011553,1.0,YLR232W,non_ess,non_ess
0.07803468208092486,0.01097761258535742,0.027027027027027032,0.11994278708622805,0.014908890115958034,0.07012700165654334,0.2832211272989848,0.17283268912203206,YLR353W,non_ess,non_ess
0.0838150289017341,0.033019275650445164,0.027027027027027032,0.06538618716796077,0.028712871287128718,0.3782178217821782,0.5397543898036212,0.1297029702970297,YMR316W,non_ess,non_ess
0.017341040462427744,0.00224738525369522,0.0,0.10993052717613404,0.003605769230769232,0.015625,0.0965164953580902,0.40865384615384615,YOR372C,ess,ess
0.14161849710982655,0.03457515774915723,0.027027027027027032,0.11810380057212914,0.027466367713004484,0.2242152466367713,0.4932501868460389,0.16423766816143498,YKL005C,non_ess,non_ess
0.06936416184971098,0.014780879937764715,0.0,0.08888434818144668,0.017712177121771217,0.12619926199261994,0.4473784518064961,0.18302583025830246,YBR177C,non_ess,non_ess
0.008670520231213872,0.001901633676203648,0.10810810810810813,0.00939926440539436,0.015957446808510637,0.11702127659574467,0.4830249768732655,0.6436170212765957,YLR146W-A,non_ess,non_ess
0.008670520231213872,0.0012965684155933962,0.0,0.017163874131589704,0.009933774834437088,0.049668874172185434,0.3977782525101474,0.5364238410596026,YPL102C,non_ess,non_ess
0.02023121387283237,0.003198202091797044,0.0,0.12607274213322436,0.003682272488164124,0.0194634402945818,0.06962083448143416,0.2756443976854287,YOR181W,ess,ess
0.09826589595375723,0.031722707234851766,0.08108108108108109,0.056395586432366175,0.0387243735763098,0.417995444191344,1.190415928456931,0.6036446469248291,YNL202W,non_ess,non_ess
0.031791907514450865,0.00959460627539113,0.027027027027027032,0.3058847568451165,0.002422373926447919,0.024443955075974456,0.059342962970664034,0.5126624091609777,YBL034C,ess,ess
0.023121387283237003,0.006828593655458553,0.08108108108108109,0.017572537801389457,0.025974025974025976,0.2564935064935065,0.5278793063224201,0.7727272727272727,YDR112W,non_ess,non_ess
0.026011560693641616,0.003976143141153081,0.13513513513513514,0.13526767470371884,0.004420432220039293,0.022593320235756387,0.08690446954813359,0.3212180746561886,YJL101C,non_ess,non_ess
0.01445086705202312,0.002506698936813899,0.0,0.02227217000408664,0.013262599469496022,0.07692307692307693,0.3203586042399194,0.5596816976127321,YJR063W,non_ess,non_ess
0.06358381502890173,0.012533494684069495,0.0,0.2842255823457295,0.005209566658773385,0.03433578025100638,0.1466999500092088,0.3855079327492304,YCR042C,non_ess,non_ess
0.10404624277456646,0.02895669461491918,0.10810810810810813,0.12689006947282389,0.01881860951385259,0.17511761630946154,0.6444957417576064,0.12807109252483012,YHR161C,non_ess,non_ess
0.05202312138728323,0.02333823148068113,0.054054054054054064,0.0488353085410707,0.02346805736636245,0.3520208604954368,0.7152471898234609,0.32333767926988266,YBR157C,non_ess,non_ess
0.08092485549132948,0.021436597804477483,0.0,0.25010216591744994,0.007522837184309511,0.06663084363245568,0.17687334246242914,0.1990865126276196,YNL091W,non_ess,non_ess
0.15028901734104044,0.04451551560203993,0.054054054054054064,0.5582345729464652,0.0063060878001455255,0.06245452340528741,0.19650826893387613,0.1418869755032743,YDR150W,non_ess,non_ess
0.02023121387283237,0.0014694442043391822,0.054054054054054064,0.11238250919493258,0.00411764705882353,0.01,0.09811629995509656,0.4005882352941176,YPR070W,non_ess,non_ess
0.026011560693641616,0.004926959979254904,0.054054054054054064,0.02370249284838578,0.02261306532663317,0.14321608040201006,1.2164991624790622,0.228643216080402,YML034C-A,non_ess,non_ess
0.1445086705202312,0.05506093871553289,0.40540540540540543,0.048630976706170816,0.06544502617801047,0.8337696335078534,1.2431266279039177,0.10602094240837696,YER153C,non_ess,non_ess
0.026011560693641616,0.0037168294580344026,0.054054054054054064,0.05046996322026972,0.011378002528445006,0.05436156763590392,0.5121274127751639,0.3438685208596713,YIR036C,non_ess,non_ess
0.04624277456647399,0.0112369262684761,0.1891891891891892,0.02234028061571993,0.042328042328042326,0.3439153439153439,0.750004707300081,0.1931216931216931,YJR112W-A,non_ess,non_ess
0.09248554913294796,0.060679401849770935,0.027027027027027032,0.01961585615038824,0.09467455621301776,2.0769230769230766,2.7076361210120625,0.3372781065088757,YEL074W,non_ess,non_ess
0.04335260115606936,0.02160947359322327,0.13513513513513514,0.06681651001225991,0.014548981571290009,0.2424830261881669,0.4295721521715702,0.2017458777885548,YLR375W,non_ess,non_ess
0.02023121387283237,0.0009508168381018238,0.0,0.13833265222721702,0.003363767419509851,0.0052859202306583366,0.1781966172483552,0.3498318116290245,YPL106C,non_ess,ess
0.07803468208092486,0.021436597804477483,0.054054054054054064,0.06742950551695955,0.025961538461538463,0.2384615384615385,0.8892197802197802,0.1798076923076923,YIL023C,non_ess,non_ess
0.04624277456647399,0.009767482064136915,0.2432432432432433,0.031262770739681235,0.03143418467583497,0.2220039292730845,0.8839105064070609,0.16306483300589392,YCR046C,non_ess,non_ess
0.08092485549132948,0.01970783991701961,0.027027027027027032,0.06579485083776053,0.02755905511811024,0.22440944881889768,0.6783839520059993,0.17421259842519685,YBR050C,non_ess,non_ess
0.017341040462427744,0.007779410493560376,0.0,0.032693093583980384,0.011320754716981131,0.16981132075471694,0.6371967654986522,0.4924528301886793,YOR253W,non_ess,non_ess
0.0028901734104046237,0.0002593136831186792,0.0,0.01941152431548836,0.0029850746268656717,0.008955223880597015,0.0714308890330954,1.0,YML031C-A,non_ess,non_ess
0.06647398843930635,0.015299507304002076,0.1891891891891892,0.05782590927666531,0.025583982202447158,0.1968854282536152,0.6415377355310615,0.1635150166852058,YGL254W,non_ess,non_ess
0.09826589595375723,0.02005359149451119,0.10810810810810813,0.1401716387413159,0.016129032258064516,0.11005692599620494,0.6518518518518519,0.15607210626185958,YDR221W,non_ess,non_ess
0.08092485549132948,0.0112369262684761,0.2702702702702703,0.06906416019615856,0.02631578947368421,0.12218045112781956,0.4728274173806609,0.1174812030075188,YCL034W,non_ess,non_ess
0.0028901734104046237,0.0003457515774915723,0.0,0.03780138945647732,0.001652892561983471,0.006611570247933884,0.03100052751890276,0.8760330578512396,YJR112W,ess,ess
0.03757225433526011,0.01149623995159478,0.08108108108108109,0.05087862689006948,0.01631116687578419,0.1668757841907152,0.4540912349883491,0.3450439146800502,YLR102C,non_ess,non_ess
0.04335260115606936,0.007001469444204339,0.054054054054054064,0.10093992644053944,0.0097911227154047,0.05287206266318538,0.1821916756258639,0.29699738903394257,YFR039C,non_ess,non_ess
0.06936416184971098,0.021523035698850376,0.027027027027027032,0.059460563955864326,0.02600216684723727,0.26977248104008666,0.4475209297744509,0.2383531960996749,YDL119C,non_ess,non_ess
0.017341040462427744,0.00224738525369522,0.0,0.18144666939109114,0.002210759027266028,0.009579955784819457,0.08323005292423126,0.5051584377302873,YNL313C,ess,ess
0.049132947976878616,0.012706370472815282,0.08108108108108109,0.11074785451573356,0.010143198090692123,0.08770883054892603,0.5454842047097829,0.2058472553699284,YFL055W,non_ess,non_ess
0.09826589595375723,0.04425620191892125,0.08108108108108109,0.032080098079280764,0.06525911708253357,0.982725527831094,0.8644356908656009,0.1324376199616123,YPR150W,non_ess,non_ess
0.011560693641618495,0.003111764197424151,0.0,0.022067838169186758,0.0106951871657754,0.0962566844919786,0.3659947895242013,0.42513368983957217,YLL025W,non_ess,non_ess
0.0,0.0,0.0,0.037188393951777685,0.0,0.0,0.0,1.0,YHR213W,non_ess,non_ess
0.0,0.0,0.0,0.006129955046996323,0.0,0.0,0.0,1.0,YLR154W-F,non_ess,non_ess
0.017341040462427744,0.004062581035525975,0.054054054054054064,0.01736820596648958,0.019672131147540985,0.1540983606557377,0.3592168148414616,0.26557377049180325,YLR346C,non_ess,non_ess
0.02890173410404624,0.004840522084882012,0.027027027027027032,0.06211687780956274,0.010395010395010396,0.058212058212058215,0.205848561111719,0.24844074844074845,YDL183C,non_ess,non_ess
0.008670520231213872,0.0008643789437289308,0.0,0.05414793624846752,0.0035502958579881646,0.01183431952662722,0.09272644515248066,0.685207100591716,YFR027W,ess,ess
0.08959537572254335,0.013311435733425534,0.13513513513513514,0.14282795259501432,0.014438751746623197,0.07172799254774104,0.4999417792268282,0.13227759664648348,YPL164C,non_ess,non_ess
0.011560693641618495,0.0029388884086783643,0.027027027027027032,0.017776869636289334,0.012861736334405145,0.10932475884244372,0.3453772420414197,0.9581993569131833,YDL026W,non_ess,non_ess
0.049132947976878616,0.010545423113492956,0.08108108108108109,0.10931753167143443,0.01027190332326284,0.07371601208459215,0.4557681548618105,0.2610271903323263,YGR023W,non_ess,non_ess
0.017341040462427744,0.003111764197424151,0.027027027027027032,0.08970167552104619,0.0043891733723482075,0.026335040234089245,0.349272860277981,0.30504754937820044,YDR364C,non_ess,non_ess
0.0,0.0,0.1891891891891892,0.003269309358398039,0.0,0.0,0.0,1.0,YPL152W-A,non_ess,non_ess
0.11560693641618495,0.018411271501426223,0.16216216216216214,0.2071924805884757,0.0129366106080207,0.06888745148771022,0.6610190710678964,1.0,YNL329C,non_ess,non_ess
0.06936416184971098,0.0312040798686144,0.1891891891891892,0.011238250919493258,0.11162790697674416,1.6790697674418604,2.699292214357937,0.17209302325581394,YGR121W-A,non_ess,non_ess
0.09826589595375723,0.024548362001901632,0.13513513513513514,0.038618716796076834,0.055105348460291734,0.460291734197731,1.4453345681870804,0.22204213938411668,YKL147C,non_ess,non_ess
0.07803468208092486,0.01927565044515516,0.054054054054054064,0.1491622394769105,0.012053571428571427,0.09955357142857142,0.20896835219236207,0.13258928571428572,YJL099W,non_ess,non_ess
0.0,0.0,0.0,0.03821005312627708,0.0,0.0,0.0,1.0,YHR214W,non_ess,non_ess
0.02890173410404624,0.0087302273316622,0.13513513513513514,0.027380465876583573,0.02212389380530973,0.2234513274336283,0.9670470423847228,0.25221238938053103,YDL110C,non_ess,non_ess
0.13583815028901733,0.05255423977871899,0.2972972972972973,0.02513281569268493,0.11217183770883056,1.4510739856801909,3.768398506823328,0.1288782816229117,YLR112W,non_ess,non_ess
0.03468208092485549,0.03509378511539458,0.0,0.02615447486718431,0.027649769585253458,0.9354838709677421,1.1317409505048015,1.0,YHR056W-A,non_ess,non_ess
0.023121387283237003,0.0029388884086783643,0.0,0.16571311810380054,0.0032219089810712853,0.01369311316955296,0.0775996778091019,0.2513089005235602,YNL216W,ess,ess
0.09826589595375723,0.0662114270896361,0.32432432432432434,0.06272987331426237,0.035015447991761074,0.7888774459320288,0.7756091708077951,0.33470648815653964,YGR007W,non_ess,non_ess
0.05491329479768786,0.01045898521912006,0.0,0.17225173682059666,0.007367196587824737,0.0469174098487786,0.2197346460542509,0.20201628538193087,YML061C,non_ess,non_ess
0.0722543352601156,0.03310571354481805,0.40540540540540543,0.07029015120555783,0.023105360443622918,0.3539741219963031,1.1556437190989286,0.2412199630314233,YCL064C,non_ess,non_ess
0.05202312138728323,0.01322499783905264,0.0,0.06763383735185942,0.01725790987535954,0.14669223394055608,0.5551926501111545,0.2348993288590604,YGL157W,non_ess,non_ess
0.0057803468208092465,0.00224738525369522,0.0,0.020841847159787496,0.005617977528089888,0.07303370786516854,0.2266281226137231,0.4494382022471911,YHR145C,non_ess,non_ess
0.02890173410404624,0.0047540841905091185,0.2432432432432433,0.07192480588475685,0.009041591320072331,0.04972875226039783,0.4714098646879093,0.23508137432188064,YIR025W,non_ess,non_ess
0.05491329479768786,0.02273316622007088,0.027027027027027032,0.03677973028197794,0.03220338983050846,0.4457627118644068,0.8609670987038883,0.1847457627118644,YDR066C,non_ess,non_ess
0.02890173410404624,0.011582677845967672,0.0,0.028606456885982838,0.02127659574468085,0.2851063829787234,0.7753279682504685,0.5702127659574469,YOR013W,non_ess,non_ess
0.0028901734104046237,8.643789437289306e-05,0.0,0.04903964037597058,0.001298701298701299,0.001298701298701299,0.046073833573833566,0.9012987012987012,YEL051W,non_ess,ess
0.023121387283237003,0.0087302273316622,0.0,0.02881078872088272,0.016913319238900642,0.2135306553911205,0.3749435826781006,0.6807610993657506,YGR275W,non_ess,non_ess
0.0028901734104046237,0.001901633676203648,0.054054054054054064,0.01838986514098897,0.003125,0.06875,0.18196721311475408,0.76875,YAR047C,non_ess,non_ess
0.03757225433526011,0.0067421557610856594,0.027027027027027032,0.07362757117558916,0.011494252873563218,0.06896551724137931,0.3903940886699507,0.3519009725906277,YDL115C,non_ess,non_ess
0.06936416184971098,0.015385945198374969,0.027027027027027032,0.1375153248876175,0.011599806669888834,0.0860318994683422,0.5926901218313028,0.14499758337361046,YBR043C,non_ess,non_ess
0.011560693641618495,0.004667646296136226,0.027027027027027032,0.10155292194523907,0.0025957170668397143,0.035042180402336136,0.14712524334847502,0.4127190136275146,YPL122C,ess,non_ess
0.06647398843930635,0.014435128360273143,0.0,0.2272170004086637,0.006792675723567632,0.04932073242764324,0.18263118404878595,0.2720023626698169,YPL115C,non_ess,non_ess
0.09248554913294796,0.06439623130780532,0.054054054054054064,0.02063751532488762,0.0906515580736544,2.1104815864022664,2.4206713022577047,0.13031161473087818,YIL163C,non_ess,non_ess
0.031791907514450865,0.009940357852882704,0.0,0.1765427053534941,0.004163512490537472,0.04352763058289175,0.11234466568568248,0.4277062831188493,YNL112W,ess,ess
0.06358381502890173,0.013830063099662893,0.027027027027027032,0.27421332243563545,0.005397448478900882,0.03925417075564279,0.15025387208260446,0.2946516192345437,YDR227W,non_ess,non_ess
0.08959537572254335,0.015645258881493648,0.0,0.1536575398447078,0.013443191673894187,0.0784908933217693,0.3002689367160568,0.12922810060711187,YDR119W,non_ess,non_ess
0.02023121387283237,0.005186273662373585,0.027027027027027032,0.1223947691050266,0.003789929615592853,0.03248511099079589,0.15288305360043314,0.4114780725500812,YKR019C,non_ess,non_ess
0.04335260115606936,0.0087302273316622,0.027027027027027032,0.0190028606456886,0.04559270516717325,0.3069908814589666,0.6671285535490792,1.0,YPR146C,non_ess,non_ess
0.01445086705202312,0.0008643789437289308,0.0,0.11279117286473235,0.0029308323563892145,0.005861664712778429,0.05570712991580518,0.9525205158264948,YKR002W,ess,ess
0.08092485549132948,0.01918921255078226,0.08108108108108109,0.14732325296281162,0.012652507907817443,0.10031631269769543,0.38913650741486255,0.13646633529145955,YPL029W,non_ess,non_ess
0.05491329479768786,0.014521566254646038,0.027027027027027032,0.020433183489987745,0.054285714285714284,0.48,1.7076600985221675,0.62,YLR280C,non_ess,non_ess
0.026011560693641616,0.0029388884086783643,0.0,0.1636697997548018,0.003668976763147167,0.013860578883000407,0.18086696562032886,0.2645739910313901,YLR222C,ess,ess
0.03468208092485549,0.003889705246780188,0.027027027027027032,0.12832039231712306,0.0062047569803516025,0.02326783867631851,0.17262317011849754,0.4270941054808687,YEL030W,non_ess,non_ess
0.0722543352601156,0.013397873627798429,0.027027027027027032,0.2141397629750716,0.007827175954915467,0.04852849092047589,0.2267899463392596,0.16030056355666875,YDR122W,non_ess,non_ess
0.01445086705202312,0.0017287578874578616,0.16216216216216214,0.06620351450756028,0.004892367906066536,0.019569471624266144,0.2074034169616746,0.3561643835616438,YLR151C,non_ess,non_ess
0.04046242774566474,0.0035439536692886157,0.21621621621621626,0.03923171230077646,0.022364217252396158,0.06549520766773162,0.55634819904591,0.22364217252396165,YBL057C,non_ess,non_ess
0.10404624277456646,0.03431584406603855,0.21621621621621626,0.07315079689415611,0.03202846975088968,0.35320284697508897,0.6316864991103204,1.0,YPL001W,non_ess,non_ess
0.01445086705202312,0.0018151957818307548,0.054054054054054064,0.038618716796076834,0.008103727714748784,0.034035656401944885,0.2522544986078211,0.346839546191248,YDR056C,non_ess,non_ess
0.031791907514450865,0.003025326303051257,0.054054054054054064,0.12014711892112792,0.006063947078280044,0.019294377067254686,0.20189049492732367,0.5992282249173098,YDR200C,non_ess,non_ess
0.0028901734104046237,8.643789437289306e-05,0.40540540540540543,0.014916223947691053,0.0037174721189591076,0.0037174721189591076,0.3077810537110627,0.7026022304832714,YDR363W-A,non_ess,non_ess
0.0838150289017341,0.022646728325697984,0.0,0.15345320800980794,0.012592270950933564,0.11376465479808945,0.33179634569126537,0.1984368215371255,YNL224C,non_ess,non_ess
0.0028901734104046237,0.0009508168381018238,0.054054054054054064,0.0069472823865958325,0.006578947368421052,0.07236842105263158,0.21875522138680034,0.5328947368421053,YKL162C-A,non_ess,non_ess
0.01445086705202312,0.0036303915636615096,0.054054054054054064,0.023906824683285657,0.012468827930174564,0.10473815461346632,0.4023914572543002,0.5860349127182045,YLR110C,non_ess,non_ess
0.09826589595375723,0.04226813034834472,0.3783783783783784,0.03882304863097672,0.05483870967741936,0.7887096774193548,0.7264048305499647,0.9129032258064516,YPR151C,non_ess,non_ess
0.11560693641618495,0.02074509464949434,0.027027027027027032,0.2686963628933388,0.010012515644555695,0.060075093867334166,0.1901220456206096,0.1669586983729662,YCR073C,non_ess,non_ess
0.017341040462427744,0.0028524505143054713,0.027027027027027032,0.03780138945647732,0.009917355371900829,0.054545454545454536,0.2777525098452493,0.3256198347107438,YOL029C,non_ess,non_ess
0.026011560693641616,0.013916500994035784,0.0,0.08459337964854925,0.00696594427244582,0.12461300309597526,0.17568654255960756,0.5936532507739938,YDR192C,non_ess,non_ess
0.0057803468208092465,0.0045812084017633325,0.08108108108108109,0.04045770331017573,0.003105590062111801,0.08229813664596274,0.1295425688891939,0.8555900621118012,YHR147C,non_ess,non_ess
0.01445086705202312,0.001210130521220503,0.027027027027027032,0.06354720065386188,0.00508646998982706,0.014242115971515769,0.07680280680662166,0.7700915564598169,YIL063C,ess,non_ess
0.09826589595375723,0.02005359149451119,0.4594594594594595,0.05087862689006948,0.04265997490589712,0.2910915934755333,0.6904985624342406,1.0,YIR016W,non_ess,non_ess
0.04335260115606936,0.007779410493560376,0.21621621621621626,0.026563138536984058,0.03409090909090909,0.20454545454545456,1.3025078369905956,0.2136363636363636,YNL328C,non_ess,non_ess
0.01445086705202312,0.0050998357680006896,0.027027027027027032,0.034940743767879034,0.008880994671403197,0.10479573712255773,0.2893622715881165,0.4618117229129662,YPL021W,non_ess,non_ess
0.026011560693641616,0.0029388884086783643,0.0,0.12811606048222313,0.004660797514241326,0.017607457276022784,0.10301557582759034,0.2843086483687209,YDR398W,ess,ess
0.017341040462427744,0.00950816838101824,0.027027027027027032,0.11340416836943196,0.003498542274052478,0.0641399416909621,0.1070392153558368,0.7440233236151603,YKL088W,ess,non_ess
0.05780346820809248,0.01236061889532371,0.027027027027027032,0.12382509194932573,0.010706638115631693,0.07655246252676659,0.3835625510496921,0.18683083511777301,YMR278W,non_ess,non_ess
0.05780346820809248,0.009248854697899558,0.10810810810810813,0.06232120964446261,0.02072538860103627,0.11088082901554404,0.8028929188255612,0.1803108808290156,YLR257W,non_ess,non_ess
0.10982658959537572,0.04555277033451465,0.0,0.07355946056395588,0.0336283185840708,0.4663716814159292,1.1020990979436536,0.2628318584070796,YBL029W,non_ess,non_ess
0.03757225433526011,0.007433658916068805,0.0,0.11115651818553332,0.0077288941736028535,0.05112960760998811,0.4036673626260451,0.2372175980975029,YGR166W,non_ess,non_ess
0.0953757225433526,0.024029734635664275,0.4324324324324325,0.04720065386187168,0.04441453566621804,0.37415881561238223,0.7869749931747317,0.10497981157469716,YJR113C,non_ess,non_ess
0.023121387283237003,0.0033710778805428297,0.08108108108108109,0.0488353085410707,0.010430247718383313,0.05084745762711865,0.3266081806731045,0.6284224250325945,YAL014C,non_ess,non_ess
0.049132947976878616,0.005791338922983836,0.027027027027027032,0.17143440948099714,0.006622516556291391,0.026100506427736658,0.17391464311994115,0.15426567978184652,YBR179C,non_ess,non_ess
0.017341040462427744,0.0006915031549831446,0.08108108108108109,0.06252554147936247,0.006198347107438018,0.008264462809917356,0.2894600303895045,0.2696280991735537,YNL284C,non_ess,non_ess
0.0,0.0,0.0,0.029423784225582342,0.0,0.0,0.0,1.0,YFL068W,non_ess,non_ess
0.02890173410404624,0.005359149451119371,0.027027027027027032,0.07110747854515734,0.009140767824497258,0.056672760511883,0.3847796207582167,0.16087751371115175,YIR026C,non_ess,non_ess
0.04046242774566474,0.006569279972339874,0.10810810810810813,0.045565999182672665,0.01947148817802504,0.10570236439499303,0.6134445989800649,0.3783031988873435,YJR135C,non_ess,non_ess
0.008670520231213872,0.0003457515774915723,0.054054054054054064,0.03780138945647732,0.004958677685950414,0.006611570247933884,0.15840721262208865,0.7090909090909091,YMR263W,non_ess,non_ess
0.017341040462427744,0.003198202091797044,0.0,0.030241111565181864,0.012145748987854251,0.07489878542510121,0.3459649122807017,0.3340080971659919,YHR095W,non_ess,non_ess
0.01445086705202312,0.0026795747255596854,0.027027027027027032,0.004699632202697182,0.04201680672268908,0.2605042016806723,1.2227602905569008,1.0,YBR223W-A,non_ess,non_ess
0.0028901734104046237,0.0003457515774915723,0.054054054054054064,0.014507560277891298,0.0038022813688212928,0.015209125475285171,0.13579838724490734,0.7794676806083649,YGL032C,non_ess,non_ess
0.017341040462427744,0.011064050479730312,0.10810810810810813,0.01838986514098897,0.01875,0.4,0.4275528169014085,0.4625,YBL070C,non_ess,non_ess
0.0057803468208092465,0.0003457515774915723,0.0,0.05006129955046997,0.0025477707006369425,0.005095541401273885,0.07738084248746115,0.4535031847133758,YER126C,ess,ess
0.06647398843930635,0.010631861007865848,0.054054054054054064,0.09460563955864323,0.015983321751216122,0.08547602501737317,0.27078439701196383,0.1487143849895761,YGR255C,non_ess,non_ess
0.008670520231213872,0.0020745094649494327,0.0,0.03923171230077646,0.004792332268370607,0.038338658146964855,0.10620322919570298,0.4984025559105431,YPL178W,non_ess,non_ess
0.08670520231213873,0.02342466937505401,0.08108108108108109,0.1409889660809154,0.014150943396226415,0.12783018867924528,0.20780095914866809,0.1400943396226415,YMR006C,non_ess,non_ess
0.017341040462427744,0.003457515774915723,0.16216216216216214,0.14997956681651006,0.002664298401420959,0.01776198934280639,0.0699983852736961,0.5319715808170515,YOR208W,non_ess,non_ess
0.05491329479768786,0.01184199152908635,0.0,0.2987331426236208,0.004283137962128043,0.030883678990081164,0.12202572643123975,0.29598737601442743,YJL095W,non_ess,non_ess
0.05202312138728323,0.013052122050306857,0.13513513513513514,0.1448712709440131,0.008268259072117593,0.06936150666054203,0.29218659878911796,0.5002296738631143,YKR018C,non_ess,non_ess
0.0722543352601156,0.013397873627798429,0.16216216216216214,0.052717613404168376,0.03033980582524272,0.18810679611650485,1.1223795683631193,0.17354368932038836,YBR213W,non_ess,non_ess
0.0028901734104046237,8.643789437289306e-05,0.10810810810810813,0.0696771557008582,0.0009319664492078283,0.0009319664492078283,0.024717081613633337,0.9040074557315936,YCR044C,non_ess,non_ess
0.031791907514450865,0.006915031549831446,0.13513513513513514,0.04270535349407438,0.01624815361890694,0.11816838995568685,0.560869809098218,0.3116691285081241,YER170W,non_ess,non_ess
0.023121387283237003,0.009940357852882704,0.0,0.020024519820187988,0.02325581395348837,0.3343023255813953,0.5351421188630491,0.8430232558139535,YPL205C,non_ess,non_ess
0.0028901734104046237,8.643789437289306e-05,0.027027027027027032,0.07887208827135267,0.0008278145695364237,0.0008278145695364237,0.029307980466920864,0.7947019867549668,YDL105W,ess,ess
0.12716763005780346,0.08911746909845276,0.027027027027027032,0.04515733551287291,0.06171107994389901,1.4460028050490883,2.43873045556075,0.13043478260869565,YNR057C,non_ess,non_ess
0.03757225433526011,0.005359149451119371,0.0,0.051287290559869234,0.0161892901618929,0.07721046077210461,0.34550178211019017,0.17683686176836866,YAL037W,non_ess,non_ess
0.06358381502890173,0.01037254732474717,0.0,0.2523498161013486,0.005858854860186418,0.03195739014647137,0.15769450256800455,0.12969374167776299,YML081W,non_ess,non_ess
0.017341040462427744,0.003284639986169937,0.027027027027027032,0.03044544340008173,0.012072434607645876,0.07645875251509053,0.3310316444119261,0.4748490945674044,YPL034W,non_ess,non_ess
0.01445086705202312,0.0042354568242717605,0.08108108108108109,0.037188393951777685,0.008389261744966443,0.08221476510067115,0.33843680089485456,0.3674496644295302,YHR153C,non_ess,non_ess
0.05202312138728323,0.021782349381969053,0.13513513513513514,0.0696771557008582,0.016775396085740912,0.2348555452003728,0.3380152762899112,0.15750232991612306,YKL098W,non_ess,non_ess
0.06647398843930635,0.012014867317832138,0.027027027027027032,0.1340416836943196,0.011397423191278492,0.0688800792864222,0.4216320630251305,0.2200198216055501,YBR212W,non_ess,non_ess
0.04335260115606936,0.007347221021695911,0.0,0.2932161830813241,0.003444316877152698,0.01951779563719861,0.14495135657743669,0.2934557979334099,YGR116W,ess,ess
0.049132947976878616,0.008470913648543521,0.10810810810810813,0.14078463424601553,0.00803023145961266,0.04629192253188474,0.15304676428908834,0.3764761454888994,YMR186W,non_ess,non_ess
0.0,0.0,0.0,0.007764609726195342,0.0,0.0,0.0,1.0,YLR154W-B,non_ess,non_ess
0.0,0.0,0.0,0.006742950551695957,0.0,0.0,0.0,1.0,YMR013C-A,non_ess,non_ess
0.02890173410404624,0.0112369262684761,0.0,0.11606048222313035,0.005701254275940707,0.07411630558722919,0.15224460492419445,0.23717217787913344,YNL076W,non_ess,non_ess
0.11560693641618495,0.04200881666522603,0.10810810810810813,0.12729873314262366,0.020844189682126108,0.2532569046378322,0.4211635892426545,0.1099531005732152,YBL042C,non_ess,non_ess
0.008670520231213872,0.0003457515774915723,0.027027027027027032,0.035349407437678795,0.005272407732864675,0.007029876977152899,0.12546331387068024,0.7803163444639719,YNL140C,non_ess,non_ess
0.0057803468208092465,0.0007779410493560378,0.21621621621621626,0.032897425418880265,0.00375234521575985,0.016885553470919325,0.06498608610247178,0.7185741088180112,YBR122C,non_ess,non_ess
0.09248554913294796,0.015126631515256287,0.0,0.2180220678381692,0.009843125192248541,0.0538295908951092,0.3182029763476453,0.2556136573362042,YPR115W,non_ess,non_ess
0.026011560693641616,0.010804736796611637,0.0,0.14609726195341236,0.004100227790432802,0.05694760820045557,0.1910223770601635,0.4519362186788155,YHR072W,ess,ess
0.008670520231213872,0.004667646296136226,0.0,0.023293829178586026,0.007653061224489796,0.1377551020408163,0.16564625850340134,0.4974489795918368,YKL115C,non_ess,non_ess
0.08959537572254335,0.047108652433226726,0.08108108108108109,0.023498161013485903,0.07848101265822785,1.379746835443038,2.304699837072316,1.0,YNL269W,non_ess,non_ess
0.049132947976878616,0.02048578096637566,0.054054054054054064,0.010829587249693505,0.08133971291866028,1.1339712918660287,2.2386680988184744,1.0,YOR186C-A,non_ess,non_ess
0.008670520231213872,0.004321894718644654,0.027027027027027032,0.029628116060482226,0.006185567010309278,0.10309278350515463,0.1954565096610902,0.4474226804123712,YGL214W,non_ess,non_ess
0.03468208092485549,0.0037168294580344026,0.027027027027027032,0.1040049039640376,0.007609384908053266,0.027266962587190868,0.18932308180088767,0.20735573874445148,YBL054W,non_ess,non_ess
0.0057803468208092465,0.0010372547324747168,0.027027027027027032,0.08030241111565183,0.0016273393002441008,0.009764035801464606,0.03913514025926833,0.9161920260374288,YNL152W,ess,ess
0.008670520231213872,0.0020745094649494327,0.0,0.02343005040185261,0.007614213197969543,0.06091370558375635,0.13061780363996536,0.9390862944162436,YCL005W-A,non_ess,non_ess
0.01445086705202312,0.01037254732474717,0.08108108108108109,0.002656313853698407,0.05617977528089888,1.348314606741573,1.242603550295858,0.8202247191011236,YNL103W-A,non_ess,non_ess
0.03757225433526011,0.005532025239865157,0.13513513513513514,0.046996322026971814,0.01756756756756757,0.08648648648648649,0.6426195426195427,0.4594594594594595,YHR043C,non_ess,non_ess
0.04335260115606936,0.012706370472815282,0.13513513513513514,0.027584797711483453,0.03296703296703297,0.3230769230769231,1.1111829347123463,1.0,YHR116W,non_ess,non_ess
0.011560693641618495,0.0037168294580344026,0.13513513513513514,0.02833401443944967,0.008583690987124462,0.092274678111588,0.2737745651682855,0.4978540772532189,YAL030W,non_ess,non_ess
0.0028901734104046237,0.0002593136831186792,0.054054054054054064,0.13731099305271766,0.00048402710551790896,0.001452081316553727,0.012715522880092095,0.6650532429816071,YHR020W,ess,ess
0.10404624277456646,0.01832483360705333,0.2432432432432433,0.21965672251736826,0.01099236641221374,0.06473282442748092,0.2271216883700045,0.11908396946564885,YJR091C,non_ess,non_ess
0.10693641618497107,0.019362088339528048,0.08108108108108109,0.1303637106661218,0.01883910386965377,0.11405295315682284,0.4818269020948501,0.10183299389002036,YJL209W,non_ess,non_ess
0.02890173410404624,0.006309966289221194,0.0,0.015937883122190438,0.035211267605633804,0.25704225352112675,0.5818332454620773,0.3028169014084507,YIL058W,non_ess,non_ess
0.04624277456647399,0.01573169677586654,0.3783783783783784,0.07335512872905599,0.014196983141082519,0.16149068322981364,0.3506460356626272,0.28748890860692106,YOL128C,non_ess,non_ess
0.04624277456647399,0.014002938888408678,0.13513513513513514,0.030854107069881488,0.03180914512922465,0.3220675944333996,0.9093673254590106,0.30417495029821073,YJL065C,non_ess,non_ess
0.15606936416184972,0.0498746650531593,0.2972972972972973,0.1791990192071925,0.02014173815740396,0.21521820216337187,0.4791890646598064,0.1051846325997762,YLR092W,non_ess,non_ess
0.026011560693641616,0.006396404183594088,0.054054054054054064,0.06252554147936247,0.009297520661157023,0.07644628099173552,0.35663242095685793,0.2458677685950413,YLR220W,non_ess,non_ess
0.04624277456647399,0.006915031549831446,0.08108108108108109,0.15774417654270534,0.006762468300929839,0.0338123415046492,0.11252253191136223,0.17159763313609466,YGR200C,non_ess,non_ess
0.07514450867052022,0.018411271501426223,0.13513513513513514,0.11381283203923173,0.015107495642068562,0.12376525276002324,0.4364720028074859,0.17780360255665312,YNL270C,non_ess,non_ess
0.05780346820809248,0.016077448353358108,0.35135135135135137,0.1871679607682877,0.0071479628305932815,0.06647605432451753,0.19949314445383065,0.27448177269478197,YPL195W,non_ess,non_ess
0.06936416184971098,0.012014867317832138,0.054054054054054064,0.06211687780956274,0.02494802494802495,0.1444906444906445,0.8946238037147128,1.0,YKR080W,non_ess,non_ess
0.06069364161849713,0.013311435733425534,0.0,0.09542296689824276,0.014472777394900068,0.10613370089593384,0.5281598897312199,0.15299793246037216,YPL091W,non_ess,non_ess
0.0953757225433526,0.025672054628749243,0.10810810810810813,0.02063751532488762,0.09348441926345608,0.8413597733711048,4.670758577274158,0.2322946175637393,YLR255C,non_ess,non_ess
0.03468208092485549,0.010199671536001384,0.054054054054054064,0.1121781773600327,0.007071302298173247,0.0695344725987036,0.2798371955982514,0.21154979375368296,YOR386W,non_ess,non_ess
0.0028901734104046237,8.643789437289306e-05,0.0,0.01982018798528811,0.0029325513196480947,0.0029325513196480947,0.11116790874115527,0.6686217008797654,YPL098C,non_ess,non_ess
0.01445086705202312,0.002333823148068113,0.0,0.07989374744585206,0.004088307440719542,0.022076860179885527,0.11451564315531265,0.5306623058053965,YNL181W,ess,ess
0.09826589595375723,0.028783818826173393,0.054054054054054064,0.16162648140580305,0.0140321914981428,0.13743293437886914,0.42151602696381896,0.1200990507635163,YBR276C,non_ess,non_ess
0.14739884393063582,0.038205549312818735,0.08108108108108109,0.13690232938291788,0.02475728155339806,0.2145631067961165,0.5032911615272398,0.09854368932038833,YOL011W,non_ess,non_ess
0.017341040462427744,0.0029388884086783643,0.027027027027027032,0.08479771148344913,0.004633204633204633,0.026254826254826256,0.13264864864864864,0.3768339768339769,YHR169W,non_ess,non_ess
0.0028901734104046237,0.0004321894718644654,0.0,0.05537392725786678,0.0011587485515643105,0.005793742757821553,0.025560322779326256,0.5955967555040557,YGR132C,non_ess,ess
0.0953757225433526,0.055233814504278674,0.054054054054054064,0.017163874131589704,0.10927152317880796,2.115894039735099,2.937544032689869,0.26158940397350994,YJL150W,non_ess,non_ess
0.02890173410404624,0.002333823148068113,0.0,0.2470371883939518,0.0027196083763937995,0.007342942616263258,0.10391094286449598,0.4422083220016317,YFL008W,ess,ess
0.023121387283237003,0.004321894718644654,0.0,0.1040049039640376,0.005072923272035511,0.03170577045022194,0.11929123065463415,0.33100824350031705,YGR227W,non_ess,non_ess
0.01445086705202312,0.0013830063099662892,0.0,0.043931344503473635,0.007194244604316547,0.02302158273381295,0.3559334350701257,0.5237410071942447,YHR122W,ess,non_ess
0.03468208092485549,0.012792808367188177,0.0,0.011033919084593379,0.05660377358490566,0.6981132075471698,2.7318059299191373,0.3443396226415094,YPR108W-A,non_ess,non_ess
0.05780346820809248,0.009248854697899558,0.13513513513513514,0.10931753167143443,0.012084592145015106,0.06465256797583081,0.8751510574018126,0.2743202416918429,YPL258C,non_ess,non_ess
0.06069364161849713,0.012706370472815282,0.0,0.10114425827543932,0.013680781758957657,0.0957654723127036,0.3736268673480849,0.2762214983713355,YER078C,non_ess,non_ess
0.01445086705202312,0.00786584838793327,0.0,0.010216591744993873,0.025,0.455,0.5137573964497042,0.455,YBR056W-A,non_ess,non_ess
0.08959537572254335,0.016509637825222582,0.054054054054054064,0.13445034736411934,0.015316205533596838,0.09436758893280632,0.664307965431768,0.141798418972332,YFL042C,non_ess,non_ess
0.026011560693641616,0.0050998357680006896,0.08108108108108109,0.07703310175725378,0.007620660457239628,0.04995766299745978,0.30537636285866426,0.3056731583403895,YHR208W,non_ess,non_ess
0.03468208092485549,0.005272711556746477,0.2702702702702703,0.03044544340008173,0.02414486921529175,0.1227364185110664,0.6001224739742804,0.2334004024144869,YPL135W,non_ess,non_ess
0.0028901734104046237,0.00112369262684761,0.0,0.21005312627707395,0.0003190810465858328,0.004148053605615825,0.006913919687002368,0.9901084875558392,YLR249W,ess,ess
0.3670520231213872,0.19171924971907686,0.13513513513513514,0.07090314671025746,0.11640696608615947,2.0329972502291485,2.460778334873156,0.10999083409715857,YFR018C,non_ess,non_ess
0.0057803468208092465,0.002333823148068113,0.0,0.010829587249693505,0.009569377990430622,0.1291866028708134,0.19867044925265687,0.9712918660287081,YOR329W-A,non_ess,non_ess
0.031791907514450865,0.007952286282306162,0.0,0.07110747854515734,0.010054844606946984,0.08409506398537478,0.1728228352999834,0.4149908592321755,YBR065C,non_ess,non_ess
0.0,0.0,0.0,0.006742950551695957,0.0,0.0,0.0,1.0,YKL096C-B,non_ess,non_ess
0.0028901734104046237,0.0002593136831186792,0.10810810810810813,0.029628116060482226,0.002061855670103093,0.006185567010309278,0.04948453608247423,0.8948453608247423,YPL073C,non_ess,non_ess
0.02023121387283237,0.008038724176679056,0.13513513513513514,0.01818553330608909,0.0220820189274448,0.29337539432176657,0.5087970340498879,0.5299684542586751,YJR085C,non_ess,non_ess
0.13005780346820808,0.026795747255596854,0.027027027027027032,0.2486718430731508,0.012158875979465009,0.08376114563631451,0.2387967480966988,1.0,YFR016C,non_ess,non_ess
0.02890173410404624,0.009681044169764024,0.027027027027027032,0.08316305680425011,0.007867820613690008,0.08811959087332809,0.2052189876737477,0.3099921321793863,YOR266W,non_ess,non_ess
0.023121387283237003,0.0016423199930849686,0.027027027027027032,0.24948917041275034,0.0021545919741448962,0.005117155938594129,0.054414009072522085,0.7341772151898734,YGR090W,ess,ess
0.03468208092485549,0.00449477050739044,0.10810810810810813,0.029628116060482226,0.024742268041237112,0.10721649484536082,0.5381276572095478,0.3319587628865979,YER067W,non_ess,non_ess
0.04046242774566474,0.010286109430374276,0.054054054054054064,0.026563138536984058,0.031818181818181815,0.27045454545454545,0.5356484848484848,0.2659090909090909,YNR004W,non_ess,non_ess
0.04624277456647399,0.0067421557610856594,0.0,0.1773600326930936,0.006028636021100226,0.0293896006028636,0.3811437662228921,0.2584777694046722,YDR206W,non_ess,non_ess
0.0,0.0,0.0,0.03964037597057622,0.0,0.0,0.0,1.0,YCL067C,non_ess,non_ess
0.03468208092485549,0.003889705246780188,0.0,0.01736820596648958,0.03934426229508197,0.14754098360655735,0.8731004989308625,0.4819672131147541,YGL149W,non_ess,non_ess
0.11560693641618495,0.02472123779064742,0.13513513513513514,0.22374335921536576,0.01199400299850075,0.08575712143928035,0.2597759943557633,0.12743628185907047,YBL063W,non_ess,non_ess
0.03757225433526011,0.00561846313423805,0.0,0.25561912545974663,0.003418353931107021,0.0170917696555351,0.17730853216568154,0.22219300552195634,YMR128W,ess,ess
0.6213872832369942,0.28610943037427605,0.08108108108108109,0.3054760931753167,0.0474090407938258,0.7298787210584344,1.0865691495297485,0.03770672546857773,YOR153W,non_ess,non_ess
0.08959537572254335,0.02195522517071484,0.10810810810810813,0.10012259910093993,0.020394736842105264,0.16710526315789473,0.6008728244915077,1.0,YDR030C,non_ess,non_ess
0.0,0.0,0.0,0.14241928892521455,0.0,0.0,0.0,1.0,YJL061W,ess,non_ess
0.05202312138728323,0.017114703085832832,0.13513513513513514,0.0443400081732734,0.025677603423680456,0.28245363766048504,0.6578585998640126,0.16547788873038516,YHR008C,non_ess,non_ess
0.03757225433526011,0.007174345232950125,0.0,0.15999182672660406,0.0054189245518966225,0.03459774906210921,0.1224247119019138,0.4260108378491038,YPL180W,non_ess,non_ess
0.008670520231213872,0.0018151957818307548,0.027027027027027032,0.03473641193297916,0.005357142857142857,0.0375,0.14262218045112782,0.4071428571428571,YBR217W,non_ess,non_ess
0.023121387283237003,0.00786584838793327,0.10810810810810813,0.0551695954229669,0.009302325581395349,0.1058139534883721,0.2712048274459285,0.386046511627907,YGR034W,non_ess,non_ess
0.017341040462427744,0.00224738525369522,0.0,0.11074785451573356,0.0035799522673031032,0.015513126491646776,0.0922980246788199,0.3818615751789976,YMR296C,ess,ess
0.026011560693641616,0.007087907338577231,0.10810810810810813,0.03909549107750989,0.014423076923076926,0.13141025641025642,0.2647920645945477,0.4326923076923077,YBR062C,non_ess,non_ess
0.049132947976878616,0.022906042008816664,0.35135135135135137,0.026358806702084188,0.03890160183066362,0.6064073226544623,0.6472110380519267,0.2265446224256293,YER035W,non_ess,non_ess
0.031791907514450865,0.005791338922983836,0.0,0.06926849203105845,0.010309278350515464,0.06279287722586692,0.3754892772479188,0.2858481724461106,YKR100C,non_ess,non_ess
0.05780346820809248,0.017114703085832832,0.0,0.09276665304454433,0.0141643059490085,0.14022662889518414,0.4685403309974653,0.2252124645892352,YMR027W,non_ess,non_ess
0.05491329479768786,0.03232777249546201,0.10810810810810813,0.08459337964854925,0.014705882352941175,0.2894736842105263,0.5926766679826293,0.13622291021671826,YER101C,non_ess,non_ess
0.05202312138728323,0.012101305212205031,0.10810810810810813,0.07928075194115244,0.014827018121911038,0.11532125205930807,0.4373970345963756,0.17380560131795714,YLR107W,non_ess,non_ess
0.06936416184971098,0.031117641974241505,0.1891891891891892,0.07069881487535759,0.02205882352941177,0.3308823529411765,0.5740115718418516,0.2711397058823529,YBR105C,non_ess,non_ess
0.008670520231213872,0.0006915031549831446,0.0,0.10829587249693504,0.001829268292682927,0.004878048780487805,0.03543387425906132,0.4121951219512195,YPR033C,ess,ess
0.0057803468208092465,0.0003457515774915723,0.0,0.031467102574581116,0.00390625,0.0078125,0.12014995805369127,0.552734375,YER084W-A,non_ess,non_ess
0.04335260115606936,0.01184199152908635,0.054054054054054064,0.0551695954229669,0.017441860465116282,0.15930232558139534,0.4561276009791922,0.20813953488372086,YDL201W,non_ess,non_ess
0.017341040462427744,0.002420261042441006,0.10810810810810813,0.1501838986514099,0.0026607538802660754,0.012416851441241685,0.11715993444519425,0.5920177383592018,YKR029C,non_ess,non_ess
0.02890173410404624,0.006915031549831446,0.0,0.085002043318349,0.007704160246533128,0.061633281972265024,0.13013729260766513,0.2642526964560863,YMR085W,non_ess,non_ess
0.01445086705202312,0.0018151957818307548,0.0,0.09705762157744176,0.003389830508474576,0.014237288135593218,0.09278784336645236,0.3084745762711865,YDR182W,ess,ess
0.09826589595375723,0.019102774656409367,0.10810810810810813,0.1626481405803024,0.01394585726004922,0.09064807219031994,0.2884003281378179,0.12387202625102545,YLR095C,non_ess,non_ess
0.06358381502890173,0.0312040798686144,0.40540540540540543,0.008377605230894975,0.12716763005780346,2.0867052023121397,2.9065347310669147,0.2138728323699422,YML100W-A,non_ess,non_ess
0.17630057803468208,0.14158527098279886,0.3783783783783784,0.12566407846342462,0.032189973614775734,0.8643799472295515,0.636631116826678,0.07862796833773088,YCR061W,non_ess,non_ess
0.02023121387283237,0.0033710778805428297,0.0,0.15181855333060892,0.00307152259763054,0.017112768758227294,0.08985505090695442,0.45941202281702503,YNL272C,ess,ess
0.04624277456647399,0.016682513613968362,0.13513513513513514,0.01818553330608909,0.050473186119873815,0.6088328075709779,1.0433599307230779,0.2429022082018928,YJL135W,non_ess,non_ess
0.0,0.0,0.0,0.029423784225582342,0.0,0.0,0.0,1.0,YHR219C-A,non_ess,non_ess
0.04046242774566474,0.00561846313423805,0.027027027027027032,0.1409889660809154,0.006603773584905661,0.03066037735849057,0.3125406636304489,0.20330188679245284,YOL095C,non_ess,non_ess
0.0838150289017341,0.04555277033451465,0.13513513513513514,0.01675521046178995,0.09797297297297296,1.7804054054054057,1.6202364095302593,0.15202702702702706,YHR001W-A,non_ess,non_ess
0.0,0.0,0.0,0.005925623212096446,0.0,0.0,0.0,1.0,YJL222W-B,non_ess,non_ess
0.023121387283237003,0.008557351542916414,0.08108108108108109,0.044135676338373515,0.011461318051575931,0.14183381088825214,0.33818330666468205,0.5186246418338109,YOR111W,non_ess,non_ess
0.05202312138728323,0.012619932578442388,0.0,0.22292603187576626,0.005416792055371653,0.0439362022269034,0.15501873991190873,0.24405657538368944,YOR109W,non_ess,non_ess
0.023121387283237003,0.005532025239865157,0.21621621621621626,0.039844707805476096,0.012598425196850394,0.10078740157480316,0.4614106780956178,0.4299212598425197,YKL159C,non_ess,non_ess
0.04046242774566474,0.02584493041749503,0.08108108108108109,0.03357853153521319,0.02578268876611418,0.5506445672191529,0.8429152307495943,0.37937384898710863,YIL111W,non_ess,non_ess
0.07803468208092486,0.016077448353358108,0.08108108108108109,0.1475275847977115,0.012184115523465705,0.08393501805054153,0.5353099066997984,0.16967509025270758,YPR185W,non_ess,non_ess
0.16184971098265896,0.03595816405912352,0.3783783783783784,0.1060482223130364,0.03484754200373367,0.2588674548848787,1.1754193381484097,0.0970752955818295,YFR006W,non_ess,non_ess
0.008670520231213872,0.0016423199930849686,0.21621621621621626,0.014711892112791171,0.011278195488721804,0.07142857142857142,0.29061893143454665,0.5413533834586466,YER019C-A,non_ess,non_ess
0.05202312138728323,0.01184199152908635,0.08108108108108109,0.10911319983653454,0.010895883777239709,0.08292978208232446,0.3557335805084745,0.20823244552058112,YMR171C,non_ess,non_ess
0.06647398843930635,0.038205549312818735,0.10810810810810813,0.09154066203514508,0.016499282639885218,0.3170731707317073,0.5734397417503586,0.2044476327116212,YBR199W,non_ess,non_ess
0.011560693641618495,0.0014694442043391822,0.0,0.12443808745402535,0.002131060202450719,0.009057005860415556,0.04544426904045279,0.4294086307938199,YKR008W,ess,ess
0.049132947976878616,0.018065519923934653,0.027027027027027032,0.05190028606456886,0.020935960591133004,0.25738916256157635,0.4959073493556253,0.8596059113300493,YNL108C,non_ess,non_ess
0.07514450867052022,0.012619932578442388,0.21621621621621626,0.18022067838169187,0.009643916913946587,0.05415430267062315,0.1837855023314964,0.1739614243323442,YMR066W,non_ess,non_ess
0.05780346820809248,0.006137090500475408,0.0,0.13812832039231712,0.009624639076034648,0.034167468719923,0.27410711963166245,0.1530317613089509,YML016C,non_ess,non_ess
0.07514450867052022,0.027746564093698675,0.5135135135135136,0.0425010216591745,0.03857566765578635,0.4762611275964392,0.677737357684715,0.10237388724035608,YNR018W,non_ess,non_ess
0.04046242774566474,0.008903103120407986,0.027027027027027032,0.07989374744585206,0.011447260834014716,0.08421913327882256,1.2116289633869357,0.2044153720359771,YLR225C,non_ess,non_ess
0.0722543352601156,0.016423199930849685,0.054054054054054064,0.1914589293011852,0.008738203425375743,0.06641034603285564,0.2858960915584474,0.13037399510660608,YMR266W,non_ess,non_ess
0.01445086705202312,0.0033710778805428297,0.054054054054054064,0.07192480588475685,0.004520795660036167,0.0352622061482821,0.08662387968260556,0.6880650994575045,YPR191W,non_ess,non_ess
0.011560693641618495,0.003025326303051257,0.027027027027027032,0.03821005312627708,0.006546644844517185,0.057283142389525366,0.11899751717380895,0.6268412438625205,YKL214C,non_ess,non_ess
0.023121387283237003,0.0044083326130175465,0.0,0.04903964037597058,0.010389610389610391,0.06623376623376623,0.3045541125541125,0.4246753246753247,YPR060C,non_ess,non_ess
0.026011560693641616,0.01322499783905264,0.2972972972972973,0.024928483857785046,0.021634615384615384,0.3677884615384616,0.6240234375,0.3629807692307692,YGL054C,non_ess,non_ess
0.026011560693641616,0.007433658916068805,0.027027027027027032,0.06722517368205967,0.008678881388621022,0.08293153326904533,0.2867103028647989,0.3915139826422373,YGL138C,non_ess,non_ess
0.12427745664739885,0.03405653038291987,0.054054054054054064,0.11360850020433184,0.025029103608847497,0.22933643771827705,0.6097837840077224,1.0,YGR124W,non_ess,non_ess
0.0057803468208092465,0.0009508168381018238,0.08108108108108109,0.04577033101757255,0.002770083102493075,0.015235457063711913,0.0691883974910052,0.628808864265928,YPL199C,non_ess,non_ess
0.0,0.0,0.0,0.007355946056395587,0.0,0.0,0.0,1.0,YBR121C-A,non_ess,non_ess
0.008670520231213872,0.0003457515774915723,0.027027027027027032,0.026358806702084188,0.006864988558352402,0.009153318077803205,0.21686262132091846,0.3684210526315789,YKL160W,non_ess,non_ess
0.19942196531791906,0.06517417235716137,0.054054054054054064,0.1810380057212914,0.025480059084194977,0.27843426883308714,1.0819399310684392,0.08567208271787298,YPR160W,non_ess,non_ess
0.02023121387283237,0.004840522084882012,0.0,0.07703310175725378,0.0059271803556308214,0.04741744284504657,0.15132454336518691,0.5063505503810329,YBR267W,non_ess,non_ess
0.03757225433526011,0.004062581035525975,0.1891891891891892,0.023906824683285657,0.032418952618453865,0.1172069825436409,0.6690430412518322,0.456359102244389,YKR049C,non_ess,non_ess
0.10693641618497107,0.0236839830581727,0.054054054054054064,0.2390682468328565,0.010393258426966293,0.07696629213483146,0.19253629880457648,0.11095505617977527,YOR086C,non_ess,non_ess
0.049132947976878616,0.010026795747255596,0.0,0.16571311810380054,0.00684655658477648,0.04671768022553363,0.1838438602226079,0.1703584373741442,YLR263W,non_ess,non_ess
0.13583815028901733,0.05281355346183768,0.054054054054054064,0.15181855333060892,0.020623080298376482,0.26810004387889425,0.5502103325257074,0.11320754716981132,YOR267C,non_ess,non_ess
0.008670520231213872,0.001210130521220503,0.027027027027027032,0.0380057212913772,0.004934210526315789,0.023026315789473683,0.11538319913589945,0.5608552631578947,YJR102C,non_ess,non_ess
0.16184971098265896,0.03811911141844585,0.08108108108108109,0.11422149570903148,0.03242617255356109,0.25535610885929355,0.7210291785201782,0.15865662999420962,YPR006C,non_ess,non_ess
0.06647398843930635,0.01659607571959547,0.16216216216216214,0.1338373518594197,0.01141439205955335,0.09528535980148883,0.31733174659441943,0.2109181141439206,YNL045W,non_ess,non_ess
0.03757225433526011,0.010545423113492956,0.054054054054054064,0.05823457294646505,0.0143646408839779,0.13480662983425415,0.4019889502762431,0.3867403314917127,YBR024W,non_ess,non_ess
0.011560693641618495,0.003889705246780188,0.027027027027027032,0.022680833673886392,0.010443864229765013,0.1174934725848564,0.3178192444966105,0.4882506527415144,YPL182C,non_ess,non_ess
0.017341040462427744,0.003198202091797044,0.0,0.10931753167143443,0.003625377643504532,0.022356495468277945,0.09468742737624912,0.6229607250755287,YFR028C,ess,ess
0.031791907514450865,0.00449477050739044,0.054054054054054064,0.03248876174908051,0.02087286527514232,0.09867172675521822,0.3922141840607211,0.3111954459203036,YOR097C,non_ess,non_ess
0.031791907514450865,0.0047540841905091185,0.027027027027027032,0.0678381691867593,0.010516252390057362,0.052581261950286805,0.36601487810707456,0.5803059273422562,YMR234W,non_ess,non_ess
0.02023121387283237,0.005272711556746477,0.08108108108108109,0.013485901103391913,0.028225806451612906,0.2459677419354839,0.6893394165274387,0.3064516129032258,YDL022C-A,non_ess,non_ess
0.008670520231213872,0.0019880715705765406,0.10810810810810813,0.033101757253780145,0.005597014925373134,0.04291044776119403,0.08562450903377848,0.5914179104477612,YML055W,non_ess,non_ess
0.06069364161849713,0.01581813467023943,0.40540540540540543,0.02370249284838578,0.05276381909547738,0.4597989949748744,1.0895142378559464,0.7110552763819096,YLR235C,non_ess,non_ess
0.06069364161849713,0.011323364162848992,0.1891891891891892,0.07172047404985697,0.019038984587488667,0.11876699909338168,1.1092475067996377,0.1885766092475068,YDR322W,non_ess,non_ess
0.02023121387283237,0.017633330452070186,0.027027027027027032,0.01941152431548836,0.020895522388059702,0.6089552238805971,0.3861683946678819,0.3164179104477612,YDR079W,non_ess,non_ess
0.11560693641618495,0.035871726164750616,0.13513513513513514,0.07846342460155292,0.033277870216306155,0.3452579034941764,0.6955281570054049,0.2096505823627288,YPL171C,non_ess,non_ess
0.0057803468208092465,0.0006915031549831446,0.0,0.015937883122190438,0.007042253521126761,0.028169014084507043,0.2542154334457449,0.7464788732394366,YFL010W-A,non_ess,non_ess
0.01445086705202312,0.0027660126199325783,0.0,0.2319166326113609,0.0014471780028943561,0.009261939218523878,0.0292498970074049,0.5629522431259045,YIL048W,ess,ess
0.01445086705202312,0.0016423199930849686,0.1891891891891892,0.011442582754393136,0.022935779816513763,0.0871559633027523,0.7271916411824669,0.6972477064220184,YPR169W-A,non_ess,non_ess
0.06069364161849713,0.01884346097329069,0.13513513513513514,0.08418471597874949,0.016329704510108862,0.16951788491446346,0.2688484684562851,0.16485225505443235,YOR274W,non_ess,non_ess
0.1329479768786127,0.025758492523122137,0.0,0.14691458929301185,0.02084277299501586,0.13502492070684186,0.6235039287411452,0.14136837335749886,YHL016C,non_ess,non_ess
0.008670520231213872,0.0006050652606102515,0.0,0.1729328429369296,0.0011587485515643105,0.002703746620316725,0.03792075290393692,0.8501351873310158,YJL041W,ess,ess
0.06936416184971098,0.016250324142103898,0.08108108108108109,0.12157744176542705,0.013079019073569485,0.10245231607629428,0.5000029298877853,0.2,YCR023C,non_ess,non_ess
0.08959537572254335,0.018065519923934653,0.1891891891891892,0.11442582754393135,0.017919075144508672,0.12080924855491328,0.6123106753493818,0.17976878612716762,YJL172W,non_ess,non_ess
0.05491329479768786,0.016509637825222582,0.10810810810810813,0.0190028606456886,0.05775075987841945,0.5805471124620061,1.1191060712337308,0.30395136778115506,YDR525W,non_ess,non_ess
0.011560693641618495,0.0013830063099662892,0.054054054054054064,0.017572537801389457,0.012987012987012988,0.05194805194805195,0.34916512059369204,1.0,YCR050C,non_ess,non_ess
0.049132947976878616,0.0075200968104416985,0.054054054054054064,0.22149570903146712,0.00514839491217444,0.026347668079951543,0.2313688673531193,0.2895215021199273,YKL205W,non_ess,non_ess
0.11560693641618495,0.03397009248854698,0.08108108108108109,0.09807928075194117,0.026845637583892617,0.2637583892617449,0.505965697240865,0.11946308724832215,YOL061W,non_ess,non_ess
0.031791907514450865,0.009853919958509807,0.054054054054054064,0.029219452390682483,0.022964509394572025,0.23799582463465555,0.5458019904783996,0.4196242171189979,YML030W,non_ess,non_ess
0.05491329479768786,0.020658656755121445,0.027027027027027032,0.047609317531671434,0.025367156208277702,0.3190921228304406,0.6483947276458096,0.4072096128170895,YMR038C,non_ess,non_ess
0.02890173410404624,0.009853919958509807,0.21621621621621626,0.08970167552104619,0.007315288953913678,0.08339429407461595,0.2415082984430368,0.3423555230431602,YNL206C,non_ess,non_ess
0.04046242774566474,0.009767482064136915,0.054054054054054064,0.04454434000817328,0.01988636363636364,0.16051136363636365,0.5291529251505592,0.3536931818181818,YGL051W,non_ess,non_ess
0.08092485549132948,0.010545423113492956,0.027027027027027032,0.2241520228851656,0.008380724334031727,0.03651601316970967,0.2874527273402561,0.14486680634540558,YER110C,non_ess,non_ess
0.0,0.0,0.0,0.01838986514098897,0.0,0.0,0.0,1.0,YDL081C,non_ess,non_ess
0.06069364161849713,0.021868787276341943,0.1891891891891892,0.06661217817736004,0.02042801556420233,0.24610894941634245,0.9511918703486836,0.28891050583657585,YOL107W,non_ess,non_ess
0.026011560693641616,0.005791338922983836,0.13513513513513514,0.02595014303228444,0.02088167053364269,0.1554524361948956,0.5710153673280409,0.6102088167053364,YOR041C,non_ess,non_ess
0.008670520231213872,0.0008643789437289308,0.027027027027027032,0.0253371475275848,0.007109004739336493,0.023696682464454968,0.199167413859357,0.7109004739336493,YBR188C,non_ess,non_ess
0.011560693641618495,0.0033710778805428297,0.0,0.1826726604004904,0.0014641288433382134,0.014275256222547585,0.04603393333907502,0.5926061493411421,YGL233W,ess,ess
0.18208092485549127,0.04468839139078572,0.0,0.21107478545157327,0.020006351222610352,0.16417910447761194,0.5070950799862785,0.0657351540171483,YCR011C,non_ess,non_ess
0.0953757225433526,0.03319215143919094,0.0,0.05006129955046997,0.04203821656050955,0.489171974522293,1.593027153871941,0.22038216560509555,YNL195C,non_ess,non_ess
0.06936416184971098,0.01797908202956176,0.027027027027027032,0.15713118103800575,0.010182435299109036,0.08824777259227833,0.38618467888654784,0.19558761137038608,YHR182W,non_ess,non_ess
0.0057803468208092465,0.0016423199930849686,0.08108108108108109,0.06375153248876175,0.0020283975659229213,0.019269776876267748,0.07364836100468282,0.7951318458417851,YLR239C,non_ess,non_ess
0.06647398843930635,0.01322499783905264,0.054054054054054064,0.1140171638741316,0.01334106728538283,0.08874709976798144,0.3524532095901005,0.14153132250580047,YJR053W,non_ess,non_ess
0.06069364161849713,0.012792808367188177,0.054054054054054064,0.05741724560686556,0.02351623740201568,0.16573348264277715,0.3768908244806055,0.15789473684210525,YER055C,non_ess,non_ess
0.04624277456647399,0.01884346097329069,0.16216216216216214,0.08316305680425011,0.012588512981904013,0.17151848937844216,0.5357985837922896,0.3933910306845004,YOL140W,non_ess,non_ess
0.0028901734104046237,8.643789437289306e-05,0.027027027027027032,0.014303228442991419,0.003846153846153847,0.003846153846153847,0.11624175824175825,0.9153846153846154,YKL053C-A,non_ess,non_ess
0.008670520231213872,0.0015558820987120756,0.16216216216216214,0.030717885846614907,0.0059880239520958105,0.03592814371257485,0.18366628088361087,0.6766467065868264,YBR230C,non_ess,non_ess
0.0838150289017341,0.031722707234851766,0.16216216216216214,0.020433183489987745,0.08285714285714285,1.0485714285714285,1.184964749536178,0.7657142857142857,YDR008C,non_ess,non_ess
0.049132947976878616,0.008643789437289308,0.027027027027027032,0.1364936657131181,0.008276533592989289,0.04868549172346641,0.20703748782862705,1.0,YMR075W,non_ess,non_ess
0.008670520231213872,0.0019880715705765406,0.0,0.042092357989374746,0.004491017964071856,0.0344311377245509,0.26835672916462155,0.5838323353293413,YPL121C,non_ess,non_ess
0.01445086705202312,0.005791338922983836,0.08108108108108109,0.02840212505108296,0.010706638115631693,0.14346895074946467,0.4216564887514209,0.32548179871520344,YCR099C,non_ess,non_ess
0.031791907514450865,0.009681044169764024,0.13513513513513514,0.018594196975888846,0.034055727554179564,0.3467492260061921,1.1540754029107954,0.6594427244582043,YGL109W,non_ess,non_ess
0.02023121387283237,0.0026795747255596854,0.054054054054054064,0.021250510829587253,0.01933701657458564,0.0856353591160221,0.5423428867403315,0.2320441988950276,YJR038C,non_ess,non_ess
0.0,0.0,0.0,0.022067838169186758,0.0,0.0,0.0,1.0,YIR041W,non_ess,non_ess
0.03757225433526011,0.005186273662373585,0.027027027027027032,0.11095218635063343,0.007742703990470519,0.0357355568790947,0.36343061346039307,0.2394282310899345,YDL106C,non_ess,non_ess
0.03757225433526011,0.012014867317832138,0.027027027027027032,0.07846342460155292,0.010815307820299502,0.11564059900166387,0.5291695970633138,0.26622296173044924,YHR075C,non_ess,non_ess
0.02890173410404624,0.003889705246780188,0.0,0.03003677973028198,0.020366598778004074,0.09164969450101833,0.7375959764015184,0.1710794297352342,YHR180W,non_ess,non_ess
0.12716763005780346,0.04702221453885383,0.027027027027027032,0.11646914589293013,0.025,0.3090909090909091,1.0574468085106383,1.0,YNR055C,non_ess,non_ess
0.017341040462427744,0.002160947359322327,0.0,0.19002860645688602,0.002112676056338028,0.008802816901408451,0.05112080936322158,0.8640845070422535,YLL003W,ess,ess
0.0,0.0,0.0,0.38666394224220135,0.0,0.0,0.0,1.0,YGR296W,non_ess,non_ess
0.1445086705202312,0.053245742933702135,0.10810810810810813,0.12893338782182265,0.02573340195573855,0.3170355120946989,0.9008528784648188,0.1224909933093155,YIL101C,non_ess,non_ess
0.049132947976878616,0.009162416803526663,0.054054054054054064,0.09705762157744176,0.01152542372881356,0.07186440677966102,0.22681732580037664,0.2386440677966101,YOR320C,non_ess,non_ess
0.0,0.0,0.0,0.012464241928892523,0.0,0.0,0.0,1.0,YGR105W,non_ess,non_ess
0.05780346820809248,0.008816665226035093,0.054054054054054064,0.05986922762566409,0.021528525296017224,0.10979547900968784,0.42577947572441,0.17653390742734126,YOR107W,non_ess,non_ess
0.10115606936416184,0.0249805514737661,0.10810810810810813,0.11892112791172865,0.019487750556792874,0.160913140311804,0.42559552629030695,0.12694877505567928,YLR237W,non_ess,non_ess
0.04046242774566474,0.007779410493560376,0.027027027027027032,0.14364527993461382,0.0064844835572024076,0.04168596572487263,0.2506937037619353,0.1732283464566929,YDL167C,non_ess,non_ess
0.0,0.0,0.0,0.03575807110747855,0.0,0.0,0.0,1.0,YER190C-A,non_ess,non_ess
0.05780346820809248,0.019102774656409367,0.32432432432432434,0.06211687780956274,0.02079002079002079,0.2297297297297297,0.6520339263702096,0.36174636174636177,YGL136C,non_ess,non_ess
0.011560693641618495,0.0015558820987120756,0.0,0.17797302819779326,0.0015020653398422831,0.006759294029290274,0.05668615241479422,0.4532482162974089,YPR112C,ess,ess
0.049132947976878616,0.03535309879851327,0.027027027027027032,0.02778912954638333,0.03711790393013102,0.8930131004366813,0.7757872467384525,0.425764192139738,YPL170W,non_ess,non_ess
0.14161849710982655,0.07381796179445069,0.027027027027027032,0.059460563955864326,0.05308775731310944,0.9252437703141928,1.180558331317254,0.21451787648970747,YOR222W,non_ess,non_ess
0.03757225433526011,0.021868787276341943,0.08108108108108109,0.01838986514098897,0.040625,0.790625,1.0217509920634922,0.409375,YDL023C,non_ess,non_ess
0.017341040462427744,0.008125162071051949,0.0,0.04515733551287291,0.008415147265077139,0.13183730715287514,0.2344877714192115,1.0,YGL053W,non_ess,non_ess
0.01445086705202312,0.0010372547324747168,0.054054054054054064,0.08193706579485084,0.0039904229848363925,0.009577015163607342,0.0969516735254384,0.35275339185953714,YER027C,non_ess,non_ess
0.023121387283237003,0.002160947359322327,0.0,0.0805067429505517,0.006493506493506494,0.020292207792207792,0.2939017504234896,0.23214285714285715,YPR133C,ess,ess
0.023121387283237003,0.004321894718644654,0.08108108108108109,0.034940743767879034,0.014209591474245116,0.08880994671403197,0.4037110836616747,0.4156305506216697,YML022W,non_ess,non_ess
0.0,0.0,0.0,0.03821005312627708,0.0,0.0,0.0,1.0,YAR066W,non_ess,non_ess
0.03757225433526011,0.006396404183594088,0.1891891891891892,0.07560277891295464,0.011206896551724138,0.06379310344827586,0.4777411855869818,0.2577586206896552,YDL168W,non_ess,non_ess
0.04046242774566474,0.01797908202956176,0.10810810810810813,0.034940743767879034,0.02486678507992895,0.369449378330373,0.5812762639171685,0.27353463587921845,YDR401W,non_ess,non_ess
0.017341040462427744,0.0028524505143054713,0.0,0.18778095627298733,0.002137513359458497,0.011756323477021732,0.09209859448414004,0.8332739579622372,YNL287W,ess,ess
0.0057803468208092465,0.0010372547324747168,0.0,0.01818553330608909,0.006309148264984227,0.03785488958990536,0.2130023316417501,1.0,YDR203W,non_ess,non_ess
0.049132947976878616,0.007433658916068805,0.1891891891891892,0.17838169186759298,0.006369426751592357,0.032221805919820164,0.1199440995458088,0.21056575496440613,YKR050W,non_ess,non_ess
0.023121387283237003,0.006309966289221194,0.0,0.011442582754393136,0.03669724770642202,0.3348623853211009,0.5959451806546607,0.6376146788990825,YNR001W-A,non_ess,non_ess
0.04624277456647399,0.009940357852882704,0.027027027027027032,0.10012259910093993,0.010526315789473684,0.0756578947368421,0.2044887780548628,0.2019736842105263,YOR347C,non_ess,non_ess
0.0838150289017341,0.02472123779064742,0.027027027027027032,0.22456068655496528,0.008664475649835673,0.08544965640872422,0.2634468947585171,0.29399462204959664,YHR079C,non_ess,non_ess
0.13872832369942195,0.02204166306508773,0.08108108108108109,0.10850020433183492,0.02921485088253196,0.155203895313451,1.6956299452221544,0.12964090079123555,YGR041W,non_ess,non_ess
0.08092485549132948,0.04425620191892125,0.0,0.0778504290968533,0.02347024308466052,0.4291701592623638,0.7757349973611499,0.2095557418273261,YLR019W,non_ess,non_ess
0.0028901734104046237,8.643789437289306e-05,0.0,0.085002043318349,0.0007704160246533128,0.0007704160246533128,0.02790915790178871,0.6309707241910631,YDL029W,ess,ess
0.026011560693641616,0.0047540841905091185,0.054054054054054064,0.060277891295463834,0.009625668449197863,0.05882352941176471,0.20756441419543026,0.4556149732620321,YJR077C,non_ess,non_ess
0.07514450867052022,0.011669115740340566,0.0,0.1129955046996322,0.015213575190169687,0.07899356348741954,0.44809859494038456,0.2264482153306027,YDR536W,non_ess,non_ess
0.0057803468208092465,0.0002593136831186792,0.0,0.04086636697997549,0.003076923076923077,0.004615384615384616,0.07137942226549822,0.5923076923076923,YPL233W,ess,ess
0.049132947976878616,0.006309966289221194,0.08108108108108109,0.0425010216591745,0.025222551928783383,0.1083086053412463,1.1941731858645803,0.14985163204747776,YJL037W,non_ess,non_ess
0.011560693641618495,0.0018151957818307548,0.0,0.04495300367797303,0.0056338028169014105,0.029577464788732393,0.12920843840334584,0.9535211267605632,YKL009W,non_ess,non_ess
0.01445086705202312,0.0013830063099662892,0.13513513513513514,0.049856967715570084,0.00639386189258312,0.020460358056265983,0.14313116550968213,0.39130434782608703,YLR201C,non_ess,non_ess
0.13583815028901733,0.0312040798686144,0.10810810810810813,0.1176951369023294,0.02643419572553431,0.2030371203599549,0.6039561758816022,0.08942632170978627,YOL020W,non_ess,non_ess
0.0,0.0,0.0,0.04515733551287291,0.0,0.0,0.0,1.0,YOR391C,non_ess,non_ess
0.017341040462427744,0.0014694442043391822,0.054054054054054064,0.01879852881078873,0.018404907975460124,0.05214723926380368,0.5940862918636227,0.4110429447852761,YNL184C,non_ess,non_ess
0.02890173410404624,0.003803267352407295,0.13513513513513514,0.12423375561912547,0.005336179295624333,0.023479188900747062,0.18098541444325866,0.3217716115261473,YGL110C,non_ess,non_ess
0.0028901734104046237,0.0005186273662373584,0.027027027027027032,0.02165917449938701,0.002717391304347826,0.016304347826086956,0.06872196342305037,1.0,YPL136W,non_ess,non_ess
0.10693641618497107,0.02333823148068113,0.16216216216216214,0.1465059256232121,0.016810540663334848,0.1226715129486597,0.30143920063987506,0.133575647432985,YOR001W,non_ess,non_ess
0.008670520231213872,0.003198202091797044,0.027027027027027032,0.08806702084184717,0.0022338049143708115,0.027550260610573345,0.04642059355387725,0.5241995532390171,YDR515W,non_ess,non_ess
0.026011560693641616,0.006137090500475408,0.027027027027027032,0.04290968532897426,0.013235294117647059,0.10441176470588236,0.9756170300287949,0.2485294117647059,YER139C,non_ess,non_ess
0.0057803468208092465,0.00017287578874578615,0.0,0.02472415202288517,0.0048426150121065395,0.0048426150121065395,0.9089739709443101,0.5811138014527845,YDR209C,non_ess,non_ess
0.1936416184971098,0.10337972166998012,0.2702702702702703,0.05496526358806703,0.07817969661610269,1.395565927654609,1.4465248481584538,1.0,YMR069W,non_ess,non_ess
0.049132947976878616,0.014780879937764715,0.0,0.11626481405803026,0.009675583380762664,0.09732498577120093,0.2649250481551172,0.2310756972111553,YMR250W,non_ess,non_ess
0.0028901734104046237,0.0004321894718644654,0.0,0.0443400081732734,0.0014265335235378036,0.007132667617689016,0.02699748023517805,1.0,YOR332W,non_ess,non_ess
0.0028901734104046237,8.643789437289306e-05,0.027027027027027032,0.0678381691867593,0.0009560229445506693,0.0009560229445506693,0.0243389247455476,0.887189292543021,YOL086C,non_ess,ess
0.0057803468208092465,0.0007779410493560378,0.027027027027027032,0.08520637515324889,0.0015372790161414295,0.0069177555726364325,0.05436666755016036,0.633358954650269,YNL188W,ess,ess
0.011560693641618495,0.0007779410493560378,0.0,0.03698406211687781,0.006745362563237775,0.01517706576728499,0.15179601617872673,0.8026981450252951,YGL247W,ess,ess
0.026011560693641616,0.006828593655458553,0.10810810810810813,0.06354720065386188,0.009155645981688708,0.08036622583926754,0.14191251271617494,0.25127161749745675,YOR271C,non_ess,non_ess
0.011560693641618495,0.0009508168381018238,0.16216216216216214,0.05190028606456886,0.0049261083743842365,0.013546798029556651,0.1143951833607006,0.5431034482758621,YLR046C,non_ess,non_ess
0.05491329479768786,0.010804736796611637,0.13513513513513514,0.02697180220678382,0.04260089686098655,0.2802690582959641,1.124790843986346,0.17713004484304934,YCR049C,non_ess,non_ess
0.0057803468208092465,0.0002593136831186792,0.0,0.06906416019615856,0.0018796992481203009,0.002819548872180451,0.04472815702622894,0.9125939849624058,YBR087W,ess,ess
0.017341040462427744,0.003457515774915723,0.0,0.07744176542705354,0.005054759898904802,0.03369839932603201,0.1745643814592074,0.590564448188711,YOR057W,ess,ess
0.06647398843930635,0.009075978909153772,0.7027027027027027,0.046791990192071926,0.03120759837177748,0.14246947082767975,0.5495815135581293,0.1628222523744912,YIR018W,non_ess,non_ess
0.026011560693641616,0.007433658916068805,0.2702702702702703,0.10196158561503883,0.0058177117000646405,0.055591467356173235,0.1993951426724536,0.4440853264382676,YJL013C,non_ess,non_ess
0.07803468208092486,0.01702826519145994,0.2432432432432433,0.13363302002451982,0.01341948310139165,0.09791252485089463,1.698840017744771,0.2654075546719682,YML042W,non_ess,non_ess
0.017341040462427744,0.0012965684155933962,0.08108108108108109,0.02819779321618308,0.01293103448275862,0.032327586206896554,0.2947072975140337,0.32112068965517243,YJR104C,non_ess,non_ess
0.0057803468208092465,0.0004321894718644654,0.10810810810810813,0.023293829178586026,0.005102040816326529,0.012755102040816329,0.26138147566718994,0.6683673469387755,YDR442W,non_ess,non_ess
0.011560693641618495,0.001901633676203648,0.027027027027027032,0.1726604004903964,0.0015473887814313346,0.00851063829787234,0.06299911534943697,0.5288201160541586,YPR105C,ess,ess
0.026011560693641616,0.01097761258535742,0.027027027027027032,0.007560277891295466,0.05590062111801242,0.7888198757763976,0.8684699744923693,0.5838509316770186,YBR072C-A,non_ess,non_ess
0.04624277456647399,0.013397873627798429,0.027027027027027032,0.03330608908868002,0.029684601113172542,0.287569573283859,1.0199777830767531,0.274582560296846,YAR023C,non_ess,non_ess
0.10404624277456646,0.033624340911055414,0.054054054054054064,0.23641193297915816,0.01022436807725078,0.11047997727918203,0.18913695527185329,0.20619142289122408,YGL006W,non_ess,non_ess
0.17052023121387286,0.03016682513613968,0.054054054054054064,0.18778095627298733,0.02101888136800855,0.12433202707516924,0.6925836899117982,0.106163163519772,YJR061W,non_ess,non_ess
0.04046242774566474,0.008298037859797734,0.027027027027027032,0.10257458111973848,0.008997429305912597,0.06169665809768636,0.19494430162810625,0.31426735218509005,YKL116C,non_ess,non_ess
0.02023121387283237,0.003803267352407295,0.08108108108108109,0.09521863506334287,0.00483425414364641,0.03038674033149171,0.1016279719411509,0.31906077348066303,YNL071W,non_ess,non_ess
0.09826589595375723,0.02757368830495289,0.0,0.08724969350224766,0.025544703230653644,0.2396694214876033,0.5277019800938287,0.09316303531179564,YKR044W,non_ess,non_ess
0.04335260115606936,0.011409802057221884,0.10810810810810813,0.06538618716796077,0.01485148514851485,0.1306930693069307,0.5162916291629163,0.2227722772277228,YDR126W,non_ess,non_ess
0.08092485549132948,0.01797908202956176,0.0,0.2511238250919493,0.007492641156007494,0.055659620016055664,0.25345299602725346,0.4147712068504148,YDR104C,non_ess,non_ess
0.05202312138728323,0.010891174690984528,0.027027027027027032,0.08541070698814876,0.013803680981595092,0.09662576687116564,0.33963628396143736,0.22469325153374234,YMR034C,non_ess,non_ess
0.03757225433526011,0.007174345232950125,0.0,0.08561503882304862,0.00994644223412395,0.06350420811017597,0.36290570543943823,0.5761285386381025,YMR091C,non_ess,non_ess
0.026011560693641616,0.0033710778805428297,0.13513513513513514,0.033101757253780145,0.016791044776119403,0.07276119402985075,0.9673507462686568,0.24253731343283585,YOR252W,non_ess,non_ess
0.04624277456647399,0.011409802057221884,0.35135135135135137,0.027584797711483453,0.035164835164835165,0.2901098901098901,0.9470941429704316,0.5846153846153846,YHR021W-A,non_ess,non_ess
0.017341040462427744,0.004149018929898867,0.2432432432432433,0.07642010625255416,0.005119453924914676,0.040955631399317405,0.15548939986547422,0.39419795221843,YMR024W,non_ess,non_ess
0.06358381502890173,0.011928429423459244,0.027027027027027032,0.10666121781773599,0.013613861386138614,0.0853960396039604,0.30317022086824064,1.0,YIL045W,non_ess,non_ess
0.06936416184971098,0.010631861007865848,0.054054054054054064,0.1601961585615039,0.009991673605328892,0.05120732722731058,0.4461736431761411,0.14945878434637802,YOR017W,non_ess,non_ess
0.10982658959537572,0.03898349036217478,0.10810810810810813,0.01818553330608909,0.11987381703470032,1.4227129337539433,1.836827559252952,0.15141955835962145,YIL054W,non_ess,non_ess
0.023121387283237003,0.003111764197424151,0.08108108108108109,0.018594196975888846,0.02476780185758514,0.11145510835913312,0.5394841153939232,1.0,YER067C-A,non_ess,non_ess
0.04046242774566474,0.01944852623390094,0.40540540540540543,0.01920719248058848,0.04216867469879519,0.677710843373494,1.3952425084955205,1.0,YLR111W,non_ess,non_ess
0.031791907514450865,0.004062581035525975,0.0,0.2159787494891704,0.0034150884818379386,0.014591741695125738,0.08564314106707517,0.724619683328159,YJL050W,ess,ess
0.0057803468208092465,0.0006915031549831446,0.10810810810810813,0.015937883122190438,0.007042253521126761,0.028169014084507043,0.390708592641118,0.4753521126760563,YAL064W,non_ess,non_ess
0.0,0.0,0.0,0.054760931753167146,0.0,0.0,0.0,1.0,YNL019C,non_ess,non_ess
0.05780346820809248,0.005013397873627798,0.32432432432432434,0.07580711074785453,0.01719690455717971,0.04987102321582115,0.4084078718644497,0.2098022355975924,YBR246W,non_ess,non_ess
0.03468208092485549,0.005532025239865157,0.21621621621621626,0.08377605230894974,0.009375,0.05,0.16612654320987652,0.2234375,YMR068W,non_ess,non_ess
0.06358381502890173,0.016768951508341255,0.0,0.14977523498161013,0.009782125389061804,0.08626056024899956,0.2556505038653967,0.3192530013339262,YOR034C,non_ess,non_ess
0.049132947976878616,0.008384475754170628,0.1891891891891892,0.0986922762566408,0.01134089392928619,0.06470980653769179,0.4366244162775183,0.42628418945963975,YFL018C,non_ess,non_ess
0.02890173410404624,0.00786584838793327,0.10810810810810813,0.08745402533714754,0.0074962518740629685,0.068215892053973,0.2062922027358414,0.4295352323838081,YIL071C,non_ess,non_ess
0.03468208092485549,0.004321894718644654,0.0,0.09828361258684104,0.008037508372404554,0.03348961821835232,0.18470113460807047,0.41393168117883455,YJR122W,non_ess,non_ess
0.011560693641618495,0.003111764197424151,0.027027027027027032,0.027993461381283204,0.008676789587852495,0.07809110629067245,0.2752985278941937,0.37093275488069416,YEL028W,non_ess,non_ess
0.023121387283237003,0.005532025239865157,0.0,0.16959542296689825,0.0031496062992125984,0.025196850393700787,0.1138920134983127,0.4771653543307087,YNL126W,ess,ess
0.18497109826589594,0.08012792808367188,0.0,0.20392317123007767,0.02102496714848883,0.3045335085413929,0.4943929168314559,0.11596583442838372,YIL125W,non_ess,non_ess
0.0,0.0,0.0,0.029423784225582342,0.0,0.0,0.0,1.0,YIL177W-A,non_ess,non_ess
0.05491329479768786,0.015385945198374969,0.0,0.09705762157744176,0.012881355932203391,0.12067796610169493,0.4490828883213373,0.26576271186440675,YIL090W,non_ess,non_ess
0.049132947976878616,0.014694442043391822,0.027027027027027032,0.07539844707805476,0.014693171996542784,0.14693171996542784,0.25306686700312514,0.5946413137424373,YCL008C,non_ess,non_ess
0.049132947976878616,0.0075200968104416985,0.027027027027027032,0.15222721700040867,0.007439824945295405,0.03807439824945296,0.2002679408743804,0.2175054704595186,YER017C,non_ess,non_ess
0.06069364161849713,0.017201140980205722,0.027027027027027032,0.031262770739681235,0.0412573673870334,0.3909626719056975,1.0059027196560564,0.2298624754420432,YFR026C,non_ess,non_ess
0.05491329479768786,0.027487250410580002,0.1891891891891892,0.07355946056395588,0.016814159292035398,0.2814159292035398,0.4719249272435707,0.2008849557522124,YNL134C,non_ess,non_ess
0.04046242774566474,0.015645258881493648,0.13513513513513514,0.04903964037597058,0.01818181818181818,0.23506493506493506,0.31755651755651754,0.2233766233766233,YCL005W,non_ess,non_ess
0.04335260115606936,0.02195522517071484,0.054054054054054064,0.049243972210870464,0.019404915912031046,0.3285899094437257,0.4058919956473209,0.2238033635187581,YBL043W,non_ess,non_ess
0.01445086705202312,0.0015558820987120756,0.027027027027027032,0.059460563955864326,0.005417118093174431,0.01950162513542795,0.08951142753959655,0.600216684723727,YBR085W,non_ess,non_ess
0.0,0.0,0.0,0.031467102574581116,0.0,0.0,0.0,1.0,YJL175W,non_ess,non_ess
0.04335260115606936,0.017633330452070186,0.8918918918918919,0.002860645688598284,0.16304347826086954,2.217391304347826,3.2147251845775227,1.0,YEL008C-A,non_ess,non_ess
0.05202312138728323,0.010804736796611637,0.08108108108108109,0.009603596240294238,0.09424083769633508,0.6544502617801047,2.0382764963916795,0.3036649214659686,YOL013W-A,non_ess,non_ess
0.023121387283237003,0.009940357852882704,0.054054054054054064,0.03044544340008173,0.01609657947686117,0.2313883299798793,0.7879778672032194,0.4748490945674044,YGL259W,non_ess,non_ess
0.0838150289017341,0.018929898867663584,0.027027027027027032,0.11626481405803026,0.016505406943653957,0.12464428002276608,1.4807707943735269,0.12293682413204325,YHL010C,non_ess,non_ess
0.049132947976878616,0.005704901028610943,0.08108108108108109,0.04147936248467512,0.025796661608497726,0.10015174506828528,0.6559040071938402,0.1805766312594841,YLR178C,non_ess,non_ess
0.03757225433526011,0.011582677845967672,0.10810810810810813,0.043931344503473635,0.01870503597122302,0.19280575539568345,0.40461946232487694,0.3050359712230216,YBR111C,non_ess,non_ess
0.0028901734104046237,8.643789437289306e-05,0.08108108108108109,0.01941152431548836,0.0029850746268656717,0.0029850746268656717,0.0674692834171683,0.8955223880597015,YDR133C,non_ess,non_ess
0.0028901734104046237,0.0006915031549831446,0.027027027027027032,0.01409889660809154,0.003891050583657589,0.0311284046692607,0.11089494163424124,1.0,YDR183C-A,non_ess,non_ess
0.01445086705202312,0.002333823148068113,0.10810810810810813,0.033101757253780145,0.009328358208955223,0.050373134328358216,0.5625086373687119,0.9328358208955224,YER134C,non_ess,non_ess
0.04624277456647399,0.012274181000950816,0.08108108108108109,0.11973845525132815,0.008849557522123894,0.07853982300884955,0.3422413037763953,0.18528761061946905,YMR284W,non_ess,non_ess
0.011560693641618495,0.003976143141153081,0.2432432432432433,0.018594196975888846,0.01238390092879257,0.14241486068111456,0.22835539928745896,0.6191950464396285,YGL182C,non_ess,non_ess
0.04046242774566474,0.029907511453021007,0.13513513513513514,0.004699632202697182,0.1176470588235294,2.907563025210084,3.1917554423344137,0.3277310924369748,YBR296C-A,non_ess,non_ess
0.02890173410404624,0.007174345232950125,0.1891891891891892,0.0651818553330609,0.009930486593843098,0.08242303872889771,0.3697302275077915,0.522343594836147,YMR041C,non_ess,non_ess
0.023121387283237003,0.003284639986169937,0.027027027027027032,0.21250510829587246,0.002523659305993691,0.011987381703470029,0.12053430599369087,0.5435331230283912,YLR039C,non_ess,ess
0.13005780346820808,0.037341170369089814,0.2432432432432433,0.06661217817736004,0.04377431906614786,0.42023346303501946,0.6775186621519257,0.14591439688715954,YEL004W,non_ess,non_ess
0.07514450867052022,0.010718298902238741,0.10810810810810813,0.020433183489987745,0.07428571428571429,0.35428571428571426,2.264574934268186,0.17142857142857146,YKL084W,non_ess,non_ess
0.1445086705202312,0.06949606707580604,0.3783783783783784,0.02063751532488762,0.141643059490085,2.2776203966005664,3.237384164786095,0.11331444759206802,YML101C,non_ess,non_ess
0.19653179190751446,0.03725473247471692,0.0,0.5427053534940744,0.008480917934647045,0.053754053379895236,0.27355287338182965,0.08318782738837616,YGL195W,non_ess,non_ess
0.06358381502890173,0.0174604546633244,0.1891891891891892,0.06681651001225991,0.02133850630455868,0.1959262851600388,0.6422575050288352,0.20368574199806014,YDL078C,non_ess,non_ess
0.02890173410404624,0.0050998357680006896,0.10810810810810813,0.059460563955864326,0.010834236186348862,0.06392199349945829,0.21136004792208224,0.2979414951245937,YJL126W,non_ess,non_ess
0.0028901734104046237,0.0003457515774915723,0.027027027027027032,0.013077237433592155,0.004132231404958678,0.016528925619834708,0.1327317199718341,0.9090909090909092,YBR058C-A,non_ess,non_ess
0.03468208092485549,0.009335292592272452,0.054054054054054064,0.0768287699223539,0.010186757215619695,0.09168081494057724,0.4285568760611205,0.2410865874363328,YKL077W,non_ess,non_ess
0.06647398843930635,0.012619932578442388,0.21621621621621626,0.10461789946873724,0.014501891551071878,0.09205548549810844,0.3376869032606737,0.17402269861286254,YDL170W,non_ess,non_ess
0.04335260115606936,0.007001469444204339,0.10810810810810813,0.10461789946873724,0.009457755359394705,0.0510718789407314,0.18104078298750428,0.2042875157629256,YCL038C,non_ess,non_ess
0.01445086705202312,0.0016423199930849686,0.10810810810810813,0.053330608908867996,0.006002400960384154,0.022809123649459785,0.21952470308511754,0.5642256902761105,YOL088C,non_ess,non_ess
0.07514450867052022,0.010718298902238741,0.054054054054054064,0.09889660809154067,0.017310252996005325,0.08255659121171771,0.5054166461179332,0.12383488681757655,YDR330W,non_ess,non_ess
0.07514450867052022,0.012792808367188177,0.10810810810810813,0.1293420514916224,0.013340174448435094,0.07593637762955363,0.3552789685363876,0.17444843509492047,YBL075C,non_ess,non_ess
0.06358381502890173,0.019880715705765408,0.16216216216216214,0.14323661626481407,0.010218300046446818,0.1068276823037622,0.39210561534162025,0.2043660009289364,YLR362W,non_ess,non_ess
0.03468208092485549,0.012187743106577923,0.08108108108108109,0.10380057212913772,0.0076238881829733185,0.08958068614993647,0.2514278071290042,0.4415501905972046,YMR215W,non_ess,non_ess
0.03757225433526011,0.003284639986169937,0.32432432432432434,0.12443808745402535,0.0069259456579648365,0.02024507192328184,0.15173508965637938,0.3825253063399041,YAL011W,non_ess,non_ess
0.01445086705202312,0.003803267352407295,0.054054054054054064,0.05803024111156519,0.005543237250554324,0.04878048780487805,0.1832679515606345,0.7361419068736141,YNL204C,non_ess,non_ess
0.0,0.0,0.0,0.021250510829587253,0.0,0.0,0.0,1.0,YLL064C,non_ess,non_ess
0.04335260115606936,0.007779410493560376,0.0,0.06007355946056396,0.016094420600858368,0.0965665236051502,0.5018367643849567,0.1609442060085837,YMR267W,non_ess,non_ess
0.008670520231213872,0.001210130521220503,0.0,0.16060482223130365,0.001245847176079734,0.005813953488372093,0.03188209843158464,0.5087209302325582,YPL190C,ess,ess
0.026011560693641616,0.0036303915636615096,0.0,0.1340416836943196,0.0044598612487611496,0.02081268582755203,0.1000075408281984,0.4489593657086224,YNL103W,ess,ess
0.0,0.0,0.0,0.029423784225582342,0.0,0.0,0.0,1.0,YLL066W-A,non_ess,non_ess
0.011560693641618495,0.0015558820987120756,0.0,0.06681651001225991,0.003879728419010669,0.017458777885548008,0.2559338201697782,0.41125121241513096,YGR113W,ess,ess
0.017341040462427744,0.0037168294580344026,0.0,0.063342868818962,0.0061224489795918356,0.04387755102040816,0.11313816261328813,0.4551020408163266,YOR340C,ess,non_ess
0.03757225433526011,0.005272711556746477,0.13513513513513514,0.02472415202288517,0.031476997578692496,0.14769975786924938,0.7782615456383145,0.2421307506053269,YPR050C,non_ess,non_ess
0.01445086705202312,0.0013830063099662892,0.0,0.032897425418880265,0.009380863039399627,0.0300187617260788,0.2538224321235255,0.300187617260788,YMR035W,non_ess,non_ess
0.13005780346820808,0.032154896706716216,0.10810810810810813,0.14834491213731102,0.02019748653500897,0.16696588868940754,0.6346583787812066,1.0,YCR026C,non_ess,non_ess
0.0028901734104046237,0.00017287578874578615,0.0,0.039436044135676335,0.001589825119236884,0.003179650238473768,0.05297707574747424,0.5675675675675675,YPR165W,ess,ess
0.02023121387283237,0.013916500994035784,0.0,0.011033919084593379,0.0330188679245283,0.7594339622641509,1.43563286163522,0.5188679245283019,YIR021W-A,non_ess,non_ess
0.10693641618497107,0.03051257671363125,0.21621621621621626,0.2259910093992644,0.010985748218527316,0.10480997624703088,0.23451637322985985,0.10688836104513064,YGR134W,non_ess,non_ess
0.04624277456647399,0.01184199152908635,0.2972972972972973,0.029015120555782595,0.03361344537815126,0.2878151260504201,0.9022013713460844,0.17857142857142858,YPR062W,non_ess,non_ess
0.011560693641618495,0.0014694442043391822,0.0,0.12975071516142214,0.0020460358056265983,0.008695652173913044,0.04988430154670563,0.39130434782608703,YGR009C,ess,ess
0.0028901734104046237,0.0003457515774915723,0.0,0.053739272578667764,0.0011918951132300355,0.004767580452920143,0.03175964417570278,0.7163289630512515,YBR257W,ess,ess
0.02023121387283237,0.002160947359322327,0.027027027027027032,0.02472415202288517,0.01694915254237288,0.060532687651331726,0.3875119923249121,0.7602905569007264,YGR183C,non_ess,non_ess
0.023121387283237003,0.005445587345492263,0.054054054054054064,0.06048222313036373,0.008528784648187633,0.06716417910447761,0.3948071577015465,0.2974413646055437,YDL236W,non_ess,non_ess
0.0057803468208092465,0.0006050652606102515,0.0,0.016346546791990192,0.006896551724137931,0.02413793103448276,0.15170019157088122,0.6310344827586207,YOL013W-B,non_ess,non_ess
0.017341040462427744,0.002160947359322327,0.027027027027027032,0.04025337147527585,0.0093603744149766,0.0390015600624025,0.2997548473367506,0.4414976599063963,YOR021C,non_ess,non_ess
0.0028901734104046237,8.643789437289306e-05,0.0,0.010829587249693505,0.004784688995215311,0.004784688995215311,0.1940551297793962,0.8229665071770335,YKL138C-A,non_ess,non_ess
0.05202312138728323,0.01348431152217132,0.054054054054054064,0.09664895790764202,0.012253233492171544,0.10619469026548672,0.3397635008723328,0.21647379169503064,YLR183C,non_ess,non_ess
0.03757225433526011,0.014953755726510504,0.08108108108108109,0.04740498569677156,0.01742627345844504,0.2319034852546917,0.5167220959038925,0.4571045576407507,YPL107W,non_ess,non_ess
0.04624277456647399,0.01236061889532371,0.0,0.1898242746219861,0.005639760310186817,0.050405357772294684,0.24708742086253546,0.6207261191399366,YIL075C,ess,non_ess
0.04624277456647399,0.010286109430374276,0.027027027027027032,0.0190028606456886,0.0486322188449848,0.3617021276595745,0.9948590941498744,0.27051671732522803,YLR294C,non_ess,non_ess
0.04624277456647399,0.012274181000950816,0.054054054054054064,0.10012259910093993,0.010526315789473684,0.09342105263157896,0.4013055895552835,0.19144736842105264,YMR170C,non_ess,non_ess
0.06069364161849713,0.04572564612326044,0.21621621621621626,0.023906824683285657,0.05236907730673317,1.319201995012469,1.3254427383318357,0.4189526184538653,YJL151C,non_ess,non_ess
0.023121387283237003,0.0035439536692886157,0.0,0.31834899877400896,0.001693480101608806,0.008679085520745129,0.0433429042547096,0.2802709568162574,YOR326W,ess,ess
0.0057803468208092465,0.0006915031549831446,0.1891891891891892,0.010625255414793628,0.009708737864077669,0.03883495145631068,0.18499856622014665,0.5194174757281553,YML058W-A,non_ess,non_ess
0.10404624277456646,0.030080387241766787,0.0,0.2441765427053535,0.009903713892709769,0.09573590096286108,0.4088607854811226,0.11746905089408527,YPR026W,non_ess,non_ess
0.023121387283237003,0.004321894718644654,0.08108108108108109,0.08704536166734778,0.006024096385542169,0.037650602409638564,0.4385739680031602,0.4977409638554217,YML038C,non_ess,non_ess
0.02890173410404624,0.0026795747255596854,0.1891891891891892,0.03153521318621442,0.019493177387914232,0.06042884990253411,0.3176352044900227,0.2670565302144249,YFR032C-A,non_ess,non_ess
0.06069364161849713,0.008470913648543521,0.16216216216216214,0.07539844707805476,0.01815038893690579,0.0847018150388937,0.7258057263902559,0.2385479688850476,YHR017W,non_ess,non_ess
0.0722543352601156,0.028783818826173393,0.027027027027027032,0.014507560277891298,0.09505703422053233,1.2661596958174903,1.6168880072004554,0.5057034220532319,YFR032C-B,non_ess,non_ess
0.12716763005780346,0.04425620191892125,0.16216216216216214,0.1610134859011034,0.018227009113504555,0.212096106048053,0.4323072674356849,0.1975973487986744,YGR067C,non_ess,non_ess
0.07803468208092486,0.019102774656409367,0.054054054054054064,0.015324887617490809,0.09818181818181818,0.8036363636363636,2.597454545454545,0.19636363636363635,YDR250C,non_ess,non_ess
0.011560693641618495,0.0019880715705765406,0.0,0.027380465876583573,0.008849557522123894,0.05088495575221239,0.2858079318256309,0.3650442477876106,YOR052C,non_ess,non_ess
0.07803468208092486,0.025153427262511883,0.32432432432432434,0.0606865549652636,0.02869287991498405,0.3092454835281616,0.6630437701653897,0.16259298618490967,YKL094W,non_ess,non_ess
0.03757225433526011,0.007087907338577231,0.027027027027027032,0.18348998774008995,0.0047376093294460644,0.02988338192419825,0.13154812358535384,0.2879008746355685,YGL049C,non_ess,non_ess
0.02890173410404624,0.0026795747255596854,0.2432432432432433,0.0406620351450756,0.015455950540958269,0.04791344667697063,0.6911937881798778,0.4945904173106646,YGL101W,non_ess,non_ess
0.01445086705202312,0.002420261042441006,0.0,0.18573763792398856,0.0018005041411595247,0.010082823190493338,0.035584509117098234,0.4900972272236226,YDR081C,ess,ess
0.049132947976878616,0.007087907338577231,0.027027027027027032,0.08970167552104619,0.012435991221653257,0.05998536942209218,0.2798098024871982,0.2377468910021946,YDL091C,non_ess,non_ess
0.0028901734104046237,0.0005186273662373584,0.027027027027027032,0.01941152431548836,0.0029850746268656717,0.01791044776119403,0.05749070347919107,1.0,YMR153C-A,non_ess,non_ess
