hits_count,reads_count,hits_count_pro,ratio_hits_prom,orf_len,insertion_index,reads_by_len,NI,NI_ratio,HFI,HFI_ratio,orf,label,predictions
0.1676300578034682,0.029388884086783643,0.0,1.0,0.3193706579485084,0.012238868959696137,0.07174509390166701,0.2939102299451667,0.5738897619463361,0.1050854610677358,1.1857142857142855,YNR031C,non_ess,non_ess
0.005780346820809247,0.0010372547324747168,0.0,0.0,0.0939926440539436,0.0013986013986013984,0.008391608391608392,0.025604271247424776,0.04457617071724957,0.42097902097902096,2.7488584474885847,YJL002C,ess,ess
0.08959537572254335,0.023943296741291385,0.08108108108108109,0.6,0.1773600326930936,0.011680482290881688,0.10437076111529768,0.5108820468654681,1.2609126984126984,0.2422758100979653,0.7737665463297233,YLR318W,non_ess,non_ess
0.011560693641618495,0.0009508168381018238,0.054054054054054064,0.6666666666666666,0.03248876174908051,0.007590132827324478,0.02087286527514232,0.1985356209702256,2.2931937172774868,0.6451612903225806,1.3492063492063493,YBR254C,ess,non_ess
0.031791907514450865,0.00786584838793327,0.08108108108108109,1.5,0.030854107069881488,0.02186878727634195,0.1809145129224652,0.6685938423512977,1.3147147147147151,0.27634194831013914,0.7637362637362637,YKL056C,non_ess,non_ess
0.04335260115606936,0.013397873627798429,0.054054054054054064,1.0,0.1493665713118104,0.006687472135532769,0.06910387873383861,0.15209110605314002,0.7327141382868937,0.4694605439144003,1.9215328467153283,YBL067C,non_ess,non_ess
0.06936416184971098,0.0076929725991874845,0.027027027027027032,0.25,0.26890069472823863,0.006003001500750375,0.02226113056528264,0.09619772479756088,0.4959030993943713,0.2526263131565783,1.5256797583081572,YBR081C,non_ess,non_ess
0.04624277456647399,0.007952286282306162,0.054054054054054064,2.0,0.1013485901103392,0.010403120936280884,0.059817945383615075,0.34754375357193146,1.8547770700636943,0.3101430429128739,0.7395348837209302,YGR059W,non_ess,non_ess
0.06358381502890173,0.014608004149018932,0.027027027027027032,0.2,0.0995096035962403,0.014559894109861018,0.11184645929847783,0.6623169222800911,0.6481693363844395,0.1343481138318994,1.0463917525773194,YKL175W,non_ess,non_ess
0.0028901734104046237,8.643789437289306e-05,0.0,0.0,0.13281569268492033,0.0005,0.0005,0.015169683257918553,0.13273001508295626,0.957,1.842155919153032,YJL010C,ess,ess
0.09248554913294796,0.024029734635664275,0.13513513513513514,1.6666666666666667,0.11115651818553332,0.019024970273483943,0.1652794292508918,0.5825264707547704,1.554285714285714,0.1890606420927468,0.6115384615384615,YBR220C,non_ess,non_ess
0.1676300578034682,0.04079868614400553,0.054054054054054064,1.0,0.12545974662852474,0.0306553911205074,0.24947145877378435,0.5103220992413879,0.6513368983957221,0.07610993657505286,0.7741935483870968,YER005W,non_ess,non_ess
0.02023121387283237,0.004840522084882012,0.0,0.0,0.07703310175725378,0.0059271803556308214,0.04741744284504657,0.15132454336518691,0.3809523809523809,0.5063505503810329,2.0409556313993176,YBR267W,non_ess,non_ess
0.049132947976878616,0.00898954101478088,0.10810810810810813,0.5714285714285714,0.17041275030649775,0.0066614420062695925,0.04075235109717868,0.15430776929077075,0.4107981220657277,0.3945924764890282,2.48641975308642,YMR302C,non_ess,non_ess
0.09826589595375723,0.037341170369089814,0.054054054054054064,4.0,0.0960359624029424,0.023287671232876717,0.2958904109589041,0.6489497716894977,0.9234567901234568,0.10410958904109588,1.1094890510948905,YNL277W,non_ess,non_ess
0.05780346820809248,0.011064050479730312,0.08108108108108109,0.75,0.08847568451164692,0.014825796886582653,0.09488510007412898,0.3997226141227672,0.9093701996927804,0.2320237212750185,1.6302083333333333,YER020W,non_ess,non_ess
0.031791907514450865,0.008816665226035093,0.0,0.0,0.07539844707805476,0.00950734658599827,0.0881590319792567,0.22693622937882826,0.3700828157349896,0.45030250648228176,3.4503311258278138,YJR072C,ess,ess
0.09248554913294796,0.028438067248681826,0.054054054054054064,1.0,0.0596648957907642,0.034557235421166316,0.3552915766738661,0.5141077552064628,0.6057056079835124,0.21922246220302372,2.1827956989247315,YDL127W,non_ess,non_ess
0.24277456647398846,0.11392514478347307,0.5405405405405406,1.5384615384615383,0.09011033919084592,0.06117989803350327,0.9599417334304444,1.6050726189966156,0.9456601198888837,0.06846321922796796,1.160493827160494,YAL062W,non_ess,non_ess
0.0,0.0,0.0,0.0,0.07376379239885575,0.0,0.0,0.0,0.0,1.0,1.8883333333333328,YBR192W,ess,ess
0.04046242774566474,0.019621402022646728,0.08108108108108109,1.0,0.16857376379239886,0.0055445544554455425,0.0899009900990099,0.12766394631094907,0.8825662482566248,0.3413861386138614,0.8288461538461539,YDR505C,non_ess,non_ess
0.023121387283236997,0.01633676203647679,0.10810810810810813,0.5714285714285714,0.033714752758479766,0.01467889908256881,0.3467889908256881,0.4568961529565954,0.6929541047188105,0.6165137614678899,2.4347826086956523,YDR178W,non_ess,non_ess
0.03468208092485549,0.008384475754170628,0.0,1.0,0.13077237433592154,0.006091370558375634,0.04923857868020305,0.1846771337504427,0.6046511627906976,0.3015228426395939,1.1832669322709162,YDR496C,non_ess,non_ess
0.049132947976878616,0.007433658916068805,0.1891891891891892,1.4,0.17838169186759298,0.006369426751592357,0.032221805919820164,0.1199440995458088,0.5114657860942945,0.21056575496440613,1.050467289719626,YKR050W,non_ess,non_ess
0.16184971098265896,0.05722188607485521,0.10810810810810813,1.3333333333333333,0.2274213322435636,0.016524048391856002,0.1953378577751549,0.4089013474968034,1.6264705882352943,0.08999704927707289,0.854341736694678,YBR245C,non_ess,non_ess
0.05202312138728323,0.012274181000950816,0.027027027027027032,0.5,0.08111973845525132,0.014504431909750204,0.1144238517324738,0.4949195180912325,1.6547842401500938,0.5052377115229654,1.5108433734939757,YBR233W,non_ess,non_ess
0.11560693641618495,0.025758492523122137,0.0,1.0,0.15590519002860648,0.017101325352714837,0.12740487387772553,0.3287848558263266,0.7554200542005421,0.12911500641299695,1.606382978723404,YGL009C,non_ess,non_ess
0.06358381502890173,0.009681044169764024,0.21621621621621626,2.6666666666666665,0.07315079689415611,0.019572953736654804,0.099644128113879,0.4916963226571768,1.392857142857143,0.2393238434163701,0.8176291793313071,YMR289W,non_ess,non_ess
0.049132947976878616,0.007260783127323019,0.027027027027027032,0.3333333333333333,0.10053126277073968,0.011140235910878113,0.05504587155963303,0.27943813508667065,0.6128097843579015,0.17562254259501967,1.4806629834254146,YOR231W,non_ess,non_ess
0.023121387283236997,0.005791338922983836,0.027027027027027032,2.0,0.03889115924261,0.012882447665056359,0.10789049919484699,0.225535291896848,0.9077238550922764,0.3494363929146538,0.7281879194630873,YDL130W,non_ess,non_ess
0.18208092485549127,0.08202956175987552,0.054054054054054064,4.0,0.08377605230894974,0.04921875,0.74140625,3.516975,1.08,0.14765625,1.5,YAR003W,non_ess,non_ess
0.01445086705202312,0.0019880715705765406,0.0,0.0,0.08438904781364938,0.003878975950349108,0.017843289371605897,0.10982535725072397,0.3625954198473281,0.4321179208688906,1.5690140845070422,YPR186C,ess,ess
0.1329479768786127,0.04218169245397182,0.054054054054054064,4.0,0.19963220269718024,0.015431063401543106,0.16370345521637036,0.2654949005392361,0.5606965174129354,0.10499832271049983,1.0503355704697988,YIR002C,non_ess,non_ess
0.09248554913294796,0.017719768346443083,0.13513513513513514,0.4545454545454545,0.14262362076011445,0.01492537313432836,0.09561567164179104,0.6887900920927279,1.4457578145521408,0.25279850746268656,1.4648648648648648,YFL047W,non_ess,non_ess
0.011560693641618495,0.001210130521220503,0.08108108108108109,0.5,0.05292194523906825,0.004836759371221282,0.016928657799274487,0.07693979864951156,0.4847512038523274,0.3603385731559855,1.6021505376344083,YOR278W,ess,non_ess
0.03757225433526011,0.011150488374103209,0.027027027027027032,2.0,0.06232120964446261,0.013471502590673576,0.13367875647668392,0.29167206390328154,0.6281828703703705,0.4103626943005181,2.64,YNR034W,non_ess,non_ess
0.017341040462427744,0.0018151957818307548,0.027027027027027032,0.5,0.09419697588884347,0.0041870202372644785,0.014654570830425682,0.10789202478937812,0.15452538631346582,0.4270760642009771,1.9490445859872607,YER019W,non_ess,non_ess
0.10404624277456646,0.02048578096637566,0.13513513513513514,2.5,0.1319983653453208,0.018108651911468814,0.11921529175050302,0.27212186160440904,0.7826086956521738,0.10412474849094568,0.8023255813953489,YAL048C,non_ess,non_ess
0.02890173410404624,0.0036303915636615096,0.054054054054054064,1.0,0.03821005312627708,0.016366612111292964,0.06873977086743044,0.5085340191723171,0.8829365079365079,0.32078559738134205,1.9029126213592231,YGL200C,non_ess,non_ess
0.06358381502890173,0.01037254732474717,0.2702702702702703,2.5,0.1319983653453208,0.011066398390342052,0.060362173038229376,0.2651780993125991,0.5036210771664029,0.15895372233400398,1.2793522267206476,YFR048W,non_ess,non_ess
0.02023121387283237,0.0047540841905091185,0.0,1.0,0.11013485901103393,0.004199160167966407,0.032993401319736056,0.12812321256678896,0.2394901610017889,0.8038392321535693,2.8210526315789486,YPL042C,non_ess,non_ess
0.011560693641618495,0.0012965684155933962,0.16216216216216214,0.6,0.013485901103391913,0.016129032258064516,0.06048387096774194,0.4207676006592889,0.4504692387904067,0.6411290322580645,1.8705882352941177,YBL071W-A,non_ess,non_ess
0.011560693641618495,0.0015558820987120756,0.0,0.0,0.17797302819779326,0.0015020653398422831,0.006759294029290274,0.05668615241479422,0.3144278606965174,0.4532482162974089,0.4532482162974089,YPR112C,ess,ess
0.02890173410404624,0.007087907338577231,0.08108108108108109,0.2727272727272727,0.15263588067020842,0.004364906154517678,0.03579223046704496,0.11114596973665067,0.34143518518518523,0.4063727629855958,3.221453287197232,YOR361C,ess,ess
0.04624277456647399,0.01737401676895151,0.08108108108108109,0.75,0.06640784634246016,0.015609756097560976,0.19609756097560976,0.3945336064047664,0.5016357688113414,0.19609756097560976,1.0923913043478262,YOR026W,non_ess,non_ess
0.011560693641618495,0.00224738525369522,0.0,0.0,0.06579485083776053,0.003937007874015748,0.02559055118110236,0.10470102128323068,0.22178217821782176,0.4616141732283465,1.8464566929133857,YKL193C,ess,ess
0.06358381502890173,0.015904572564612324,0.16216216216216214,1.2,0.060890886800163475,0.023305084745762712,0.1949152542372881,0.8361210228962236,1.2115009746588692,0.21398305084745764,1.2866242038216562,YDR336W,non_ess,non_ess
0.023121387283236997,0.0047540841905091185,0.0,0.0,0.15079689415610953,0.00353356890459364,0.024293286219081268,0.29131942129475297,0.28176100628930817,0.44346289752650175,1.992063492063492,YBL097W,ess,ess
0.04624277456647399,0.007952286282306162,0.0,0.0,0.1420106252554148,0.007494145199063231,0.04309133489461359,0.2512264267225441,0.7313019390581718,0.23559718969555035,0.8165584415584415,YOR381W,non_ess,non_ess
0.04046242774566474,0.008298037859797734,0.027027027027027032,2.0,0.10257458111973848,0.008997429305912597,0.06169665809768636,0.19494430162810625,0.880503144654088,0.31426735218509005,0.7593167701863355,YKL116C,non_ess,non_ess
0.005780346820809247,0.0003457515774915723,0.0,1.0,0.05680425010216592,0.0022624434389140274,0.004524886877828055,0.07158472723575167,0.13782771535580526,0.6380090497737556,2.3402489626556022,YDR489W,ess,ess
0.0838150289017341,0.014435128360273143,0.027027027027027032,2.0,0.08398038414384963,0.02260327357755261,0.13016367887763056,0.9996297739672642,0.6486842105263158,1.0,6.320197044334973,YLL010C,non_ess,non_ess
0.02890173410404624,0.003976143141153081,0.2972972972972973,1.375,0.0253371475275848,0.023696682464454968,0.10900473933649288,0.3971511027562286,0.7905027932960894,0.2938388625592417,1.0508474576271185,YDL123W,non_ess,non_ess
0.023121387283236997,0.004321894718644654,0.08108108108108109,1.5,0.08704536166734778,0.006024096385542169,0.037650602409638564,0.4385739680031602,0.5770491803278689,0.4977409638554217,0.936260623229462,YML038C,non_ess,non_ess
0.011560693641618495,0.0010372547324747168,0.0,0.0,0.09930527176134042,0.002652519893899204,0.007957559681697613,0.08150320444173517,0.334448160535117,0.4920424403183024,1.4352030947775631,YKR063C,ess,ess
0.06358381502890173,0.013052122050306855,0.027027027027027032,0.5,0.09664895790764202,0.014976174268209666,0.10279101429543908,0.6046630360789652,0.6329365079365078,0.15180394826412524,1.2054054054054053,YDL238C,non_ess,non_ess
0.03468208092485549,0.008643789437289308,0.0,0.0,0.15140988966080918,0.005279366476022877,0.043994720633523984,0.22145714607270384,0.45182724252491707,0.3902331720193577,1.6799242424242429,YOR014W,non_ess,non_ess
0.023121387283236997,0.005359149451119371,0.10810810810810813,0.8,0.09031467102574582,0.005813953488372093,0.04505813953488372,0.10585129080435246,0.6069160197600565,0.5079941860465116,0.9721835883171072,YOR166C,non_ess,non_ess
0.04624277456647399,0.007001469444204339,0.10810810810810813,0.6666666666666666,0.08786268900694727,0.011940298507462687,0.06044776119402985,0.21531137416366444,0.5186781609195401,0.2388059701492537,1.1594202898550725,YHR004C,non_ess,non_ess
0.023121387283236997,0.010113233641628491,0.054054054054054064,1.0,0.05741724560686556,0.008958566629339306,0.13101903695408734,0.4107158239297097,1.0615384615384615,0.3101903695408735,0.6925,YMR096W,non_ess,non_ess
0.02023121387283237,0.0019880715705765406,0.0,0.0,0.11340416836943196,0.004081632653061225,0.013411078717201166,0.13836218031516406,0.4690990320178706,0.8104956268221575,4.469453376205788,YIL150C,ess,ess
0.0028901734104046237,8.643789437289306e-05,0.054054054054054064,1.0,0.05094673750170277,0.0012531328320802006,0.0012531328320802006,0.03174197629997323,0.14805825242718446,0.6390977443609023,1.7708333333333337,YHR021C,non_ess,non_ess
0.017341040462427744,0.00224738525369522,0.0,0.0,0.038823048630976714,0.00967741935483871,0.04193548387096775,0.3140198511166253,0.3326923076923077,0.4838709677419355,2.0134228187919465,YFL038C,ess,ess
0.09826589595375723,0.02411617253003717,0.10810810810810813,1.0,0.08724969350224766,0.025544703230653644,0.2096168294515402,0.4642648444301337,0.7032227032227032,1.0,1.0,YER152C,non_ess,non_ess
0.005780346820809247,0.003889705246780188,0.0,0.0,0.04229668982427463,0.002980625931445604,0.06706408345752607,0.04134138927297476,0.054296028880866425,0.8047690014903129,4.615384615384615,YHL031C,non_ess,non_ess
0.08092485549132948,0.015645258881493648,0.0,0.0,0.17409072333469555,0.010744435917114352,0.06945510360706063,0.3188434316600088,0.754766600920447,0.3453568687643899,0.9493670886075948,YLL005C,non_ess,non_ess
0.05202312138728323,0.007347221021695911,0.10810810810810813,1.3333333333333333,0.051491622394769114,0.022332506203473945,0.1054590570719603,0.6726373391615861,1.379375591296121,0.22084367245657568,0.8317757009345794,YHR200W,non_ess,non_ess
0.04624277456647399,0.006655717866712767,0.10810810810810813,0.4,0.09337964854924398,0.011259676284306826,0.054187192118226604,0.2443804180091705,0.4230709757229009,0.31175228712174524,2.0228310502283104,YGL012W,non_ess,non_ess
0.026011560693641616,0.0047540841905091185,0.054054054054054064,0.25,0.060277891295463834,0.009625668449197863,0.05882352941176471,0.20756441419543026,0.3551652892561984,0.4556149732620321,2.46242774566474,YJR077C,non_ess,non_ess
0.03468208092485549,0.008038724176679056,0.16216216216216214,1.0,0.06354720065386188,0.012207527975584944,0.09460834181078333,0.2405545435188909,0.8419797257006557,0.16683621566632756,0.5377049180327869,YJR100C,non_ess,non_ess
0.049132947976878616,0.008211599965424842,0.027027027027027032,2.0,0.30057212913771963,0.003809097019941743,0.0212861304055568,0.11758319729415405,0.5003306878306878,0.2484875644185525,2.4535398230088497,YGL197W,non_ess,non_ess
0.0953757225433526,0.015299507304002076,0.10810810810810813,4.0,0.1438496117695137,0.015263644773358002,0.0818686401480111,0.8314704581104452,0.4832951945080091,0.18085106382978725,1.5333333333333334,YPR159W,non_ess,non_ess
0.017341040462427744,0.0018151957818307548,0.0,1.0,0.09705762157744176,0.004067796610169493,0.014237288135593218,0.20088657105606256,1.061538461538461,0.3105084745762712,0.7633333333333333,YDL146W,non_ess,non_ess
0.1184971098265896,0.02532630305125767,0.08108108108108109,6.0,0.20290151205557827,0.013535820402773192,0.09673159458567183,0.3470723180198254,0.8443630443630442,0.19511389897655992,2.364,YDR379W,non_ess,non_ess
0.02890173410404624,0.00509983576800069,0.10810810810810813,1.3333333333333333,0.059460563955864326,0.010834236186348862,0.06392199349945829,0.21136004792208224,0.5247440273037542,0.2979414951245937,1.3888888888888893,YJL126W,non_ess,non_ess
0.008670520231213872,0.0007779410493560378,0.0,1.0,0.08786268900694727,0.002238805970149254,0.006716417910447761,0.05173208033904552,0.6635802469135803,0.942537313432836,2.0570032573289905,YDL084W,ess,ess
0.15028901734104044,0.06543348604028006,0.13513513513513514,5.0,0.05169595422966899,0.06427688504326329,0.9357231149567368,1.821515821029169,1.42169728783902,0.14585908529048208,0.14585908529048208,YLR059C,non_ess,non_ess
0.04046242774566474,0.006396404183594088,0.0,0.0,0.19200381419425147,0.004879749041477867,0.025792959219240155,0.16317195917643534,0.6977671451355663,0.5259672359707215,2.9530332681017613,YGL137W,ess,ess
0.05202312138728323,0.012101305212205031,0.10810810810810813,1.3333333333333333,0.07928075194115244,0.014827018121911038,0.11532125205930807,0.4373970345963756,0.8717805151175813,0.17380560131795714,0.7757352941176471,YLR107W,non_ess,non_ess
0.01445086705202312,0.015558820987120752,0.0,0.0,0.02881078872088272,0.010570824524312895,0.38054968287526425,0.3551968923494732,1.4532520325203249,0.8245243128964059,1.4716981132075468,YMR236W,ess,ess
0.011560693641618495,0.002333823148068113,0.027027027027027032,0.3333333333333333,0.1953412341642828,0.0013708019191226864,0.009252912954078136,0.02857181254955718,0.16339869281045755,0.5366689513365319,4.3500000000000005,YOR160W,ess,ess
0.0,0.0,0.0,1.0,0.011033919084593379,0.0,0.0,0.0,0.0,1.0,2.12,YOR210W,ess,ess
0.05780346820809248,0.009162416803526663,0.054054054054054064,0.2857142857142857,0.16223947691050267,0.008223684210526315,0.04358552631578947,0.4382476076555024,1.4354066985645932,0.21546052631578946,1.071574642126789,YDL148C,ess,non_ess
0.04624277456647399,0.013311435733425534,0.0,1.0,0.05598692276256642,0.01834862385321101,0.17660550458715596,0.3127212309470491,1.0136005726556907,0.1651376146788991,0.96,YGR205W,non_ess,non_ess
0.03468208092485549,0.006309966289221194,0.13513513513513514,0.8333333333333334,0.0976706170821414,0.008086253369272238,0.049191374663072766,0.2016711590296496,0.648,0.5822102425876011,2.279683377308708,YDR257C,non_ess,non_ess
0.09248554913294796,0.028438067248681826,0.027027027027027032,1.0,0.10114425827543932,0.020846905537459284,0.21433224755700325,0.4140652156397832,0.7067137809187278,0.1029315960912052,0.6781115879828326,YJR010W,non_ess,non_ess
0.008670520231213872,0.003111764197424151,0.0,0.0,0.1501838986514099,0.0013303769401330375,0.015964523281596452,0.0273771290505404,0.1672005124919923,0.7339246119733924,2.72203947368421,YGR264C,ess,ess
0.06936416184971098,0.010718298902238741,0.027027027027027032,1.0,0.1908459337964855,0.008415147265077139,0.043478260869565216,0.2653741440475208,0.588235294117647,0.17461430575035064,0.8397976391231029,YGR100W,non_ess,non_ess
0.011560693641618495,0.0027660126199325783,0.0,0.0,0.11360850020433184,0.002328288707799767,0.018626309662398137,0.07153095076275008,0.13728323699421965,0.39988358556461,1.6594202898550725,YLR259C,ess,ess
0.05780346820809248,0.01322499783905264,0.054054054054054064,0.6666666666666666,0.052717613404168376,0.024271844660194167,0.18567961165048544,0.5375807125934873,1.0731373889268627,0.16868932038834952,0.8797468354430379,YGL085W,non_ess,non_ess
0.05202312138728323,0.01184199152908635,0.08108108108108109,6.0,0.10911319983653454,0.010895883777239709,0.08292978208232446,0.3557335805084745,1.4238281249999998,0.20823244552058112,1.1821305841924399,YMR171C,non_ess,non_ess
0.04335260115606936,0.00786584838793327,0.08108108108108109,3.0,0.08275439313445035,0.011857707509881422,0.07193675889328062,0.4637082285303629,0.6118881118881118,0.3201581027667984,2.4397590361445785,YBL091C,non_ess,non_ess
0.04624277456647399,0.011150488374103209,0.13513513513513514,2.5,0.08398038414384963,0.012470771628994544,0.10054559625876852,0.3464677589361075,0.7046632124352331,0.3624318004676539,1.3210227272727273,YBR287W,non_ess,non_ess
0.03468208092485549,0.007779410493560376,0.16216216216216214,1.5,0.07335512872905599,0.010647737355811893,0.07985803016858918,0.3746624705559421,0.5738468049090141,0.16149068322981364,0.5321637426900584,YBR204C,non_ess,non_ess
0.02890173410404624,0.0035439536692886157,0.054054054054054064,2.0,0.24111156518185534,0.0027855153203342627,0.011420612813370474,0.050526610736595735,0.2590998744844899,0.2211699164345404,1.2030303030303031,YPL226W,non_ess,non_ess
0.0722543352601156,0.012447056789696605,0.027027027027027032,1.0,0.1853289742541888,0.009022013713460843,0.05196679898953446,0.5015627962737554,1.7696909272183448,0.18224467701190905,0.4372294372294372,YCR037C,non_ess,non_ess
0.10982658959537572,0.02074509464949434,0.027027027027027032,1.0,0.17572537801389454,0.014448669201520912,0.09125475285171104,0.5491319934818033,0.8866666666666665,0.15133079847908745,1.0815217391304346,YML034W,non_ess,non_ess
0.008670520231213872,0.0005186273662373584,0.08108108108108109,1.5,0.04495300367797303,0.004225352112676056,0.008450704225352112,0.0823172612316233,0.6824817518248173,0.7774647887323943,1.4798927613941018,YJR099W,non_ess,non_ess
0.04335260115606936,0.009162416803526663,0.10810810810810813,0.8,0.30404577033101754,0.003322995126273815,0.02348249889233496,0.07596855957511696,0.4081632653061225,0.1891891891891892,0.9918699186991872,YPL167C,non_ess,non_ess
0.05780346820809248,0.00898954101478088,0.13513513513513514,1.25,0.06742950551695955,0.019230769230769232,0.1,0.4847319347319348,1.3636363636363638,0.17115384615384616,0.6592592592592592,YOR007C,non_ess,non_ess
0.05780346820809248,0.0112369262684761,0.0,0.0,0.16693910911319984,0.007996801279488205,0.05197920831667333,0.1927956090291157,0.4919786096256685,0.16273490603758498,0.6271186440677967,YDL056W,non_ess,non_ess
0.04624277456647399,0.006915031549831446,0.027027027027027032,0.25,0.105026563138537,0.010050251256281407,0.05025125628140704,0.35689726829636903,0.5774436090225563,0.4101758793969849,2.511538461538461,YKR023W,non_ess,non_ess
0.060693641618497114,0.015991010458985218,0.0,1.0,0.06456885982836126,0.021042084168336674,0.18537074148296592,0.6960011977978946,0.4388714733542319,0.21743486973947893,3.2388059701492544,YCR021C,non_ess,non_ess
0.0,0.0,0.0,0.0,0.039844707805476096,0.0,0.0,0.0,0.0,1.0,3.097560975609756,YMR269W,non_ess,ess
0.005780346820809247,0.0007779410493560378,0.0,0.0,0.07458111973845526,0.0017467248908296946,0.007860262008733625,0.0337973338114203,0.21041055718475069,0.7013100436681222,1.4733944954128442,YLR291C,ess,ess
0.0,0.0,0.16216216216216214,1.2,0.014507560277891298,0.0,0.0,0.0,0.0,1.0,1.5202312138728324,YJR135W-A,non_ess,non_ess
0.03757225433526011,0.005186273662373585,0.027027027027027032,0.5,0.11095218635063343,0.007742703990470519,0.0357355568790947,0.36343061346039307,0.9684210526315788,0.2394282310899345,1.3958333333333337,YDL106C,non_ess,non_ess
0.011560693641618495,0.0016423199930849686,0.32432432432432434,1.5,0.06559051900286066,0.003948667324777886,0.018756169792694958,0.09260199925243676,0.33333333333333337,0.5755182625863771,1.166,YDR392W,non_ess,non_ess
0.023121387283236997,0.007779410493560376,0.13513513513513514,1.0,0.022680833673886392,0.020887728459530026,0.2349869451697128,0.4689159404564105,0.5018981018981019,0.3342036553524804,1.4712643678160915,YDR529C,non_ess,non_ess
0.05491329479768786,0.008298037859797734,0.21621621621621626,1.3333333333333333,0.08418471597874949,0.014774494556765163,0.07465007776049767,0.5504479830440826,0.9387905604719764,0.13763608087091758,0.8509615384615384,YDL066W,non_ess,non_ess
0.031791907514450865,0.006828593655458553,0.0,0.0,0.14139762975071518,0.0051740357478833494,0.03715898400752587,0.11870349781920808,0.3409090909090909,0.2972718720602069,1.9386503067484664,YGL245W,ess,ess
0.0953757225433526,0.01573169677586654,0.2432432432432433,1.5,0.08827135267674703,0.02451708766716196,0.1352154531946508,0.8120955758999185,0.6952920662598082,0.1515601783060921,1.0909090909090908,YER119C,non_ess,non_ess
0.026011560693641616,0.00760653470481459,0.0,1.0,0.0406620351450756,0.013910355486862442,0.13601236476043274,0.42662455480142464,0.5765217391304348,0.4173106646058733,1.6666666666666663,YEL024W,non_ess,non_ess
0.0028901734104046237,0.00017287578874578615,0.0,0.0,0.05455659991826727,0.0011750881316098707,0.002350176263219741,0.027696282519202184,0.2350993377483444,1.0,1.5529197080291968,YGL128C,ess,ess
0.06358381502890173,0.009248854697899558,0.054054054054054064,1.0,0.11973845525132815,0.012168141592920356,0.059181415929203535,0.3729267546056659,1.0440251572327044,0.13550884955752213,0.6712328767123288,YHR202W,non_ess,non_ess
0.02890173410404624,0.003198202091797044,0.16216216216216214,6.0,0.023498161013485903,0.02531645569620253,0.09367088607594937,0.6611365472663614,1.1329787234042552,0.2506329113924051,0.6226415094339623,YHR132W-A,non_ess,non_ess
0.05491329479768786,0.0087302273316622,0.10810810810810813,4.0,0.05803024111156519,0.02106430155210643,0.11197339246119734,0.637790417429866,1.3852842809364547,0.3203991130820399,0.8865030674846626,YLR146C,non_ess,non_ess
0.07803468208092486,0.02852450514305472,0.16216216216216214,1.5,0.05782590927666531,0.030033370411568405,0.3670745272525028,0.5873571645262412,1.0355113636363635,0.1868743047830924,1.0,YER175C,non_ess,non_ess
0.008670520231213872,0.0006050652606102515,0.0,0.0,0.1729328429369296,0.0011587485515643105,0.002703746620316725,0.03792075290393692,0.22357723577235772,0.8501351873310158,1.4871621621621618,YJL041W,ess,ess
0.0,0.0,0.0,0.0,0.0860237024928484,0.0,0.0,0.0,0.0,1.0,2.4867424242424243,YBR143C,ess,ess
0.05780346820809248,0.009681044169764024,0.08108108108108109,1.5,0.0406620351450756,0.030911901081916538,0.1731066460587326,0.7482040963129295,0.9748427672955974,0.13601236476043274,0.3963963963963964,YIL010W,non_ess,non_ess
0.04624277456647399,0.012619932578442388,0.08108108108108109,3.0,0.1348590110339191,0.007881773399014778,0.07192118226600985,0.17752436851483072,0.3849427168576105,0.1541871921182266,1.7683615819209038,YOL023W,non_ess,non_ess
0.08670520231213873,0.012533494684069495,0.0,0.0,0.2662443808745402,0.007577671129072998,0.03662541045718616,0.2638985080950713,0.8073732718894009,0.11012882040919424,0.9396551724137928,YIL030C,non_ess,non_ess
0.031791907514450865,0.006396404183594088,0.027027027027027032,1.0,0.05986922762566409,0.011840688912809472,0.07965554359526372,0.2280890601099088,1.3770676691729324,0.2874058127018299,0.7739130434782608,YOR101W,non_ess,non_ess
0.0,0.0,0.0,0.0,0.09971393543114017,0.0,0.0,0.0,0.0,1.0,3.2008456659619453,YLR197W,ess,ess
0.01445086705202312,0.0018151957818307548,0.0,0.0,0.09705762157744176,0.003389830508474576,0.014237288135593218,0.09278784336645236,0.2540834845735027,0.3084745762711865,1.952789699570816,YDR182W,ess,ess
0.01445086705202312,0.00224738525369522,0.0,0.0,0.09991826726604006,0.0032959789057350032,0.017139090309822018,0.09074313952362732,0.7459207459207458,0.4258404746209624,1.2211720226843101,YMR290C,ess,ess
0.10693641618497107,0.03725473247471692,0.13513513513513514,0.8333333333333334,0.10359624029423783,0.023551877784850413,0.2743475493316359,0.7071664858197313,0.7078517337584693,0.17313812858052194,1.9568345323741008,YLR004C,non_ess,non_ess
0.05780346820809248,0.01901633676203648,0.16216216216216214,1.2,0.06640784634246016,0.01951219512195122,0.2146341463414634,0.7604181184668989,1.2952380952380949,0.2790243902439025,1.906666666666667,YDR411C,non_ess,non_ess
0.017341040462427744,0.0012965684155933962,0.027027027027027032,0.3333333333333333,0.05006129955046997,0.007643312101910828,0.01910828025477707,0.19302396117682746,0.4421768707482993,0.3821656050955414,1.875,YOR157C,ess,ess
0.060693641618497114,0.02204166306508773,0.16216216216216214,0.75,0.0670208418471598,0.020309477756286262,0.24661508704061896,0.6528899761064967,1.1844290657439445,0.2263056092843327,0.9105058365758756,YBR149W,non_ess,non_ess
0.0838150289017341,0.02472123779064742,0.027027027027027032,0.5,0.22456068655496528,0.008664475649835673,0.08544965640872422,0.2634468947585171,0.9862612612612612,0.29399462204959664,1.5351014040561624,YHR079C,non_ess,non_ess
0.049132947976878616,0.0075200968104416985,0.027027027027027032,1.0,0.15222721700040867,0.007439824945295405,0.03807439824945296,0.2002679408743804,0.4033515845362535,0.2175054704595186,1.2487437185929648,YER017C,non_ess,non_ess
0.031791907514450865,0.0047540841905091185,0.027027027027027032,2.0,0.0678381691867593,0.010516252390057362,0.052581261950286805,0.36601487810707456,0.9320913461538459,0.5803059273422562,1.6143617021276593,YMR234W,non_ess,non_ess
0.011560693641618495,0.0025931368311867924,0.21621621621621626,1.0,0.031467102574581116,0.0078125,0.05859375,0.2334762168141593,0.3871681415929204,0.86328125,1.6870229007633588,YFR011C,non_ess,non_ess
0.03757225433526011,0.010545423113492956,0.10810810810810813,2.0,0.03677973028197794,0.022033898305084745,0.20677966101694914,0.7124767632586112,1.2199413489736068,0.2644067796610169,1.046979865771812,YJL030W,non_ess,non_ess
0.05491329479768786,0.014694442043391822,0.08108108108108109,0.75,0.04849475548290424,0.024934383202099737,0.2230971128608924,0.6677503380259285,1.18510101010101,0.16272965879265092,1.24,YLR333C,non_ess,non_ess
0.04046242774566474,0.019275650445155158,0.0,0.0,0.11728647323252965,0.007900677200902935,0.12584650112866816,0.32121190744921,1.1875000000000002,0.6918735891647856,1.9096573208722745,YMR213W,ess,ess
0.02023121387283237,0.0030253263030512573,0.2432432432432433,2.25,0.09276665304454433,0.004957507082152974,0.02478753541076488,0.08948995260914458,0.3352803738317757,0.461756373937677,1.3901918976545842,YPR045C,non_ess,non_ess
0.19942196531791906,0.07753479125248508,0.0,0.0,0.2357989374744585,0.019646924829157177,0.2554100227790433,0.5069066337018724,1.014430894308943,0.13411161731207288,0.7733990147783251,YKL038W,non_ess,non_ess
0.0028901734104046237,0.0002593136831186792,0.0,1.0,0.11810380057212914,0.0005605381165919282,0.0016816143497757848,0.03609378046402808,0.15362318840579714,1.0,2.6989409984871413,YLR276C,ess,ess
0.06647398843930635,0.009767482064136915,0.0,0.0,0.15284021250510832,0.010026155187445507,0.04925893635571055,0.330066650913802,0.832943925233645,0.17611159546643418,1.5131086142322099,YLR114C,non_ess,non_ess
0.049132947976878616,0.00760653470481459,0.027027027027027032,0.5,0.2143440948099714,0.005317485142320926,0.02752580544260244,0.13480170127026556,0.5561938061938062,0.4060056302783859,3.397905759162304,YPR055W,ess,ess
0.31213872832369943,0.14867317832137608,0.054054054054054064,4.0,0.435022476501839,0.01677800217492621,0.26720521982289885,0.4131803798762091,1.1097744360902255,0.12692247941587695,1.1010781671159031,YDL171C,non_ess,non_ess
0.011560693641618495,0.0006050652606102515,0.0,0.0,0.15774417654270534,0.0016906170752324595,0.002958579881656805,0.07475072487479435,0.3238456672991777,0.7032967032967034,4.277634961439588,YDL060W,ess,ess
0.026011560693641616,0.0044083326130175465,0.16216216216216214,0.75,0.0995096035962403,0.005956320317670417,0.033752481800132364,0.2649097872432761,0.6744730679156908,0.6446062210456651,2.6906077348066297,YGL017W,non_ess,non_ess
0.008670520231213872,0.008643789437289308,0.0,0.0,0.041070698814875364,0.004594180704441043,0.15313935681470134,0.17692589386776753,1.2934782608695652,0.555895865237366,0.7007722007722008,YOR258W,non_ess,non_ess
0.005780346820809247,0.0008643789437289308,0.0,0.0,0.038823048630976714,0.0032258064516129032,0.016129032258064516,0.13815668202764975,0.4114285714285714,0.9064516129032258,2.3032786885245904,YDR167W,ess,ess
0.005780346820809247,0.0013830063099662892,0.0,0.0,0.041683694319574985,0.0030211480362537764,0.024169184290030208,0.11075835936299863,0.1963276836158192,0.8746223564954683,0.8746223564954683,YPR113W,ess,ess
0.017341040462427744,0.00112369262684761,0.0,0.0,0.07703310175725378,0.005080440304826418,0.01100762066045724,0.11740488773394844,0.19517241379310346,0.7349703640982218,4.903954802259887,YOR176W,ess,ess
0.02890173410404624,0.005964214711729622,0.08108108108108109,0.75,0.06129955046996322,0.010526315789473684,0.07263157894736842,0.28723196881091617,0.7763532763532763,0.3547368421052632,1.2254545454545456,YDR492W,non_ess,non_ess
0.07803468208092486,0.019275650445155158,0.054054054054054064,2.0,0.1491622394769105,0.012053571428571427,0.09955357142857142,0.20896835219236207,0.6643855562026791,0.13258928571428572,1.2272727272727273,YJL099W,non_ess,non_ess
0.01445086705202312,0.0009508168381018238,0.0,0.0,0.10277891295463834,0.003207184092366902,0.007055805003207185,0.060656258368259476,0.2978817299205649,0.300192431045542,1.004291845493562,YMR013C,ess,ess
0.03468208092485549,0.007260783127323019,0.13513513513513514,1.25,0.053739272578667764,0.014302741358760428,0.10011918951132301,0.3473307822595822,0.6382271468144044,0.2550655542312277,1.2662721893491125,YML014W,non_ess,non_ess
0.026011560693641616,0.0049269599792549044,0.13513513513513514,1.25,0.05741724560686556,0.01007838745800672,0.06382978723404255,0.2417308752987581,0.7388059701492538,0.2183650615901456,0.4698795180722892,YIL124W,non_ess,non_ess
0.005780346820809247,0.00017287578874578615,0.054054054054054064,0.5,0.04297779594060755,0.002936857562408223,0.002936857562408223,0.04965830791821981,0.75,0.6328928046989721,1.7883817427385895,YPR043W,non_ess,non_ess
0.01445086705202312,0.0012965684155933962,0.13513513513513514,1.25,0.06559051900286066,0.004935834155972359,0.014807502467917082,0.21014520727746008,0.5959031657355679,0.56071076011846,1.6656891495601172,YDR265W,non_ess,non_ess
0.049132947976878616,0.00449477050739044,0.027027027027027032,0.25,0.08438904781364938,0.013188518231186969,0.040341349883630716,0.5523960136062541,0.7331002331002332,0.20791311093871212,1.2181818181818178,YNR029C,non_ess,non_ess
0.017341040462427744,0.0018151957818307548,0.054054054054054064,0.4,0.08990600735594606,0.004379562043795621,0.015328467153284672,0.19150630391506304,0.3664772727272728,0.5,2.5464684014869894,YPL101W,non_ess,non_ess
0.0953757225433526,0.01918921255078226,0.21621621621621626,1.1428571428571428,0.10093992644053944,0.02154046997389034,0.14490861618798956,0.8132119186296732,0.8511904761904763,1.0,1.974226804123712,YFL021W,non_ess,non_ess
0.13005780346820808,0.029648197769902324,0.027027027027027032,0.3333333333333333,0.2811606048222313,0.01077070368597415,0.08209669698420298,0.20930097162744365,0.7314507904130546,0.09502154140737194,0.6098310291858678,YBR115C,non_ess,non_ess
0.05491329479768786,0.006915031549831446,0.13513513513513514,1.0,0.13015937883122192,0.009688934217236104,0.0407955124936257,0.35661528844730306,1.2911827956989248,0.3906170321264661,1.6402569593147749,YBR215W,non_ess,non_ess
0.0028901734104046237,0.0009508168381018238,0.054054054054054064,1.0,0.051287290559869234,0.0012453300124533,0.0136986301369863,0.033944310776336306,0.10150044130626654,0.6400996264009963,1.4397759103641457,YEL019C,ess,non_ess
0.03757225433526011,0.006137090500475408,0.027027027027027032,0.2,0.16775643645279936,0.005173099880620772,0.02825308396339037,0.14748507759649826,0.2360526315789474,0.2717867091126144,1.0738993710691822,YAL021C,non_ess,non_ess
0.005780346820809247,0.002333823148068113,0.0,1.0,0.015733551287290558,0.007117437722419929,0.09608540925266904,0.14836818524945344,0.17875726966636055,0.8362989323843416,3.1756756756756763,YHR005C-A,ess,ess
0.02890173410404624,0.0019880715705765406,0.0,0.0,0.1894156109521864,0.0035323207347227135,0.008124337689862239,0.12538705765945535,0.4473684210526316,0.4874602613917344,2.664092664092664,YLR129W,ess,ess
0.06358381502890173,0.01348431152217132,0.16216216216216214,0.8571428571428571,0.09337964854924398,0.015482054890921885,0.10978184377199156,0.5580779570572957,0.8741007194244604,0.14919071076706544,0.8796680497925311,YGR288W,non_ess,non_ess
0.08092485549132948,0.01884346097329069,0.08108108108108109,1.0,0.08847568451164692,0.020756115641215715,0.16160118606375093,0.5390755014126185,0.9805622489959837,0.13046701260192736,0.13046701260192736,YKL046C,non_ess,non_ess
0.17341040462427745,0.04589852191200623,0.027027027027027032,1.0,0.21584252826590386,0.01863932898415657,0.16495806150978565,0.4198319709198956,0.7450360217887892,0.19757688723205968,0.7098214285714286,YGL178W,non_ess,non_ess
0.023121387283236997,0.008038724176679056,0.13513513513513514,1.0,0.044748671843073164,0.011315417256011316,0.13154172560113153,0.2432814710042433,0.7211184694628403,0.4031117397454031,1.4540816326530612,YJR050W,non_ess,non_ess
0.06936416184971098,0.02273316622007088,0.10810810810810813,4.0,0.10114425827543932,0.015635179153094463,0.17133550488599347,0.20401192257869785,0.3894396326828761,0.2273615635179153,1.8465608465608463,YMR004W,non_ess,non_ess
0.026011560693641616,0.003111764197424151,0.0,0.0,0.11156518185533308,0.00533175355450237,0.02132701421800948,0.2220018545229755,0.2934782608695652,0.30983412322274884,2.5763546798029555,YJR064W,ess,ess
0.05491329479768786,0.008643789437289308,0.10810810810810813,0.5,0.1338373518594197,0.009429280397022332,0.04962779156327544,0.1988626964433416,0.4473684210526317,0.4739454094292804,2.210648148148148,YLR330W,non_ess,non_ess
0.04624277456647399,0.011582677845967672,0.0,1.0,0.04720065386187168,0.0215343203230148,0.18034993270524904,0.3960736507578587,0.8269566384749633,0.2691790040376851,1.2048192771084338,YCR004C,non_ess,non_ess
0.005780346820809247,0.0007779410493560378,0.0,0.0,0.0361667347772783,0.0034423407917383822,0.015490533562822718,0.09204063641324882,0.1524390243902439,0.9156626506024096,2.180327868852459,YKR068C,ess,ess
0.10115606936416184,0.036303915636615086,0.054054054054054064,0.6666666666666666,0.1826726604004904,0.01281112737920937,0.15373352855051245,0.2665248291849683,1.1302083333333333,0.13140556368960468,0.8527315914489311,YKR089C,non_ess,non_ess
0.10982658959537572,0.022300976748206414,0.10810810810810813,4.0,0.10870453616673477,0.02308626974483597,0.15674362089914945,0.9073402274535172,0.5408195182984048,0.2138517618469016,2.6870229007633597,YBR008C,non_ess,non_ess
0.005780346820809247,0.00017287578874578615,0.0,0.0,0.04658765835717205,0.0027247956403269754,0.0027247956403269754,0.07375027441662255,0.1749246014648858,0.7411444141689373,0.7411444141689373,YBR153W,ess,ess
0.12427745664739885,0.03137695565736018,0.21621621621621626,8.0,0.27891295463833266,0.010373944511459593,0.08757539203860072,0.21029216331704528,0.8281972265023111,1.0,7.049319727891157,YBL047C,non_ess,non_ess
0.02890173410404624,0.0030253263030512573,0.0,1.0,0.11483449121373113,0.00576036866359447,0.020161290322580645,0.14812111962303853,0.4758842443729904,0.619815668202765,3.0568181818181817,YEL013W,non_ess,non_ess
0.17341040462427745,0.050825481891261126,0.16216216216216214,6.0,0.14241928892521455,0.02802428771602055,0.2746380196170014,0.3397494623875396,0.7742930591259639,0.08547407753386269,0.953125,YHL024W,non_ess,non_ess
0.2052023121387283,0.1595643530123606,0.13513513513513514,1.25,0.08561503882304862,0.05432287681713849,1.4123947972456006,1.3515644924764092,1.0669398907103826,0.12318286151491968,1.0,YOR301W,non_ess,non_ess
0.031791907514450865,0.006137090500475408,0.08108108108108109,1.0,0.039844707805476096,0.01732283464566929,0.11181102362204724,0.4584289915567783,0.3992469879518072,0.2787401574803149,1.4508196721311477,YER183C,non_ess,non_ess
0.0028901734104046237,8.643789437289306e-05,0.0,1.0,0.19513690232938294,0.0003430531732418525,0.0003430531732418525,0.009925518321111585,0.04664429530201342,0.7680960548885077,4.314065510597303,YMR288W,ess,ess
0.0,0.0,0.0,0.0,0.01920719248058848,0.0,0.0,0.0,0.0,1.0,2.862068965517241,YDR045C,ess,ess
0.0,0.0,0.0,0.0,0.01838986514098897,0.0,0.0,0.0,0.0,1.0,1.5686274509803924,YOR020C,ess,ess
0.005780346820809247,0.0005186273662373584,0.0,0.0,0.08193706579485084,0.0015961691939345571,0.004788507581803671,0.035656912679954376,0.1605150214592275,0.6999201915403033,1.7681451612903225,YMR021C,non_ess,ess
0.03757225433526011,0.005186273662373585,0.054054054054054064,0.6666666666666666,0.13669799754801798,0.006319883325230919,0.02916869227029655,0.1870141818390913,0.9784946236559141,0.43364122508507535,1.4768211920529801,YLR143W,non_ess,non_ess
0.02023121387283237,0.0013830063099662892,0.08108108108108109,0.6,0.05169595422966899,0.00865265760197775,0.019777503090234856,0.207731646428658,0.3825980392156864,0.3201483312731768,0.8144654088050315,YHR134W,non_ess,non_ess
0.1184971098265896,0.035439536692886166,0.054054054054054064,1.0,0.1620351450756028,0.0168793742280774,0.16879374228077398,0.266075994874144,0.8615150361629236,0.09962947715109098,0.8929889298892989,YDL122W,non_ess,non_ess
0.04624277456647399,0.006915031549831446,0.08108108108108109,1.5,0.11238250919493258,0.009411764705882352,0.047058823529411764,0.4103292637809841,0.4485175202156334,0.3311764705882353,1.989399293286219,YLR417W,non_ess,non_ess
0.07803468208092486,0.017633330452070186,0.0,0.0,0.16836943195749898,0.01070578905630452,0.08088818398096749,0.33748725501302823,0.8464285714285715,0.14948453608247422,0.9195121951219511,YBL008W,non_ess,non_ess
0.049132947976878616,0.0075200968104416985,0.10810810810810813,8.0,0.09337964854924398,0.011963406052076004,0.061224489795918366,0.3690665791854724,0.6512710347296812,0.2807881773399015,1.123943661971831,YIL039W,non_ess,non_ess
0.04046242774566474,0.00786584838793327,0.08108108108108109,0.3333333333333333,0.08581937065794852,0.010687022900763359,0.06946564885496183,0.3333773468124613,0.7351351351351352,0.41603053435114506,1.187363834422658,YMR240C,ess,non_ess
0.11271676300578035,0.03639035353098798,0.08108108108108109,1.0,0.07274213322435638,0.034883720930232565,0.3765652951699464,0.7345326897762177,1.5919811320754715,0.1833631484794276,0.8649789029535865,YDR517W,non_ess,non_ess
0.0722543352601156,0.019102774656409367,0.10810810810810813,1.0,0.06007355946056396,0.02682403433476395,0.2371244635193133,0.5290062812947067,0.9558475378787876,0.1405579399141631,0.5390946502057614,YGL161C,non_ess,non_ess
0.011560693641618495,0.004667646296136226,0.16216216216216214,0.6666666666666666,0.06232120964446261,0.004145077720207254,0.05595854922279793,0.12343120322394932,0.2568242983467897,0.4549222797927461,2.3227513227513232,YHR198C,non_ess,non_ess
0.017341040462427744,0.0014694442043391822,0.08108108108108109,3.0,0.0126685737637924,0.025423728813559324,0.07203389830508475,0.4946554066024922,1.3902439024390243,0.6398305084745762,1.4519230769230769,YLR325C,non_ess,non_ess
0.05491329479768786,0.011150488374103209,0.13513513513513514,2.5,0.1364936657131181,0.009250243427458615,0.06280428432327166,0.3234782095541589,0.9848484848484848,0.2059396299902629,0.9791666666666666,YBL024W,non_ess,non_ess
0.07514450867052022,0.01659607571959547,0.027027027027027032,0.3333333333333333,0.08970167552104619,0.019019751280175568,0.14045354791514264,0.5871076310806459,1.251851851851852,0.246525237746891,2.119496855345912,YBR162C,non_ess,non_ess
0.08959537572254335,0.033019275650445164,0.054054054054054064,2.0,0.11422149570903148,0.017950202663578458,0.22119281991893452,0.34681681041050805,1.5590643274853802,0.13144180660104227,1.0271493212669682,YHR037W,non_ess,non_ess
0.008670520231213872,0.001210130521220503,0.054054054054054064,0.4,0.05353494074376789,0.003588516746411484,0.01674641148325359,0.1378184404500194,0.6405405405405405,0.42105263157894735,1.1174603174603177,YGL019W,non_ess,non_ess
0.031791907514450865,0.003976143141153081,0.1891891891891892,1.75,0.09705762157744176,0.007457627118644069,0.031186440677966106,0.14972620599739245,0.2762282878411911,0.4223728813559322,2.8577981651376145,YML126C,ess,non_ess
0.049132947976878616,0.006569279972339874,0.027027027027027032,1.0,0.041683694319574985,0.0256797583081571,0.1148036253776435,1.047876804296744,1.3055555555555556,0.1540785498489426,1.1086956521739129,YOR202W,non_ess,non_ess
0.0,0.0,0.027027027027027032,0.5,0.02881078872088272,0.0,0.0,0.0,0.0,1.0,1.7849056603773583,YPL037C,non_ess,ess
0.01445086705202312,0.0019880715705765406,0.0,0.0,0.12464241928892522,0.002659574468085107,0.012234042553191491,0.07142187646452339,0.3382630585273757,0.6617021276595745,1.8594917787742904,YDR228C,ess,ess
0.008670520231213872,0.0015558820987120756,0.0,0.0,0.18594196975888844,0.001079136690647482,0.006474820143884892,0.02527268507774425,0.08534946236559139,0.3852517985611511,1.9023090586145648,YDR069C,non_ess,ess
0.008670520231213872,0.0004321894718644654,0.0,0.0,0.04781364936657132,0.003989361702127659,0.006648936170212766,0.07875103619784471,0.40909090909090906,0.6263297872340425,1.6020408163265305,YKL099C,ess,ess
0.05780346820809248,0.012101305212205031,0.10810810810810813,1.3333333333333333,0.04597466285247242,0.027586206896551724,0.19310344827586207,0.8681541582150102,1.4022578728461084,0.12413793103448276,0.7758620689655172,YNL010W,non_ess,non_ess
0.011560693641618495,0.0016423199930849686,0.0,0.0,0.04188802615447487,0.006015037593984964,0.028571428571428567,0.18159509202453988,0.35917456776352485,0.849624060150376,3.0053191489361697,YMR077C,non_ess,non_ess
0.049132947976878616,0.011669115740340566,0.0,1.0,0.17756436452799348,0.00639819345126082,0.050809183289424166,0.1127543226549182,0.30506155950752395,0.3835152427549868,1.9786407766990288,YDL117W,non_ess,non_ess
0.026011560693641616,0.002420261042441006,0.0,1.0,0.2950551695954229,0.002053856686444546,0.006389776357827476,0.07743800395557585,0.3656565656565656,0.4810588772250114,2.403648802736602,YOR116C,ess,ess
0.04046242774566474,0.007174345232950125,0.10810810810810813,2.0,0.09991826726604006,0.00922874093605801,0.05471324983520105,0.4187870797626895,0.5238095238095238,0.2887277521423863,2.2694300518134707,YLR015W,non_ess,non_ess
0.005780346820809247,0.0012965684155933962,0.0,1.0,0.04944830404577034,0.002577319587628866,0.019329896907216496,0.0637390959555908,0.168467895740623,0.6224226804123711,2.289099526066351,YBR088C,ess,ess
0.008670520231213872,0.0006050652606102515,0.0,1.0,0.12096444626072746,0.0016429353778751367,0.003833515881708653,0.053446011534288816,0.16192733017377564,0.7595837897042717,2.762948207171315,YDR091C,ess,ess
0.02023121387283237,0.003284639986169937,0.054054054054054064,0.6666666666666666,0.05230894973436862,0.008557457212713936,0.04645476772616137,0.1950924406336872,1.241780821917808,0.5660146699266504,0.8282647584973166,YGR152C,non_ess,non_ess
0.02890173410404624,0.006915031549831446,0.13513513513513514,0.7142857142857143,0.0615038823048631,0.01049317943336831,0.08394543546694648,1.2761877193617253,0.583554376657825,0.2728226652675761,1.0276679841897234,YMR048W,non_ess,non_ess
0.2890173410404624,0.04978822715878641,0.0,0.0,0.5662035145075603,0.011957431543704412,0.06887480569173741,0.4001140555008784,0.9068825910931176,0.0883654191079756,1.0095628415300546,YBL088C,non_ess,non_ess
0.03468208092485549,0.015558820987120752,0.21621621621621626,8.0,0.052513281569268495,0.0146163215590743,0.2192448233861145,0.4223420915260136,2.217142857142857,0.2959805115712545,0.5771971496437054,YLR064W,non_ess,non_ess
0.0,0.0,0.0,0.0,0.06313853698406212,0.0,0.0,0.0,0.0,1.0,1.6815834767641995,YJL180C,non_ess,ess
0.017341040462427744,0.009681044169764024,0.054054054054054064,0.2857142857142857,0.06368342187712846,0.006091370558375634,0.11370558375634518,0.11785109983079525,0.4467592592592592,0.6081218274111675,3.040609137055837,YBR119W,non_ess,non_ess
0.0,0.0,0.0,0.0,0.10911319983653454,0.0,0.0,0.0,0.0,1.0,3.4345114345114345,YJL111W,ess,ess
0.026011560693641616,0.003976143141153081,0.027027027027027032,1.0,0.07621577441765427,0.007698887938408894,0.03934987168520103,0.5846106382083608,0.8398486759142497,0.5782720273738238,1.5089285714285714,YGR112W,non_ess,non_ess
0.011560693641618495,0.0014694442043391822,0.0,0.0,0.12975071516142214,0.0020460358056265983,0.008695652173913044,0.04988430154670563,0.19444444444444445,0.39130434782608703,1.344463971880492,YGR009C,ess,ess
0.005780346820809247,0.0008643789437289308,0.0,0.0,0.035349407437678795,0.0035149384885764497,0.01757469244288225,0.0824748274087524,0.2740331491712707,0.8330404217926186,1.9346938775510203,YPL010W,ess,ess
0.011560693641618495,0.0014694442043391822,0.027027027027027032,0.5,0.06722517368205967,0.0038572806171648993,0.016393442622950817,0.14568052755130864,0.18085618085618085,0.5650916104146577,2.1231884057971016,YPR086W,ess,ess
0.017341040462427744,0.005532025239865157,0.10810810810810813,4.0,0.05578259092766653,0.006904487917146146,0.07364787111622555,0.2766022404358752,1.2979591836734694,0.4718066743383199,1.3758389261744968,YOL080C,non_ess,non_ess
0.05780346820809248,0.016077448353358108,0.35135135135135137,1.8571428571428568,0.1871679607682877,0.0071479628305932815,0.06647605432451753,0.19949314445383065,0.9447415329768272,0.27448177269478197,0.9846153846153844,YPL195W,non_ess,non_ess
0.06647398843930635,0.014953755726510504,0.10810810810810813,4.0,0.0659991826726604,0.022571148184494603,0.16977428851815504,0.7200474927004203,0.7147722435078756,0.25024533856722275,1.6037735849056602,YPL244C,non_ess,non_ess
0.06647398843930635,0.014435128360273143,0.0,0.0,0.2272170004086637,0.006792675723567632,0.04932073242764324,0.18263118404878595,0.6256320836965998,0.2720023626698169,1.831013916500993,YPL115C,non_ess,non_ess
0.01445086705202312,0.002420261042441006,0.027027027027027032,0.5,0.11810380057212914,0.002802690582959641,0.01569506726457399,0.1208515980584807,0.3010659752232785,0.9097533632286996,3.2460000000000004,YNL039W,ess,ess
0.0028901734104046237,0.00017287578874578615,0.0,0.0,0.07723743359215368,0.0008445945945945946,0.0016891891891891893,0.030244693073640444,0.13765182186234814,0.9510135135135136,1.99645390070922,YLR459W,ess,ess
0.01445086705202312,0.002160947359322327,0.0,1.0,0.04147936248467512,0.0075872534142640375,0.03793626707132018,0.2354695274729153,0.2450166112956811,0.3884673748103187,2.265486725663717,YDR246W,ess,ess
0.03757225433526011,0.005791338922983836,0.054054054054054064,0.5,0.12954638332652227,0.00665983606557377,0.03432377049180328,0.1021630570645642,0.4738165060745706,0.3606557377049181,2.1463414634146343,YML007W,non_ess,non_ess
0.04046242774566474,0.00561846313423805,0.027027027027027032,1.0,0.1409889660809154,0.006603773584905661,0.03066037735849057,0.3125406636304489,0.8984674329501916,0.20330188679245284,0.8850102669404518,YOL095C,non_ess,non_ess
0.04046242774566474,0.00760653470481459,0.21621621621621626,0.8888888888888888,0.09378831221904374,0.009810791871058164,0.06166783461807989,0.7523559497536842,0.5314730694354315,0.2417659425367905,1.4618644067796611,YPL259C,non_ess,non_ess
0.08092485549132948,0.014694442043391822,0.027027027027027032,2.0,0.10890886800163466,0.01697998787143723,0.10309278350515463,0.36651361575558056,0.5470085470085471,0.12977562158884173,0.5977653631284916,YJR131W,non_ess,non_ess
0.0722543352601156,0.015472383092747859,0.10810810810810813,0.6666666666666666,0.1223947691050266,0.013535462912831621,0.0969139144558744,0.3262160305378243,0.6893382352941176,0.2317271250676773,1.0,YEL062W,non_ess,non_ess
0.12427745664739885,0.03405653038291987,0.054054054054054064,0.5,0.11360850020433184,0.025029103608847497,0.22933643771827705,0.6097837840077224,1.0891773079338498,1.0,6.955465587044535,YGR124W,non_ess,non_ess
0.0953757225433526,0.02195522517071484,0.08108108108108109,1.5,0.16326113608500206,0.013485901103391908,0.10380057212913772,0.395889000660149,0.8054733727810649,0.11728647323252962,0.5125,YDR422C,non_ess,non_ess
0.0,0.0,0.0,0.0,0.06763383735185942,0.0,0.0,0.0,0.0,1.0,1.5007194244604318,YJR141W,ess,ess
0.005780346820809247,0.0010372547324747168,0.0,0.0,0.07723743359215368,0.0016891891891891893,0.010135135135135136,0.0921875,2.4,0.9501689189189192,1.0838150289017343,YCR035C,ess,ess
0.15317919075144507,0.12187743106577925,0.054054054054054064,0.6666666666666666,0.11646914589293013,0.030113636363636363,0.8011363636363636,0.9451433421350434,0.8840663900414938,0.1215909090909091,0.8699186991869919,YLL028W,non_ess,non_ess
0.05780346820809248,0.016163886247731005,0.0,0.0,0.16612178177360035,0.008035355564483728,0.07513057452792286,0.2006813171230726,1.2044817927170868,0.1940538368822821,0.7678855325914149,YJL089W,non_ess,non_ess
0.0,0.0,0.0,0.0,0.09624029423784226,0.0,0.0,0.0,0.0,1.0,3.7803617571059434,YJR006W,ess,ess
0.04624277456647399,0.009767482064136915,0.054054054054054064,1.0,0.05843890478136495,0.01762114537444934,0.12444933920704845,0.5826953509259656,1.9106796116504856,0.2422907488986784,1.4965986394557822,YMR130W,non_ess,non_ess
0.03757225433526011,0.0045812084017633325,0.0,1.0,0.17981201471189212,0.00483271375464684,0.019702602230483268,0.07984324815296884,0.19290130524387453,0.27360594795539034,2.152046783625732,YDR074W,non_ess,non_ess
0.04624277456647399,0.009767482064136915,0.10810810810810813,0.8,0.06681651001225991,0.015518913676042675,0.1096023278370514,0.5082094703821183,1.177177177177177,0.14064015518913675,0.4723127035830619,YIR029W,non_ess,non_ess
0.04046242774566474,0.013138559944679749,0.027027027027027032,0.5,0.04372701266857377,0.02023121387283237,0.21965317919075145,0.4665231828803345,1.1698259187620892,0.36560693641618497,0.9233576642335768,YOR283W,non_ess,non_ess
0.06358381502890173,0.014435128360273143,0.054054054054054064,1.0,0.10890886800163466,0.013341419041843541,0.1012734990903578,0.4141176470588235,0.655925925925926,0.2838083687083081,1.1555555555555557,YDR242W,non_ess,non_ess
0.01445086705202312,0.002074509464949433,0.0,0.0,0.10727421332243564,0.003076923076923077,0.014769230769230769,0.08438625204582652,0.4914893617021277,0.3803076923076923,1.0147783251231528,YGR119C,ess,ess
0.017341040462427744,0.0025931368311867924,0.0,1.0,0.046996322026971814,0.008108108108108109,0.040540540540540536,0.2455071955071955,0.40259740259740256,0.3675675675675676,1.9154929577464788,YOL032W,non_ess,non_ess
0.005780346820809247,0.0002593136831186792,0.0,0.0,0.06906416019615856,0.0018796992481203009,0.002819548872180451,0.04472815702622894,0.2574257425742575,0.9125939849624058,2.2955082742316786,YBR087W,ess,ess
0.05202312138728323,0.009853919958509809,0.0,0.0,0.10931753167143443,0.010876132930513595,0.0688821752265861,0.3008719806417434,0.4855997083485235,0.15528700906344411,1.0798319327731092,YOL019W,non_ess,non_ess
0.07803468208092486,0.011064050479730312,0.027027027027027032,0.25,0.11789946873722927,0.015160022459292532,0.07186973610331275,0.4582239046566807,1.1348973607038122,0.13138686131386862,1.0263157894736843,YKR069W,non_ess,non_ess
0.03468208092485549,0.011582677845967672,0.027027027027027032,0.3333333333333333,0.07764609726195341,0.01008403361344538,0.11260504201680673,0.2491028843970021,0.5223328591749645,0.3865546218487395,0.931174089068826,YPL113C,non_ess,non_ess
0.10404624277456646,0.01832483360705333,0.2432432432432433,1.5,0.21965672251736826,0.01099236641221374,0.06473282442748092,0.2271216883700045,0.9777039848197344,0.11908396946564885,0.582089552238806,YJR091C,non_ess,non_ess
0.02023121387283237,0.013397873627798429,0.0,0.0,0.0253371475275848,0.016587677725118485,0.36729857819905215,0.9194097371822492,0.4242424242424244,0.8483412322274881,2.46896551724138,YDR437W,ess,ess
0.11560693641618495,0.028783818826173393,0.21621621621621626,1.6,0.1264814058030241,0.02097535395909806,0.17461982170949136,0.4862203577463148,0.8518518518518519,0.08180388044048244,0.5492957746478874,YEL060C,non_ess,non_ess
0.2890173410404624,0.15273575935690206,0.054054054054054064,2.0,0.10155292194523907,0.06489292667099286,1.1466580142764438,1.0978682327185056,0.9177748642067802,0.06099935107073329,0.5108695652173912,YIL001W,non_ess,non_ess
0.01445086705202312,0.002074509464949433,0.054054054054054064,0.3333333333333333,0.05680425010216592,0.005656108597285068,0.027149321266968326,0.21540046689915554,0.7506824385805279,0.6131221719457014,1.6676923076923076,YPL149W,non_ess,non_ess
0.01445086705202312,0.0042354568242717605,0.0,0.0,0.025950143032284437,0.011600928074245941,0.1136890951276102,0.3709707490884985,0.5707908163265306,0.5220417633410673,0.5220417633410673,YER046W,non_ess,non_ess
0.08670520231213873,0.02204166306508773,0.0,0.0,0.11749080506742952,0.016901408450704224,0.14366197183098592,0.7347417840375586,1.0185185185185184,0.1656338028169014,1.2672413793103448,YFL053W,non_ess,non_ess
0.011560693641618495,0.0006915031549831446,0.027027027027027032,0.5,0.035962402942378416,0.006920415224913495,0.01384083044982699,0.16452602975387565,3.4576271186440684,0.6401384083044983,0.7505070993914809,YNL090W,non_ess,non_ess
0.06647398843930635,0.017719768346443083,0.027027027027027032,1.0,0.1068655496526359,0.014206300185299569,0.1266213712168005,0.3950415024789185,1.0292710385589643,0.11117974058060533,0.3441682600382409,YDR061W,non_ess,non_ess
0.008670520231213872,0.001210130521220503,0.0,0.0,0.04331834899877402,0.004373177842565598,0.020408163265306117,0.10440313900828542,0.940711462450593,0.4927113702623906,1.2565055762081785,YOR232W,ess,ess
0.21965317919075145,0.09940357852882704,0.4594594594594595,1.8888888888888888,0.2088271352676747,0.024390243902439025,0.36906290115532736,0.621861549497848,0.99572192513369,0.11713735558408216,0.7668067226890757,YBL104C,non_ess,non_ess
0.02023121387283237,0.003198202091797044,0.054054054054054064,2.0,0.10155292194523907,0.004542504866969501,0.02401038286826736,0.19599676038412592,0.9767441860465116,0.3588578844905905,0.9170812603648424,YDR169C,non_ess,non_ess
0.06936416184971098,0.011669115740340566,0.16216216216216214,1.5,0.03821005312627708,0.03927986906710311,0.22094926350245495,0.7872072120415337,0.743169398907104,0.1260229132569558,0.616,YDL002C,non_ess,non_ess
0.023121387283236997,0.003198202091797044,0.10810810810810813,0.4444444444444444,0.07907642010625256,0.006606110652353428,0.0305532617671346,0.14618053719394872,0.7527093596059111,0.2493806771263419,1.0307167235494878,YNL292W,non_ess,non_ess
0.12427745664739885,0.03051257671363125,0.0,0.0,0.3152840212505108,0.009189997862791194,0.0754434708270998,0.3678417565606686,1.1985002829654785,0.15216926693737978,1.2088285229202036,YLL015W,non_ess,non_ess
0.07514450867052022,0.01521306940962918,0.08108108108108109,0.375,0.0815284021250511,0.02085004009623096,0.14113873295910184,0.3616497182815304,0.6775244299674267,0.2967121090617482,0.9711286089238846,YAL042W,non_ess,non_ess
0.026011560693641616,0.004667646296136226,0.0,0.0,0.14691458929301185,0.0040779338468509285,0.024467603081105568,0.1709403290088124,0.8293135435992578,0.621658359764386,2.063157894736842,YGR186W,ess,ess
0.017341040462427744,0.0029388884086783643,0.054054054054054064,1.0,0.04944830404577034,0.007731958762886598,0.04381443298969072,0.13165586140928898,1.2010309278350515,0.6945876288659794,1.7614379084967318,YGR135W,non_ess,non_ess
0.023121387283236997,0.0035439536692886157,0.0,0.0,0.19513690232938294,0.00274442538593482,0.014065180102915952,0.07579533318230362,0.18867924528301885,0.3804459691252144,3.9049295774647885,YEL032W,ess,ess
0.0,0.0,0.054054054054054064,1.0,0.03923171230077646,0.0,0.0,0.0,0.0,1.0,1.019543973941368,YDR013W,ess,ess
0.02023121387283237,0.001901633676203648,0.027027027027027032,2.0,0.07376379239885575,0.00617828773168579,0.019417475728155338,0.20347160929685204,0.6825000000000001,0.235657546337158,1.1973094170403589,YIL110W,non_ess,non_ess
0.0028901734104046237,0.0002593136831186792,0.0,0.0,0.06470508105162785,0.001,0.003,0.02483333333333334,0.18130081300813009,0.545,1.1978021978021978,YBR189W,non_ess,ess
0.06936416184971098,0.021004408332613016,0.027027027027027032,0.25,0.16714344094809971,0.009584664536741214,0.0970447284345048,0.33479456126012336,0.5984496124031008,0.31070287539936103,1.5877551020408165,YMR102C,non_ess,non_ess
0.04335260115606936,0.007952286282306162,0.0,1.0,0.1908459337964855,0.005259467040673212,0.03225806451612903,0.09366327474560593,0.4746317512274959,0.2615708274894811,2.0,YGL167C,non_ess,non_ess
0.0722543352601156,0.015299507304002076,0.13513513513513514,0.625,0.10155292194523907,0.016223231667748216,0.11486048020765735,0.6949502708286429,1.2976929902395742,0.14406229720960415,0.9694323144104804,YMR283C,non_ess,non_ess
0.13583815028901733,0.03898349036217478,0.027027027027027032,1.0,0.1264814058030241,0.024646040901940214,0.23649711588883066,0.7733689124955596,1.2864125122189638,0.1363398007341374,1.0,YIR028W,non_ess,non_ess
0.049132947976878616,0.009335292592272452,0.08108108108108109,0.75,0.05803024111156519,0.018847006651884702,0.1197339246119734,0.3185208890514397,0.6572164948453607,0.2771618625277162,1.0460251046025104,YER053C,non_ess,non_ess
0.10693641618497107,0.0236839830581727,0.054054054054054064,0.6666666666666666,0.23906824683285655,0.010393258426966293,0.07696629213483146,0.19253629880457648,0.96542726679713,0.11095505617977527,0.6422764227642276,YOR086C,non_ess,non_ess
0.011560693641618495,0.0010372547324747168,0.054054054054054064,0.6666666666666666,0.1185124642419289,0.00223463687150838,0.0067039106145251395,0.05859453102028815,0.2418988648090815,0.6731843575418994,3.121761658031088,YGR246C,ess,ess
0.031791907514450865,0.0049269599792549044,0.0,0.0,0.22231303637106664,0.0033192516596258297,0.0171997585998793,0.06588714544357271,0.21388888888888888,0.35334942667471336,0.35334942667471336,YGR094W,ess,ess
0.0028901734104046237,0.0004321894718644654,0.0,0.0,0.0253371475275848,0.0023696682464454982,0.011848341232227487,0.2105055292259084,0.35416666666666674,0.9715639810426541,1.3945578231292517,YLR275W,ess,ess
0.0,0.0,0.0,1.0,0.02656313853698406,0.0,0.0,0.0,0.0,1.0,1.0,YGR074W,ess,ess
0.060693641618497114,0.0087302273316622,0.027027027027027032,1.0,0.0380057212913772,0.03453947368421053,0.16611842105263158,0.6214475353994123,0.9627220812182744,0.3009868421052632,1.7766990291262137,YDL135C,non_ess,non_ess
0.03757225433526011,0.0076929725991874845,0.0,1.0,0.06906416019615856,0.012218045112781954,0.08364661654135339,0.35647326470683144,0.7078862660944205,0.33270676691729323,1.863157894736842,YOR049C,non_ess,non_ess
0.07803468208092486,0.010286109430374276,0.10810810810810813,0.8,0.11708214139762975,0.01526286037309214,0.06726964386659129,0.3689696081639939,1.1182715311004785,0.22385528547201808,1.2983606557377048,YOR027W,non_ess,non_ess
0.17052023121387286,0.04823234506007434,0.13513513513513514,1.0,0.11749080506742952,0.033239436619718316,0.3143661971830986,0.5085050654806029,0.9370680489101542,0.09577464788732394,0.9770114942528736,YML054C,non_ess,non_ess
0.026011560693641616,0.0036303915636615096,0.0,0.0,0.2864732325296281,0.0021146616541353387,0.009868421052631578,0.05788323868181091,0.3699226305609284,0.5425281954887218,1.3440046565774155,YLR086W,ess,ess
0.03757225433526011,0.0060506526061025155,0.054054054054054064,2.0,0.12423375561912547,0.006937033084311633,0.03735325506937033,0.16558553450729274,0.9072916666666668,0.5608324439701174,1.6499215070643642,YOR171C,non_ess,non_ess
0.01445086705202312,0.0030253263030512573,0.0,0.0,0.15161422149570905,0.0021968365553602814,0.015377855887521968,0.06447638477515456,0.15984015984015987,0.6370826010544816,3.0526315789473686,YBL084C,ess,ess
0.049132947976878616,0.011669115740340566,0.054054054054054064,2.0,0.04495300367797303,0.023943661971830985,0.19014084507042253,0.7827735644637053,1.613386613386613,1.0,2.2977346278317152,YOL147C,non_ess,non_ess
0.060693641618497114,0.008816665226035093,0.027027027027027032,0.3333333333333333,0.12321209644462608,0.011296395911780529,0.054868208714362564,0.2572514838486155,0.7800847457627118,1.0,3.2844522968197882,YOR175C,non_ess,non_ess
0.10982658959537572,0.015991010458985218,0.054054054054054064,4.0,0.17940335104209235,0.014157973174366616,0.06892697466467958,0.2164906977883196,0.5315703746287248,0.09314456035767513,0.6666666666666666,YNR013C,non_ess,non_ess
0.03757225433526011,0.008557351542916414,0.054054054054054064,0.4,0.09705762157744176,0.008813559322033898,0.0671186440677966,0.17373656807355708,0.1895424836601307,0.52,2.8198529411764706,YNL240C,ess,ess
0.03757225433526011,0.006223528394848302,0.054054054054054064,2.0,0.06497752349816102,0.012948207171314742,0.07171314741035857,0.3620102921646747,1.0156250000000002,0.2330677290836653,0.8417266187050358,YNL316C,non_ess,non_ess
0.060693641618497114,0.015126631515256287,0.027027027027027032,1.0,0.09154066203514508,0.015064562410329984,0.12553802008608322,0.5702858086558014,1.1163069544364508,0.12553802008608322,0.12553802008608322,YML068W,non_ess,non_ess
0.08670520231213873,0.07762122914685797,0.21621621621621626,1.0,0.14834491213731102,0.013464991023339316,0.4030520646319569,0.4650230828417543,1.1059907834101383,0.14676840215439854,0.9646017699115046,YMR216C,non_ess,non_ess
0.023121387283236997,0.005013397873627798,0.08108108108108109,1.0,0.02867456749761613,0.016985138004246284,0.12314225053078555,0.3015073253689092,3.024875621890548,0.29936305732484075,0.4622950819672131,YCL012C,non_ess,non_ess
0.008670520231213872,0.0010372547324747168,0.0,0.0,0.10461789946873724,0.0018915510718789407,0.007566204287515763,0.08823962922323578,0.17694805194805194,0.4199243379571249,1.6860759493670887,YDL143W,ess,ess
0.02023121387283237,0.002420261042441006,0.08108108108108109,3.0,0.06742950551695955,0.006730769230769231,0.026923076923076925,0.16289893617021275,0.11738189686260367,0.28846153846153844,1.7341040462427746,YIL154C,non_ess,non_ess
0.06936416184971098,0.016768951508341255,0.027027027027027032,1.0,0.12607274213322436,0.012624934245134141,0.1020515518148343,0.44791655008002507,0.9106382978723404,0.24986849026827984,0.6299734748010609,YHR114W,non_ess,non_ess
0.13872832369942195,0.033624340911055414,0.0,0.0,0.16121781773600327,0.01985932974762102,0.160943318163012,0.5835898160388306,0.7177700348432056,0.14439387670666115,1.0804953560371515,YGL216W,non_ess,non_ess
0.023121387283236997,0.002074509464949433,0.027027027027027032,0.25,0.06885982836125869,0.007540056550424128,0.022620169651272386,0.14915330408024416,0.209271523178808,0.3713477851083883,1.4538745387453875,YBL016W,non_ess,non_ess
0.0028901734104046237,8.643789437289306e-05,0.0,0.0,0.06129955046996322,0.0010526315789473684,0.0010526315789473684,0.04776942355889724,0.09426627793974733,1.0,1.0,YCL059C,ess,ess
0.0028901734104046237,0.00112369262684761,0.0,0.0,0.07376379239885575,0.0008826125330979699,0.011473962930273607,0.02301096961291136,0.07348901098901099,0.6910856134157105,2.372727272727273,YLR105C,ess,ess
0.04335260115606936,0.006137090500475408,0.08108108108108109,6.0,0.15181855333060892,0.0065818341377797285,0.031154014918824045,0.13513252872621018,0.5384615384615385,0.4124616059675296,2.8484848484848486,YER041W,non_ess,non_ess
0.031791907514450865,0.00509983576800069,0.027027027027027032,0.25,0.12382509194932573,0.005888650963597432,0.031584582441113486,0.10280081097088706,0.3984295845997974,0.4004282655246253,1.040333796940195,YNR006W,non_ess,non_ess
0.023121387283236997,0.005532025239865157,0.1891891891891892,0.7,0.027993461381283204,0.01735357917570499,0.13882863340563992,0.7825526176936156,0.3942766295707473,0.2559652928416486,1.4567901234567902,YNL052W,non_ess,non_ess
0.29190751445086704,0.15878641196300458,0.0,0.0,0.3792398855741724,0.017977928088287645,0.32698469206123176,0.5091088264679199,0.8401990700377796,1.0,5.029543419874664,YLR024C,non_ess,non_ess
0.008670520231213872,0.0005186273662373584,0.027027027027027032,2.0,0.3077237433592154,0.0006567425569176883,0.0013134851138353765,0.01913177307222841,0.06837606837606837,0.5882224168126094,4.448675496688741,YHR164C,ess,ess
0.017341040462427744,0.005359149451119371,0.027027027027027032,1.0,0.059460563955864326,0.006500541711809318,0.06717226435536294,0.17839924160346696,0.79375,0.3954496208017335,0.994550408719346,YPR058W,non_ess,non_ess
0.011560693641618495,0.0018151957818307548,0.0,1.0,0.1158561503882305,0.002284408909194746,0.011993146773272416,0.04531245303435631,0.1432748538011696,0.9468874928612222,3.3836734693877566,YKL012W,ess,ess
0.0,0.0,0.0,1.0,0.01838986514098897,0.0,0.0,0.0,1.0,1.0,1.0,YDL081C,non_ess,ess
0.09248554913294796,0.02135015991010459,0.027027027027027032,0.25,0.12076011442582756,0.01755348326933626,0.13549094898518926,0.2965614804977337,1.2294736842105265,0.14591332967635764,0.469964664310954,YJL100W,non_ess,non_ess
0.031791907514450865,0.008903103120407986,0.10810810810810813,1.0,0.17511238250919495,0.004196871423120946,0.039297977871041584,0.1683113315528424,0.9624999999999998,0.3838229683326975,2.704301075268817,YNL082W,non_ess,non_ess
0.06647398843930635,0.01037254732474717,0.054054054054054064,1.0,0.11463015937883125,0.013271783035199077,0.06924408540103866,0.34009514121470624,0.9721649484536083,0.20023081361800346,0.3851276359600444,YOR067C,non_ess,non_ess
0.02890173410404624,0.004149018929898867,0.10810810810810813,0.5,0.08091540662035146,0.008077544426494346,0.03877221324717287,0.2672543838063957,1.08719646799117,0.388529886914378,1.0548245614035088,YDR465C,non_ess,non_ess
0.0,0.0,0.027027027027027032,1.0,0.030854107069881488,0.0,0.0,0.0,0.0,1.0,1.405027932960894,YML098W,ess,ess
0.0,0.0,0.0,0.0,0.05905190028606457,0.0,0.0,0.0,0.0,1.0,4.187214611872147,YGR277C,ess,ess
0.023121387283236997,0.006482842077966981,0.054054054054054064,4.0,0.06354720065386188,0.008138351983723296,0.0762970498474059,0.3325626560621474,1.0707070707070707,0.3387589013224822,1.1174496644295302,YHR104W,non_ess,non_ess
0.3699421965317919,0.37868441524764457,0.16216216216216214,3.0,0.06477319166326115,0.12787212787212787,4.376623376623376,3.4009626736899463,1.75,0.08891108891108891,0.6180555555555555,YPL111W,non_ess,non_ess
0.023121387283236997,0.0018151957818307548,0.0,0.0,0.048630976706170816,0.010471204188481676,0.0274869109947644,0.2232210477789852,0.4132973944294701,0.4816753926701571,3.607843137254902,YOR004W,ess,ess
0.011560693641618495,0.0015558820987120756,0.0,1.0,0.05803024111156519,0.004434589800443459,0.01995565410199556,0.1793467305855236,0.8274044795783927,0.8226164079822617,1.1503875968992248,YPR139C,non_ess,non_ess
0.026011560693641616,0.0047540841905091185,0.0,0.0,0.10114425827543932,0.0058631921824104215,0.035830618892508145,0.18738762214983712,0.5099999999999999,0.31205211726384363,1.5015673981191222,YMR131C,ess,ess
0.005780346820809247,0.0015558820987120756,0.054054054054054064,1.0,0.06804250102165918,0.0019065776930409914,0.017159199237368927,0.04808453571601687,0.5800376647834276,0.6110581506196378,1.1783088235294117,YPR129W,non_ess,non_ess
0.04624277456647399,0.011928429423459244,0.13513513513513514,0.5555555555555556,0.05108295872496935,0.02,0.1725,0.5835087719298245,0.6343859649122806,0.27875,1.4671052631578947,YLL041C,non_ess,non_ess
0.02890173410404624,0.00760653470481459,0.054054054054054064,1.0,0.04188802615447487,0.015037593984962403,0.13233082706766916,0.3588328619714423,1.1365953109072373,0.2,0.8012048192771085,YDR399W,non_ess,non_ess
0.008670520231213872,0.0017287578874578616,0.0,1.0,0.10788720882713528,0.0018359853121175031,0.012239902080783354,0.05104253902810883,0.3450292397660819,0.8757649938800489,3.2448979591836733,YDR235W,ess,ess
0.008670520231213872,0.0008643789437289308,0.0,0.0,0.06252554147936247,0.003099173553719009,0.010330578512396695,0.055933646661209833,0.1596215286311133,0.918388429752066,2.591836734693877,YCR002C,non_ess,ess
0.04335260115606936,0.006309966289221194,0.027027027027027032,2.0,0.10032693093583983,0.009848982271831909,0.0479317137229153,0.2420595642927843,0.4194544518785384,0.3328956007879186,2.336405529953917,YGR093W,non_ess,non_ess
0.04046242774566474,0.006569279972339874,0.0,0.0,0.220065386187168,0.004266991770801585,0.02316366961292289,0.1591938642161386,0.4286865431103949,0.2471807375800061,1.3251633986928104,YER111C,non_ess,non_ess
0.05780346820809248,0.024289048318782952,0.054054054054054064,0.3333333333333333,0.027584797711483453,0.04395604395604396,0.6175824175824176,0.9047817047817048,1.6117936117936118,0.1868131868131868,1.0625,YOR298C-A,non_ess,non_ess
0.05491329479768786,0.021263722015731696,0.08108108108108109,1.0,0.07131181038005723,0.017319963536918868,0.22424794895168645,0.3221403943649012,0.6484083739604245,0.1741112123974476,0.9317073170731708,YMR152W,non_ess,non_ess
0.017341040462427744,0.01045898521912006,0.16216216216216214,1.0,0.08214139762975071,0.004777070063694267,0.0963375796178344,0.2118173194199756,0.5691489361702128,0.303343949044586,1.7557603686635948,YOR245C,non_ess,non_ess
0.031791907514450865,0.004840522084882012,0.0,1.0,0.24683285655905196,0.0029940119760479052,0.01524224278715297,0.07033369159117663,0.25282975282975284,0.43549265106151336,2.3564064801178204,YOR151C,ess,ess
0.0,0.0,0.0,0.0,0.03780138945647732,0.0,0.0,0.0,0.0,1.0,4.230769230769232,YDR002W,ess,ess
0.017341040462427744,0.001901633676203648,0.0,0.0,0.17225173682059666,0.0023264831329972853,0.008530438154323382,0.11714665068678252,0.2529644268774704,0.3947266382318728,2.0118577075098814,YDR416W,ess,ess
0.1184971098265896,0.029302446192410757,0.6486486486486487,1.5,0.06048222313036373,0.04371002132196162,0.36140724946695096,0.7268116483428065,1.4044249775381852,0.11513859275053305,0.6967741935483871,YDL124W,non_ess,non_ess
0.02890173410404624,0.006396404183594088,0.0,0.0,0.2938291785860237,0.0022914757103574697,0.016956920256645282,0.0662124310153641,0.3496503496503496,0.5277268560953254,3.1634615384615388,YBR097W,non_ess,non_ess
0.04046242774566474,0.004149018929898867,0.08108108108108109,1.5,0.15284021250510832,0.006102877070619006,0.020924149956408025,0.3526145280177538,0.25368550368550363,0.2715780296425458,1.9904153354632588,YDR264C,non_ess,non_ess
0.10115606936416184,0.016250324142103898,0.0,0.0,0.4530036779730282,0.00522310102969706,0.02805551410237278,0.06879570213400985,0.2372294372294372,0.11222205640949112,2.1734104046242773,YNR016C,ess,ess
0.08092485549132948,0.01348431152217132,0.08108108108108109,1.5,0.12975071516142214,0.014322250639386191,0.07979539641943734,0.4284561845503938,0.8315995778682345,0.10997442455242967,0.9641255605381168,YPL263C,non_ess,non_ess
0.026011560693641616,0.004149018929898867,0.0,0.0,0.0715161422149571,0.008181818181818179,0.04363636363636364,0.3407616707616708,0.6525096525096525,0.4127272727272727,2.4148936170212765,YNL080C,non_ess,non_ess
0.03757225433526011,0.014780879937764715,0.10810810810810813,1.3333333333333333,0.07294646505925624,0.01159678858162355,0.15254237288135594,0.35365163091959817,0.6217391304347826,0.35325602140945583,2.5882352941176467,YMR276W,non_ess,non_ess
0.0953757225433526,0.027919439882444462,0.08108108108108109,3.0,0.15038823048630978,0.01461470327723649,0.14304694419840566,0.5050031132431223,1.2003874300473525,0.21567759078830825,0.9605522682445758,YFR009W,non_ess,non_ess
0.07803468208092486,0.018151957818307547,0.054054054054054064,2.0,0.19002860645688602,0.009507042253521126,0.07394366197183097,0.21422155688622754,0.7895209580838324,0.16338028169014085,1.7984496124031006,YBR086C,non_ess,non_ess
0.04335260115606936,0.01521306940962918,0.027027027027027032,0.5,0.085002043318349,0.011556240369799691,0.13559322033898305,0.288605847157465,0.9357606679035252,1.0,4.018575851393189,YGR149W,non_ess,non_ess
0.09248554913294796,0.021177284121358803,0.054054054054054064,0.4,0.18696362893338786,0.01144901610017889,0.08765652951699464,0.21152709876291426,1.0076004343105318,0.10518783542039356,0.6805555555555556,YOR219C,non_ess,non_ess
0.06647398843930635,0.010631861007865848,0.054054054054054064,4.0,0.07294646505925624,0.02051739518287244,0.10972346119536128,0.9495362243772362,0.7236160892074871,0.2649420160570919,1.202429149797571,YIR034C,non_ess,non_ess
0.07803468208092486,0.017114703085832832,0.0,1.0,0.13077237433592154,0.013705583756345178,0.10050761421319797,0.3799255919538418,0.7998088867654085,0.11878172588832488,0.7748344370860928,YKL079W,non_ess,non_ess
0.05491329479768786,0.012101305212205031,0.027027027027027032,2.0,0.07723743359215368,0.016047297297297296,0.11824324324324326,0.4499567301291439,0.8267651888341543,0.2829391891891892,0.9940652818991098,YBR025C,non_ess,non_ess
0.0953757225433526,0.03958855562278503,0.2972972972972973,0.8461538461538461,0.03330608908868002,0.061224489795918366,0.8497217068645642,1.8579178506845773,1.2698734177215192,0.28385899814471244,1.1167883211678833,YEL066W,non_ess,non_ess
0.04335260115606936,0.013743625205290001,0.1891891891891892,1.4,0.09297098487944422,0.01060070671378092,0.11236749116607772,0.6767130880620801,0.9395424836601312,0.21484098939929328,0.4742589703588143,YDR316W,non_ess,non_ess
0.0,0.0,0.0,0.0,0.07805476093175318,0.0,0.0,0.0,0.0,1.0,3.68,YPL028W,ess,ess
0.03468208092485549,0.008038724176679056,0.08108108108108109,0.75,0.07437678790355537,0.010507880910683012,0.08143607705779335,0.296861683695927,0.719633307868602,0.148861646234676,0.7870370370370371,YOL043C,non_ess,non_ess
0.02890173410404624,0.008903103120407986,0.10810810810810813,2.0,0.08663669799754803,0.007564296520423602,0.07791225416036307,0.3362989076878236,0.86803105151729,0.20121028744326772,0.9534050179211468,YDL216C,non_ess,non_ess
0.08092485549132948,0.012274181000950816,0.0,1.0,0.15406620351450756,0.012110726643598616,0.061418685121107264,0.3640040937667528,0.7948943661971831,0.20847750865051906,1.596026490066225,YLR131C,non_ess,non_ess
0.011560693641618495,0.0014694442043391822,0.027027027027027032,2.0,0.024928483857785046,0.009615384615384616,0.040865384615384616,0.2242811799850635,0.43446601941747576,0.4326923076923077,1.487603305785124,YBL049W,non_ess,non_ess
0.011560693641618495,0.0014694442043391822,0.0,0.0,0.13220269718022068,0.0020090406830738324,0.008538422903063787,0.04836270991482396,0.19430051813471505,0.6428930185836264,2.17687074829932,YLR002C,ess,ess
0.17630057803468208,0.04702221453885383,0.054054054054054064,2.0,0.2785042909685329,0.0147378593863252,0.1314327132157526,0.3969864663268867,0.9596088435374148,0.16719014254650882,1.0846394984326018,YGR270W,non_ess,non_ess
0.0953757225433526,0.030080387241766787,0.054054054054054064,0.2857142857142857,0.07846342460155292,0.027454242928452586,0.2895174708818636,0.5032947494248454,1.1638433768397665,0.1480865224625624,0.8202764976958525,YNL092W,non_ess,non_ess
0.04046242774566474,0.007174345232950125,0.1891891891891892,1.1666666666666667,0.08295872496935024,0.011041009463722398,0.06545741324921135,0.3942605126948639,0.9363538295577132,0.194794952681388,1.0122950819672132,YNL253W,non_ess,non_ess
0.02023121387283237,0.0017287578874578616,0.0,0.0,0.08289061435771694,0.0055248618784530384,0.01578531965272297,0.06575413773113915,0.3020919123702849,0.3164956590370955,0.6426282051282051,YDR005C,non_ess,non_ess
0.05491329479768786,0.011755553634713456,0.054054054054054064,2.0,0.23109930527176134,0.00551844321812373,0.039500435666569855,0.1266037682815999,0.5073476702508961,0.11501597444089455,1.1927710843373494,YLR096W,non_ess,non_ess
0.02890173410404624,0.006396404183594088,0.0,0.0,0.18308132407029012,0.003652300949598247,0.027027027027027032,0.07355432891793995,0.26306434411660146,0.36888239590942296,2.1627408993576016,YER151C,non_ess,non_ess
0.02023121387283237,0.002333823148068113,0.027027027027027032,1.0,0.03821005312627708,0.011456628477905071,0.044189852700491,0.5552249169270446,0.7186147186147186,0.265139116202946,0.5625,YBR014C,non_ess,non_ess
0.023121387283236997,0.0015558820987120756,0.027027027027027032,0.25,0.06313853698406212,0.008188331627430911,0.01842374616171955,0.2061532903847312,0.8067226890756304,0.3735926305015353,0.8924205378973105,YJR070C,non_ess,non_ess
0.05780346820809248,0.009681044169764024,0.0,0.0,0.11728647323252965,0.011286681715575621,0.06320541760722348,0.3345542825503641,0.8490566037735848,0.21388261851015802,0.5242047026279392,YEL063C,non_ess,non_ess
0.005780346820809247,0.0002593136831186792,0.0,1.0,0.08847568451164692,0.0014825796886582653,0.002223869532987398,0.03156365091131585,0.1994047619047619,0.9103039288361752,1.3970420932878271,YBR110W,ess,ess
0.15895953757225434,0.038724176679056095,0.13513513513513514,1.6666666666666667,0.2570494483040457,0.014382845188284518,0.11715481171548114,0.4066235803945009,0.8075396825396823,0.17939330543933055,1.0702028081123245,YLR436C,non_ess,non_ess
0.0,0.0,0.0,0.0,0.021250510829587253,0.0,0.0,0.0,0.0,1.0,3.3831775700934577,YOL005C,ess,ess
0.06358381502890173,0.010113233641628491,0.0,1.0,0.2950551695954229,0.005020538566864446,0.026700136923779098,0.1061999265577124,0.6822149837133549,0.2727065267001369,1.2193877551020411,YIL115C,ess,ess
0.06936416184971098,0.0349209093266488,0.08108108108108109,0.5,0.0480179812014712,0.031788079470198675,0.5350993377483444,0.8500168369064991,0.85006518904824,0.3258278145695364,2.0330578512396693,YOR289W,non_ess,non_ess
0.01445086705202312,0.001210130521220503,0.0,0.0,0.041070698814875364,0.007656967840735069,0.0214395099540582,0.13326297915559118,0.6495188749074761,0.5436447166921899,1.5570175438596492,YMR197C,ess,ess
0.08092485549132948,0.04036649667214107,0.0,0.0,0.07124369976842393,0.025547445255474453,0.4260948905109489,0.6672287943619432,1.267241379310345,0.14416058394160586,0.8020304568527918,YER179W,non_ess,non_ess
0.01445086705202312,0.0005186273662373584,0.13513513513513514,0.8333333333333334,0.06620351450756028,0.004892367906066536,0.005870841487279843,0.11666073652375022,0.16582491582491582,0.6487279843444227,3.70391061452514,YJR105W,non_ess,non_ess
0.06647398843930635,0.010026795747255596,0.2972972972972973,2.2,0.12811606048222313,0.011910926980838944,0.06007250129466597,0.2884375831035593,0.8362290862290862,0.1693423096841015,1.1122448979591837,YLR139C,non_ess,non_ess
0.049132947976878616,0.008038724176679056,0.10810810810810813,1.3333333333333333,0.1285247241520229,0.008776458440887971,0.048012390294269486,0.18734363210357016,0.6067890442890443,0.31078988125967993,2.8803827751196174,YLR289W,non_ess,non_ess
0.04046242774566474,0.00786584838793327,0.13513513513513514,2.5,0.07437678790355537,0.012259194395796848,0.0796847635726795,0.37442868736918544,0.8597560975609756,0.19439579684763567,1.2197802197802199,YBR026C,non_ess,non_ess
0.026011560693641616,0.006223528394848302,0.0,0.0,0.10032693093583983,0.005909389363099146,0.04727511490479317,0.19110451340318024,0.3443478260869565,0.7170059093893631,3.0760563380281694,YDL017W,ess,ess
0.011560693641618495,0.001210130521220503,0.054054054054054064,0.4,0.09072333469554557,0.0028943560057887122,0.010130246020260492,0.045041692509130996,0.12091097308488608,0.6714905933429812,4.710659898477157,YER003C,ess,ess
0.0028901734104046237,0.004667646296136226,0.2432432432432433,1.8,0.03514507560277892,0.00176678445229682,0.09540636042402828,0.03336078712682767,0.3859649122807018,0.9098939929328622,1.0078277886497065,YCL001W,non_ess,non_ess
0.1936416184971098,0.05125767136312559,0.0,1.0,0.5053126277073968,0.008970411032266703,0.07939483197215158,0.3024721727988403,0.7958594943152894,0.0785915115812023,1.0103270223752152,YPR117W,non_ess,non_ess
0.6213872832369942,0.28610943037427605,0.08108108108108109,3.0,0.3054760931753167,0.0474090407938258,0.7298787210584344,1.0865691495297485,2.165498173200355,0.03770672546857773,0.4913793103448276,YOR153W,non_ess,non_ess
0.0,0.0,0.10810810810810813,2.0,0.0488353085410707,0.0,0.0,0.0,0.0,1.0,1.7754629629629632,YML063W,non_ess,non_ess
0.04624277456647399,0.006828593655458553,0.10810810810810813,2.0,0.2269445579621305,0.004730928444707274,0.023358959195742164,0.1956841873354901,0.6222222222222222,0.20254287403903007,1.3979591836734693,YHR077C,non_ess,non_ess
0.0028901734104046237,8.643789437289306e-05,0.0,0.0,0.06579485083776053,0.000984251968503937,0.000984251968503937,0.02704642388451444,0.10416666666666666,0.9950787401574804,2.710455764075067,YPR056W,ess,ess
0.02890173410404624,0.009853919958509809,0.21621621621621626,1.6,0.08970167552104619,0.007315288953913678,0.08339429407461595,0.2415082984430368,0.7364975450081833,0.3423555230431602,0.7428571428571428,YNL206C,non_ess,non_ess
0.03757225433526011,0.005791338922983836,0.08108108108108109,0.5,0.20126685737637925,0.004326123128119801,0.022296173044925125,0.10072256116349296,0.2355820105820106,0.2346089850249584,1.7195121951219514,YOL021C,ess,ess
0.0722543352601156,0.016423199930849685,0.054054054054054064,2.0,0.19145892930118516,0.008738203425375743,0.06641034603285564,0.2858960915584474,0.7557354925775981,0.13037399510660608,1.3917910447761193,YMR266W,non_ess,non_ess
0.008670520231213872,0.001210130521220503,0.054054054054054064,1.0,0.04658765835717205,0.004087193460490463,0.019073569482288832,0.10282920369757316,0.41495327102803736,0.7779291553133515,3.3005780346820814,YER182W,non_ess,non_ess
0.07514450867052022,0.024807675685020316,0.054054054054054064,1.0,0.11646914589293013,0.014772727272727272,0.1630681818181818,0.374393474623536,0.7348816827344434,0.1375,0.8013245033112583,YMR291W,non_ess,non_ess
0.03757225433526011,0.007347221021695911,0.0,1.0,0.06824683285655905,0.0123574144486692,0.08079847908745247,0.4514977279050357,1.9930313588850173,0.23098859315589354,0.7431192660550459,YNL274C,non_ess,non_ess
0.023121387283236997,0.00561846313423805,0.027027027027027032,0.5,0.08091540662035146,0.006462035541195477,0.05250403877221325,0.20337461856040207,0.6666666666666667,0.23909531502423265,0.764857881136951,YOR051C,non_ess,non_ess
0.0028901734104046237,0.00112369262684761,0.0,0.0,0.210053126277074,0.0003190810465858328,0.004148053605615825,0.006913919687002368,0.024182242990654204,0.9901084875558392,7.3880952380952385,YLR249W,ess,ess
0.17630057803468208,0.14158527098279886,0.3783783783783784,1.0,0.12566407846342462,0.032189973614775734,0.8643799472295515,0.636631116826678,0.8249737394957983,0.07862796833773088,1.3185840707964605,YCR061W,non_ess,non_ess
0.06936416184971098,0.01149623995159478,0.0,1.0,0.29628116060482224,0.005454545454545455,0.030227272727272724,0.1941218005295675,0.4803270311701584,0.2134090909090909,1.4401840490797544,YLL021W,non_ess,non_ess
0.04335260115606936,0.017114703085832832,0.10810810810810813,1.3333333333333333,0.06375153248876175,0.015212981744421906,0.2008113590263692,0.8648806057076295,0.8391089108910891,0.21196754563894524,1.050251256281407,YDR435C,non_ess,non_ess
0.09248554913294796,0.016077448353358108,0.13513513513513514,2.5,0.12014711892112792,0.017640573318632856,0.10253583241455347,0.4309340053551741,0.849480021893815,0.10033076074972436,0.6546762589928057,YJL083W,non_ess,non_ess
0.04335260115606936,0.006655717866712767,0.0,0.0,0.10706988148753577,0.009247842170160295,0.047472256473489516,0.2092134786036264,0.5133196721311476,0.2046855733662145,0.6561264822134387,YKR016W,non_ess,non_ess
0.0028901734104046237,0.0002593136831186792,0.0,0.0,0.10993052717613404,0.0006009615384615385,0.001802884615384616,0.016584298853320596,0.045548654244306416,0.9381009615384616,5.084690553745928,YER082C,ess,ess
0.017341040462427744,0.0060506526061025155,0.1891891891891892,1.75,0.04658765835717205,0.008174386920980926,0.09536784741144416,0.2854942711594767,0.3975155279503106,0.5286103542234333,0.941747572815534,YER120W,non_ess,non_ess
0.017341040462427744,0.002160947359322327,0.0,0.0,0.08745402533714754,0.004497751124437782,0.018740629685157426,0.2190840063839048,0.6221198156682027,0.4152923538230884,2.3776824034334765,YHR190W,ess,ess
0.031791907514450865,0.0047540841905091185,0.0,1.0,0.2182263996730691,0.003380454824830977,0.016902274124154886,0.11649955508260786,0.5098193244304792,0.5500921942224954,4.323671497584542,YGR218W,ess,ess
0.04624277456647399,0.009940357852882704,0.027027027027027032,1.0,0.10931753167143443,0.009667673716012085,0.06948640483383686,0.3700695566640905,0.8317373461012312,0.21933534743202412,0.7333333333333334,YNR030W,non_ess,non_ess
0.0,0.0,0.0,0.0,0.053739272578667764,0.0,0.0,0.0,0.0,1.0,1.17671809256662,YPL129W,non_ess,ess
0.060693641618497114,0.016423199930849685,0.2432432432432433,0.9,0.04311401716387413,0.030746705710102486,0.2781844802342606,0.6380673499267936,0.7208333333333334,0.2445095168374817,1.1517241379310346,YEL038W,non_ess,non_ess
0.0953757225433526,0.025412740945630563,0.21621621621621626,1.0,0.1446669391091132,0.015179392824287031,0.13523459061637536,0.4786473961602284,1.3399935546245572,0.18261269549218032,0.8881431767337808,YDR205W,non_ess,non_ess
0.09826589595375723,0.026882185149969744,0.40540540540540543,3.0,0.10196158561503883,0.02197802197802198,0.20103425985778928,0.9399624765478424,1.1575203252032522,0.13574660633484162,0.9813084112149532,YDL159W,non_ess,non_ess
0.031791907514450865,0.01045898521912006,0.0,0.0,0.11524315488353085,0.0063145809414466144,0.06946039035591274,0.1225843487278249,0.6719758064516129,0.2743972445464983,0.803361344537815,YAL040C,non_ess,non_ess
0.03757225433526011,0.006482842077966981,0.4324324324324325,1.7777777777777777,0.045361667347772784,0.018156424581005588,0.10474860335195532,0.5337725690227513,7.677536231884058,0.19553072625698328,0.42944785276073616,YOR126C,non_ess,non_ess
0.02023121387283237,0.0036303915636615096,0.0,0.0,0.10155292194523907,0.004542504866969501,0.027255029201817,0.10562311316762124,0.3043478260869565,0.6963011031797534,1.5528219971056438,YJL194W,ess,ess
0.04335260115606936,0.015991010458985218,0.08108108108108109,1.0,0.09337964854924398,0.01055594651653765,0.1301900070372977,0.7597153804050355,0.9126984126984126,0.22026741731175228,0.4038709677419355,YLR034C,non_ess,non_ess
0.011560693641618495,0.0010372547324747168,0.054054054054054064,1.0,0.040049039640375976,0.006269592476489028,0.01880877742946709,0.2013155272074945,0.9294797687861274,0.4717868338557994,1.0273037542662116,YDR298C,non_ess,non_ess
0.02023121387283237,0.003198202091797044,0.0,0.0,0.07355946056395588,0.006194690265486726,0.032743362831858414,0.23164239425823985,0.3657838224767359,0.28407079646017697,1.0062695924764888,YGL155W,ess,ess
0.02023121387283237,0.0037168294580344026,0.08108108108108109,0.75,0.10155292194523907,0.004542504866969501,0.027903958468526932,0.11475383798550574,0.3981351981351983,0.4555483452303699,1.5462555066079295,YHR137W,non_ess,non_ess
0.0,0.0,0.0,1.0,0.037188393951777685,0.0,0.0,0.0,0.0,1.0,1.6239782016348774,YER012W,ess,ess
0.01445086705202312,0.0033710778805428297,0.0,1.0,0.18430731507968945,0.00181422351233672,0.014150943396226415,0.035215272690874516,0.0686106346483705,0.4169085631349782,2.316532258064516,YGL008C,ess,ess
0.005780346820809247,0.0002593136831186792,0.0,0.0,0.08888434818144668,0.0014760147601476016,0.002214022140221402,0.0997646010942868,0.11663286004056796,0.6140221402214022,3.2373540856031133,YER136W,ess,ess
0.04046242774566474,0.0087302273316622,0.0,0.0,0.2425418880261545,0.003877042370534478,0.027970091387427305,0.10081314578511542,0.7279792746113989,0.30047078371642205,1.4602960969044416,YPR010C,ess,ess
0.011560693641618495,0.0009508168381018238,0.0,0.0,0.018798528810788726,0.012269938650306749,0.033742331288343565,0.42007498295841855,0.5617283950617283,0.6411042944785276,2.9027777777777777,YNL244C,ess,ess
0.023121387283236997,0.0036303915636615096,0.0,0.0,0.10931753167143443,0.004833836858006042,0.025377643504531724,0.29845388306379955,0.8496732026143792,0.3993957703927493,0.5834068843777581,YJL110C,non_ess,non_ess
0.031791907514450865,0.0030253263030512573,0.054054054054054064,0.4,0.12014711892112792,0.006063947078280044,0.019294377067254686,0.20189049492732367,0.3842625264643613,0.5992282249173098,1.7646103896103895,YDR200C,non_ess,non_ess
0.05780346820809248,0.013052122050306855,0.054054054054054064,4.0,0.0986922762566408,0.0133422281521014,0.10073382254836558,0.3425447473456881,0.6458211572180012,0.15210140093395594,1.3491124260355027,YNL142W,non_ess,non_ess
0.1329479768786127,0.06966894286455183,0.0,0.0,0.2460155292194524,0.012561441835062808,0.2200983069361005,0.21797145104983434,0.7538325991189427,0.10513380666302567,1.3321799307958475,YLR084C,non_ess,non_ess
0.0028901734104046237,0.002074509464949433,0.054054054054054064,0.5,0.06906416019615856,0.0009398496240601504,0.022556390977443608,0.022353788663274952,0.09281437125748504,0.9135338345864662,3.4346289752650185,YNL229C,non_ess,non_ess
0.04335260115606936,0.003889705246780188,0.0,1.0,0.13465467919901922,0.007400098667982241,0.02220029600394672,0.2062966281727293,0.9402332361516036,0.2644301924025654,0.8440944881889765,YOR069W,non_ess,non_ess
0.0028901734104046237,0.0004321894718644654,0.08108108108108109,1.5,0.061708214139762976,0.0010460251046025104,0.005230125523012552,0.030247559274755927,0.19375,0.9843096234309624,1.603066439522998,YNL315C,non_ess,non_ess
0.0028901734104046237,0.0010372547324747168,0.027027027027027032,0.2,0.03466830132134587,0.0017889087656529515,0.02146690518783542,0.03586762075134168,0.07430555555555554,0.627906976744186,1.398406374501992,YIL004C,ess,ess
0.08670520231213873,0.008298037859797734,0.1891891891891892,1.75,0.13281569268492033,0.015,0.048,0.3815254237288136,0.9193631227529532,0.1315,0.8117283950617284,YBR260C,non_ess,non_ess
0.0,0.0,0.0,0.0,0.02227217000408664,0.0,0.0,0.0,0.0,1.0,2.244047619047619,YER009W,ess,ess
0.09826589595375723,0.019880715705765408,0.10810810810810813,1.0,0.16244380874540254,0.013963039014373716,0.0944558521560575,0.3027009951034592,0.8205128205128204,0.1268993839835729,1.2875,YJR126C,non_ess,non_ess
0.04046242774566474,0.0047540841905091185,0.0,1.0,0.07110747854515734,0.01279707495429616,0.050274223034734916,0.38323425790282944,1.1589403973509935,0.20383912248628885,1.056872037914692,YPL236C,non_ess,non_ess
0.0,0.0,0.054054054054054064,0.5,0.044748671843073164,0.0,0.0,0.0,0.0,1.0,1.0893682588597842,YGL020C,non_ess,non_ess
0.060693641618497114,0.012706370472815282,0.0,0.0,0.10114425827543932,0.013680781758957657,0.0957654723127036,0.3736268673480849,0.6923076923076924,0.2762214983713355,0.2762214983713355,YER078C,non_ess,non_ess
0.02023121387283237,0.0025931368311867924,0.0,1.0,0.09930527176134042,0.004641909814323607,0.01989389920424403,0.20666953425574114,0.5833333333333333,0.3839522546419098,1.8264984227129333,YDR470C,non_ess,non_ess
0.06936416184971098,0.00786584838793327,0.054054054054054064,4.0,0.20187985288107888,0.007962840079628402,0.030192435301924364,0.1758158894854316,0.6397058823529411,0.2183145321831453,0.8083538083538083,YDR270W,non_ess,non_ess
0.05491329479768786,0.018411271501426223,0.08108108108108109,0.75,0.0615038823048631,0.01993704092339979,0.22350472193074505,0.6999635019845796,1.060144927536232,0.1720881427072403,0.891304347826087,YNR027W,non_ess,non_ess
0.02890173410404624,0.0028524505143054713,0.0,1.0,0.2082141397629751,0.0032185387833923397,0.010621177985194722,0.12504779206079367,0.32751677852349,0.2993241068554876,1.0801393728222997,YGL207W,ess,ess
0.06358381502890173,0.020312905177629872,0.0,0.0,0.08581937065794852,0.01679389312977099,0.17938931297709926,0.3726046942997788,0.6572096128170895,0.1870229007633588,1.2373737373737377,YLR203C,non_ess,non_ess
0.04335260115606936,0.0075200968104416985,0.10810810810810813,0.8,0.0651818553330609,0.014895729890764648,0.08639523336643495,0.2829711252005194,0.5159023668639053,0.4657398212512413,1.8685258964143427,YLR354C,non_ess,non_ess
0.017341040462427744,0.00224738525369522,0.0,1.0,0.09889660809154067,0.0039946737683089215,0.017310252996005325,0.13221715308550347,0.4777517564402809,0.3462050599201065,1.5072463768115942,YNL169C,non_ess,non_ess
0.04335260115606936,0.00449477050739044,0.0,1.0,0.13874131589701674,0.007187350263536177,0.024916147580258743,0.3443467586934636,0.50561797752809,0.4916147580258745,2.0685483870967745,YLR188W,non_ess,non_ess
0.017341040462427744,0.009162416803526663,0.10810810810810813,0.5714285714285714,0.028606456885982838,0.01276595744680851,0.22553191489361696,0.6313127258129265,1.7830188679245282,0.4617021276595745,0.5607235142118863,YLR421C,non_ess,non_ess
0.13583815028901733,0.0337107788054283,0.027027027027027032,2.0,0.2255823457294647,0.013979773944080905,0.11600237953599048,0.4598779972009504,0.8189662394236407,0.21326591314693635,1.4722792607802877,YBR235W,non_ess,non_ess
0.05202312138728323,0.020312905177629872,0.13513513513513514,1.25,0.1158561503882305,0.010279840091376356,0.1342090234151913,0.1967223069638326,0.8632911392405064,0.3637921187892633,1.2539370078740155,YJL162C,non_ess,non_ess
0.017341040462427744,0.004667646296136226,0.21621621621621626,4.0,0.025950143032284437,0.013921113689095129,0.12529002320185614,0.3110759459835128,0.7096774193548387,0.4547563805104408,1.53125,YDR513W,non_ess,non_ess
0.04335260115606936,0.0067421557610856594,0.10810810810810813,2.0,0.041683694319574985,0.02265861027190332,0.11782477341389727,0.5319143945506746,0.8773291925465837,0.1933534743202417,0.5493562231759657,YIL007C,non_ess,non_ess
0.09248554913294796,0.012274181000950816,0.0,1.0,0.256640784634246,0.008381351492928235,0.03719224724986904,0.3140979063519154,1.1764705882352942,0.33708748035620745,2.1557788944723617,YOR124C,non_ess,non_ess
0.08959537572254335,0.016163886247731005,0.027027027027027032,0.5,0.10359624029423783,0.019732654360280075,0.11903246339910885,0.4270480637449538,0.8208469055374593,0.12030553787396565,0.9545454545454546,YKL039W,non_ess,non_ess
0.023121387283236997,0.0035439536692886157,0.0,0.0,0.12525541479362487,0.004235044997353097,0.02170460561143462,0.09068966401820884,0.3980305778699145,0.4436209634727369,1.4701754385964911,YNR038W,ess,ess
0.13583815028901733,0.03950211772841213,0.4594594594594595,1.5454545454545454,0.0696771557008582,0.04380242311276794,0.4259086672879777,0.7825436978146337,0.8710424710424709,1.0,1.0,YPL015C,non_ess,non_ess
0.09826589595375723,0.0662114270896361,0.32432432432432434,1.7142857142857142,0.06272987331426237,0.035015447991761074,0.7888774459320288,0.7756091708077951,1.2978817299205652,0.33470648815653964,2.5390625,YGR007W,non_ess,non_ess
0.19942196531791906,0.03578528827037773,0.10810810810810813,1.3333333333333333,0.2985288107887209,0.015565080081209113,0.09339048048725468,0.4028390963874835,0.9452947845804988,0.059778930746672676,0.8520900321543408,YGR281W,non_ess,non_ess
0.017341040462427744,0.0026795747255596854,0.0,0.0,0.0931753167143441,0.0042313117066290545,0.021861777150916785,0.08184537206534026,0.3655210038188762,0.7411847672778561,1.6924315619967794,YHR005C,non_ess,ess
0.07803468208092486,0.00898954101478088,0.13513513513513514,1.6666666666666667,0.07703310175725378,0.02286198137171888,0.08806096528365792,0.5533085917091538,1.1130319148936172,0.12277730736663844,1.1153846153846154,YIL153W,non_ess,non_ess
0.031791907514450865,0.002074509464949433,0.0,0.0,0.35002043318349,0.002119868953555598,0.004625168625939488,0.0825104165974442,0.351419878296146,0.4989400655232222,3.6209790209790214,YMR229C,ess,ess
0.0,0.0,0.0,0.0,0.048630976706170816,0.0,0.0,0.0,0.0,1.0,1.0,YGL123W,ess,ess
0.05780346820809248,0.009940357852882704,0.0,1.0,0.1810380057212914,0.007385524372230428,0.042466765140324964,0.3099004897768794,1.151315789473684,0.1277695716395864,0.733050847457627,YPR021C,non_ess,non_ess
0.02023121387283237,0.002160947359322327,0.08108108108108109,0.42857142857142855,0.060277891295463834,0.007486631016042781,0.026737967914438502,0.19772276632818606,0.7209737827715355,0.7732620320855615,1.9026315789473685,YIL134W,non_ess,non_ess
0.1329479768786127,0.04226813034834472,0.08108108108108109,3.0,0.2529628116060482,0.012221041445270987,0.12991498405951116,0.2751023464578934,0.578684169401469,0.10812964930924547,1.1212121212121209,YJL197W,non_ess,non_ess
0.011560693641618495,0.0035439536692886157,0.08108108108108109,1.5,0.05591881215093312,0.004592422502870264,0.04707233065442022,0.13371116847952325,0.69364161849711,0.32606199770378874,1.2566371681415929,YJL177W,non_ess,non_ess
0.008670520231213872,0.0006915031549831446,0.027027027027027032,0.5,0.1258684102983245,0.0015806111696522653,0.004214963119072708,0.0547945205479452,0.2958333333333333,0.8208640674394099,1.25140562248996,YLL035W,ess,ess
0.05202312138728323,0.005877776817356729,0.1891891891891892,3.5,0.085002043318349,0.01386748844375963,0.05238828967642527,0.3424345146379045,1.0057142857142858,0.17026194144838214,1.1755319148936172,YLR387C,non_ess,non_ess
0.05491329479768786,0.010631861007865848,0.1891891891891892,2.333333333333333,0.085002043318349,0.01463790446841294,0.09476117103235747,1.040324481102148,1.039411764705882,0.1864406779661017,0.6836158192090396,YOR197W,non_ess,non_ess
0.12716763005780346,0.04425620191892125,0.16216216216216214,1.0,0.1610134859011034,0.018227009113504555,0.212096106048053,0.4323072674356849,1.3192721257237383,0.1975973487986744,0.957831325301205,YGR067C,non_ess,non_ess
0.0028901734104046237,0.0002593136831186792,0.054054054054054064,0.5,0.03902738046587659,0.0016051364365971107,0.004815409309791332,0.06851554604363594,0.225925925925926,0.8314606741573034,2.443396226415094,YDL217C,ess,ess
0.05202312138728323,0.01348431152217132,0.054054054054054064,4.0,0.09664895790764202,0.012253233492171544,0.10619469026548672,0.3397635008723328,0.749290444654683,0.21647379169503064,1.0358306188925082,YLR183C,non_ess,non_ess
0.05202312138728323,0.006482842077966981,0.027027027027027032,1.0,0.12178177360032695,0.009793253536452664,0.040805223068552776,0.48296202966611296,1.223684210526316,0.26278563656147985,1.4815950920245398,YMR098C,non_ess,non_ess
0.06647398843930635,0.02532630305125767,0.13513513513513514,0.5555555555555556,0.07294646505925624,0.02051739518287244,0.26137377341659235,0.4762464532946496,0.7002265647125461,0.16592328278322924,0.8773584905660378,YIL006W,non_ess,non_ess
0.03757225433526011,0.0029388884086783643,0.13513513513513514,1.25,0.1264814058030241,0.00681699003670687,0.01782905086523335,0.19134406385474168,0.3931297709923664,0.3875196643943367,2.4715719063545154,YGL023C,non_ess,non_ess
