ratio_hits_prom,orf_len,insertion_index,NI,NI_ratio,HFI_ratio,orf,label,predictions
0.0,0.1040049039640376,0.005072923272035511,0.11929123065463415,0.6351726875744342,1.4662921348314606,YGR227W,non_ess,non_ess
1.5,0.030854107069881488,0.02186878727634195,0.6685938423512977,1.3147147147147151,0.7637362637362637,YKL056C,non_ess,non_ess
1.3333333333333333,0.10441356763383736,0.03916614024005054,0.6665439719592853,1.4645669291338583,0.9565217391304348,YDR072C,non_ess,non_ess
0.25,0.10420923579893747,0.006962025316455696,0.16363840035846308,0.3737357774968394,1.3188405797101448,YGL190C,non_ess,non_ess
3.0,0.10482223130363713,0.005663939584644432,0.283426598404572,0.9608108108108108,1.084942084942085,YIL146C,non_ess,non_ess
0.3125,0.18798528810788726,0.003202846975088968,0.13888451484899064,0.5575221238938052,1.5720064724919094,YPR104C,ess,ess
1.5,0.05598692276256642,0.002293577981651377,0.05489789878662327,0.4580645161290323,1.164218958611482,YBR101C,non_ess,non_ess
0.0,0.08418471597874949,0.016329704510108862,0.3415919393799014,1.0704787234042554,1.1533546325878594,YJL139C,non_ess,non_ess
0.5,0.0704944830404577,0.007373271889400922,0.3847113038763893,0.588235294117647,1.4916387959866222,YJR153W,non_ess,non_ess
0.4,0.05925623212096445,0.013043478260869565,0.2835748792270531,0.9737373737373736,1.2724014336917562,YPL177C,non_ess,non_ess
2.0,0.010625255414793628,0.029126213592233014,0.7640584446794194,0.8062234794908062,1.5396825396825398,YDL085C-A,non_ess,non_ess
0.6111111111111112,0.16448712709440133,0.006490872210953347,0.7623970150001252,1.154795821462488,1.3195592286501376,YOR195W,non_ess,non_ess
0.6666666666666666,0.09726195341234163,0.03653585926928282,0.8834794375478026,0.8091378039793662,0.9746835443037976,YGR121C,non_ess,non_ess
0.0,0.011646914589293013,0.00904977375565611,0.2728662817912311,1.8344827586206889,1.0,YJL026C-A,non_ess,non_ess
0.0,0.05108295872496935,0.01375,0.3721034482758621,0.7532019704433496,1.5058823529411764,YFR050C,ess,non_ess
1.0,0.014711892112791171,0.011278195488721804,0.29061893143454665,0.5319477930031231,0.5413533834586466,YER019C-A,non_ess,non_ess
1.0,0.2637923988557417,0.0030588835075197555,0.4319239102727505,0.3547297297297298,1.874429223744292,YLR425W,non_ess,non_ess
3.0,0.011646914589293013,0.05882352941176471,2.0500381970970203,0.6038961038961038,0.7704918032786885,YGR035W-A,non_ess,non_ess
0.5,0.04515733551287291,0.012622720897615708,0.5301542776998598,1.6513761467889911,0.5933014354066986,YHR185C,non_ess,non_ess
0.3333333333333333,0.03698406211687781,0.006745362563237775,0.15179601617872673,0.2293233082706767,3.2162162162162162,YGL247W,ess,ess
4.0,0.17306906416019618,0.00887688151292937,0.2751264238141892,0.7970753205128205,1.0883116883116886,YKR064W,non_ess,non_ess
0.0,0.01736820596648958,0.026229508196721308,0.7833666533386645,0.9322493224932248,1.8943089430894309,YDR377W,non_ess,non_ess
2.0,0.02656313853698406,0.01590909090909091,0.5017045454545455,1.3541666666666667,0.6156862745098038,YNL319W,non_ess,non_ess
1.0,0.03964037597057622,0.006329113924050633,0.10634726192096547,1.5161290322580647,0.9350961538461541,YBR067C,non_ess,non_ess
1.3333333333333333,0.10890886800163466,0.01758641600970285,0.5902987961989853,0.5117647058823529,1.0139860139860142,YHR050W,non_ess,non_ess
4.0,0.010829587249693505,0.0,0.0,0.0,1.9174311926605507,YLL009C,non_ess,non_ess
1.3333333333333333,0.03841438496117695,0.02280130293159609,0.4253220313888065,0.8948863636363638,1.4042553191489362,YIL158W,non_ess,non_ess
1.0,0.058643236616264825,0.013172338090010977,0.2054451084820642,0.8543209876543209,1.4161490683229814,YFR031C-A,non_ess,non_ess
4.0,0.0425010216591745,0.031157270029673587,0.9191394658753708,0.8618421052631579,1.2634146341463417,YKL087C,non_ess,non_ess
0.5,0.0416155837079417,0.009077155824508321,0.2632375189107413,1.1006369426751594,1.7345971563981042,YJL024C,non_ess,non_ess
1.8333333333333333,0.021250510829587253,0.027624309392265192,0.5908194806143062,5.572687224669603,0.7222222222222222,YHL046C,non_ess,non_ess
3.6666666666666665,0.01920719248058848,0.02710843373493976,0.6084495048255849,1.375916230366492,1.0,YJR086W,non_ess,non_ess
0.5,0.06892793897289197,0.0009416195856873825,0.022693032015065912,0.10055555555555556,2.9907692307692315,YBR181C,non_ess,non_ess
0.0,0.06763383735185942,0.001917545541706616,0.07810310494874254,0.4871794871794871,1.8285077951002229,YPR180W,ess,ess
1.0,0.017776869636289334,0.02572347266881029,1.0209306558272158,1.7358490566037734,0.5283018867924528,YNL030W,non_ess,non_ess
1.1666666666666663,0.031671434409481,0.02524271844660194,0.7629482861105606,0.7346938775510203,3.1987577639751548,YCR087W,non_ess,non_ess
1.0,0.09174499387004496,0.02648532569792412,0.5702726457236573,1.2879746835443036,0.7788778877887789,YGL184C,non_ess,non_ess
1.0,0.014916223947691053,0.0966542750929368,3.44360322785384,2.853658536585366,1.0,YKR075W-A,non_ess,non_ess
1.0,0.2394769105026563,0.014862591138530569,0.5544585910118264,0.6162790697674421,0.847942754919499,YAR042W,non_ess,non_ess
0.0,0.15713118103800575,0.004666949512091642,0.07071275646868888,0.3725068158989812,1.7733333333333334,YAL043C,ess,ess
0.0,0.019411524315488357,0.08059701492537312,1.7931320839411962,1.3355757815591611,1.1451612903225807,YOR029W,non_ess,non_ess
0.5,0.1340416836943196,0.011397423191278492,0.4216320630251305,0.8084453880632224,1.4095238095238096,YBR212W,non_ess,non_ess
0.16666666666666666,0.05823457294646505,0.016574585635359115,1.5805709023941068,3.2500000000000004,1.0865384615384617,YLR307W,non_ess,non_ess
2.5,0.11626481405803026,0.004553215708594196,0.1568518981483944,0.52803738317757,0.8894230769230769,YHR109W,non_ess,non_ess
1.5,0.06477319166326115,0.007992007992007992,0.4044104044104044,0.6000000000000001,1.023102310231023,YER161C,non_ess,non_ess
6.0,0.13342868818961995,0.022399203583872568,0.5009112220812794,0.7258064516129031,0.8084112149532711,YGL236C,non_ess,non_ess
0.0,0.08765835717204741,0.009723261032161557,0.2671102743317944,0.6797385620915033,0.971326164874552,YOR190W,non_ess,non_ess
0.5,0.05762157744176542,0.005580357142857143,0.4137436224489796,0.5576441102756894,1.5134328358208955,YFL059W,non_ess,non_ess
0.0,0.0615038823048631,0.0,0.0,0.0,2.4882506527415145,YBL027W,non_ess,ess
1.5,0.13363302002451982,0.01341948310139165,1.698840017744771,0.6136363636363635,1.9071428571428573,YML042W,non_ess,non_ess
0.8571428571428571,0.029423784225582342,0.0,0.0,0.6872759856630825,1.0,YLL066W-A,non_ess,non_ess
0.5,0.015937883122190438,0.04225352112676056,1.5694435672329945,0.5304292120435617,1.0,YPR160C-A,non_ess,non_ess
0.75,0.0768287699223539,0.005942275042444821,0.1749295503474349,0.7505154639175255,1.4591439688715953,YDR083W,non_ess,non_ess
0.0,0.06497752349816102,0.00099601593625498,0.03333153871002477,0.2367567567567568,1.8869731800766285,YHR085W,ess,ess
0.5,0.21965672251736826,0.0018320610687022894,0.05412267122190786,1.1276223776223775,1.0048200514138816,YDR040C,non_ess,non_ess
2.0,0.019411524315488357,0.0029850746268656717,0.08581501939123283,0.11811023622047245,1.425531914893617,YGL024W,non_ess,non_ess
0.3333333333333333,0.08459337964854925,0.003869969040247678,0.05164050507295441,0.058579775816837584,3.808612440191387,YEL002C,ess,ess
7.0,0.22496935022476505,0.010736653742916793,0.4141102379680813,0.7674418604651163,0.9038461538461541,YNR067C,non_ess,non_ess
1.0,0.2159787494891704,0.012108040981061784,0.3518351038699837,0.7850241545893721,1.6840490797546013,YFL034W,non_ess,non_ess
1.1875,0.02411115651818553,0.07425742574257425,3.095709570957096,0.5942857142857144,1.075187969924812,YPL062W,non_ess,non_ess
0.0,0.07757798665032012,0.014297729184188394,1.2909770379421426,1.1684636118598382,1.6022099447513811,YDR318W,non_ess,non_ess
0.2222222222222222,0.01982018798528811,0.05278592375366569,1.4392516425999482,1.3860759493670889,1.0,YLL030C,non_ess,non_ess
1.5333333333333332,0.031262770739681235,0.005893909626719057,0.17088631056084813,0.7830188679245284,0.4915254237288135,YKL070W,non_ess,non_ess
0.0,0.01736820596648958,0.0,0.0,0.0,1.3436123348017621,YLR147C,ess,non_ess
1.1666666666666667,0.19963220269718024,0.0010063737001006373,0.03284906974943875,0.09057071960297763,5.095238095238097,YHR027C,non_ess,ess
1.5,0.045565999182672665,0.023643949930458968,0.6917168907433163,1.0925925925925926,1.1958041958041958,YGR247W,non_ess,non_ess
0.0,0.11340416836943196,0.00816326530612245,0.3605556508317613,1.0084033613445378,0.7614678899082569,YHR184W,non_ess,non_ess
2.0,0.04495300367797303,0.008450704225352112,0.44504481434058896,0.9109090909090908,0.5588235294117647,YIR042C,non_ess,non_ess
0.5,0.21761340416836944,0.0009244992295839754,0.023049746863306183,0.1015527950310559,1.8640132669983416,YOL051W,non_ess,ess
1.2142857142857142,0.0704944830404577,0.030414746543778806,0.9724442772500708,2.7580174927113705,0.5363321799307958,YKR066C,non_ess,non_ess
0.5,0.10420923579893747,0.013291139240506329,0.3393196202531646,0.7241379310344828,2.092024539877301,YML086C,non_ess,non_ess
0.3333333333333333,0.05809835172319847,0.007751937984496123,0.28047011752938233,0.6638709677419353,1.5741626794258372,YLR128W,non_ess,non_ess
0.0,0.05537392725786678,0.005793742757821553,0.24087924435549,0.2632384450566269,1.1966759002770082,YBR011C,ess,ess
0.4444444444444444,0.29628116060482224,0.005454545454545455,0.1941218005295675,0.4803270311701584,1.4401840490797544,YLL021W,non_ess,non_ess
1.6,0.09501430322844301,0.020761245674740483,0.6696788584174554,1.1019283746556474,0.8407960199004976,YFR044C,non_ess,non_ess
0.9307692307692308,0.007764609726195342,0.0,0.0,2.820117647058824,1.0,YLR154W-B,non_ess,non_ess
3.0,0.017572537801389457,0.02922077922077922,1.9037456445993035,1.258536585365854,0.8532608695652174,YAL066W,non_ess,non_ess
0.6666666666666666,0.1058438904781365,0.002493765586034913,0.1322809048806555,0.2406015037593985,2.4189814814814814,YDR434W,ess,ess
9.0,0.020841847159787496,0.07865168539325842,8.21123595505618,27.16,0.14887640449438205,YLR162W,non_ess,non_ess
2.0,0.16877809562729876,0.0011867088607594935,0.027543201536054617,0.3328651685393259,1.7261809447558043,YDR385W,non_ess,non_ess
0.7777777777777779,0.07090314671025746,0.021081576535288724,0.5489423500422583,0.7654220779220778,0.6744186046511629,YOR338W,non_ess,non_ess
1.0,0.21209644462607274,0.010113780025284451,0.2891522433128087,0.920863309352518,1.3369565217391304,YMR261C,non_ess,non_ess
0.0,0.01838986514098897,0.075,2.8410326086956523,2.7536231884057973,1.5862068965517244,YFL032W,non_ess,non_ess
2.0,0.17695136902329384,0.01283987915407855,0.3365540108560755,0.7865145228215765,2.0179028132992327,YGR238C,non_ess,non_ess
0.25,0.09930527176134042,0.02122015915119364,0.4019040005813742,0.7378995433789954,1.2857142857142858,YAL058W,non_ess,non_ess
0.75,0.05803024111156519,0.018847006651884702,0.3185208890514397,0.6572164948453607,1.0460251046025104,YER053C,non_ess,non_ess
3.0,0.1581528402125051,0.005902192242833052,0.2783258537442804,0.4541259500542889,1.4113924050632911,YDR034C,non_ess,non_ess
0.0,0.14221495709031468,0.007951356407857811,0.32590432155773896,0.6548377312708524,1.3665943600867678,YLR006C,non_ess,non_ess
0.75,0.06456885982836126,0.008016032064128256,0.2886352414974877,0.8695652173913042,1.13882863340564,YML019W,non_ess,non_ess
0.5,0.16162648140580305,0.0140321914981428,0.42151602696381896,0.9358974358974358,0.8016528925619836,YBR276C,non_ess,non_ess
1.0,0.16326113608500206,0.004086636697997548,0.07803437628314082,0.3182897862232779,1.2415169660678642,YDL132W,ess,non_ess
2.0,0.017572537801389457,0.048701298701298704,1.2059023066485757,0.8435501066098082,1.2089552238805972,YMR254C,non_ess,non_ess
1.0,0.003064977523498161,0.05263157894736842,1.945246179966044,5.080645161290323,0.43333333333333335,YOL038C-A,non_ess,non_ess
1.3333333333333333,0.3062934205149162,0.010556410820321093,0.2816493938452678,0.8507867607162235,0.820642978003384,YDR135C,non_ess,non_ess
2.0,0.11054352268083367,0.03765690376569039,0.909145248057382,0.9830769230769232,0.8639455782312926,YER065C,non_ess,non_ess
1.5,0.044748671843073164,0.024045261669024046,0.5584877351192105,0.7983425414364642,0.6319444444444444,YDR275W,non_ess,non_ess
0.75,0.1465059256232121,0.016810540663334848,0.30143920063987506,0.5836906399158643,1.4271844660194175,YOR001W,non_ess,non_ess
0.6428571428571428,0.0461789946873723,0.008241758241758242,0.2589937994965928,1.1173184357541899,0.43505154639175264,YGR057C,non_ess,non_ess
1.5,0.11013485901103393,0.014397120575884825,0.2949810037992401,0.5980952380952381,1.1403508771929824,YJL163C,non_ess,non_ess
0.2727272727272727,0.01818553330608909,0.03470031545741325,1.4833007861399028,0.9700176366843032,1.1311475409836067,YFL015W-A,non_ess,non_ess
1.0,0.03105843890478137,0.023715415019762844,0.663049325256683,0.7607776838546068,1.1503267973856208,YPL108W,non_ess,non_ess
0.375,0.0723334695545566,0.0035971223021582736,0.08041139903611093,0.1530097087378641,1.8853211009174309,YPR035W,ess,ess
2.0,0.10257458111973848,0.005784061696658098,0.10223582735759708,0.2779605263157895,1.3993506493506491,YMR064W,non_ess,non_ess
0.25,0.1330200245198202,0.008487269096355467,0.1399272772257543,0.7244993013507219,0.7523364485981308,YLR083C,non_ess,non_ess
0.7380952380952381,0.08970167552104619,0.012435991221653257,0.2798098024871982,0.9069767441860463,0.8977900552486188,YDL091C,non_ess,non_ess
0.0,0.042092357989374746,0.0014970059880239526,0.11128324745857124,1.0,1.0,YNL334C,non_ess,non_ess
2.0,0.1536575398447078,0.005637467476149176,0.2464982653946227,1.2125,0.6286449399656948,YPR181C,ess,non_ess
0.6666666666666666,0.1203514507560278,0.015960374243258118,0.29978582464143866,1.1140213026017114,0.6545039908779932,YNR039C,non_ess,non_ess
1.3333333333333333,0.023293829178586026,0.005102040816326529,0.26138147566718994,0.17094017094017094,3.447368421052632,YDR442W,non_ess,non_ess
0.575,0.017163874131589704,0.009933774834437088,0.3977782525101474,0.3346774193548387,1.2,YPL102C,non_ess,non_ess
4.0,0.025950143032284437,0.013921113689095129,0.3110759459835128,0.7096774193548387,1.53125,YDR513W,non_ess,non_ess
1.25,0.05741724560686556,0.006718924972004479,0.2743475547729157,1.4427480916030533,0.8970873786407767,YMR099C,non_ess,non_ess
2.0,0.19145892930118516,0.008738203425375743,0.2858960915584474,0.7557354925775981,1.3917910447761193,YMR266W,non_ess,non_ess
0.5625,0.18083367388639152,0.019223659889094268,0.2485466114864313,1.2754905732974222,0.6392857142857142,YDR006C,non_ess,non_ess
0.0,0.039436044135676335,0.017488076311605722,0.5967245526069055,0.8649572649572648,0.5283018867924528,YJL170C,non_ess,non_ess
1.4285714285714286,0.0406620351450756,0.0030911901081916537,0.05225765005947042,0.5596707818930041,0.6306027820710973,YPR154W,non_ess,non_ess
0.0,0.03923171230077646,0.004792332268370607,0.14414583724863747,0.5,2.2319587628865984,YDR487C,ess,ess
1.0,0.08091540662035146,0.015347334410339256,0.3708939149165321,2.412698412698413,0.5454545454545454,YOL083W,non_ess,non_ess
1.6666666666666667,0.08071107478545159,0.017813765182186234,0.4871226012599626,0.7686846038863975,0.9376498800959234,YOR042W,non_ess,non_ess
6.0,0.15079689415610953,0.00706713780918728,0.3755115457309557,0.8037209302325582,0.8528072837632776,YER162C,non_ess,non_ess
1.625,0.017572537801389457,0.0,0.0,0.9355529595015576,1.0,YPR203W,non_ess,non_ess
2.6666666666666665,0.06817872224492577,0.0028544243577545195,0.4235616225557778,0.3596938775510204,2.0840336134453783,YLR426W,non_ess,non_ess
0.0,0.017572537801389457,0.01948051948051948,0.8847191769269691,1.0686456400742117,0.8073394495412844,YNL086W,non_ess,non_ess
0.0,0.08418471597874949,0.0077760497667185065,0.20095151269066644,1.3423645320197044,0.7288888888888889,YDR394W,ess,non_ess
0.0,0.0406620351450756,0.012364760432766615,0.4154227565532193,0.6071244192049561,1.642857142857143,YKL119C,non_ess,non_ess
0.5,0.03105843890478137,0.017786561264822136,0.3980162577373406,1.9245283018867927,0.6696035242290749,YCL033C,non_ess,non_ess
4.0,0.17674703718839396,0.030245746691871456,0.5677951538064959,0.703030303030303,0.5391705069124424,YJL078C,non_ess,non_ess
0.75,0.15243154883530854,0.037587412587412584,0.5553102662304435,0.9064983796691112,0.6812080536912752,YER001W,non_ess,non_ess
2.0,0.05680425010216592,0.0022624434389140274,0.07158472723575167,0.13782771535580526,2.3402489626556022,YDR489W,ess,non_ess
0.75,0.16223947691050267,0.011924342105263159,0.3375450816423589,1.0158411423471665,2.0264150943396224,YPL207W,non_ess,non_ess
0.0,0.4897834082550062,0.002762049440684989,0.07512368294921892,0.3059772296015181,5.387840670859539,YHR165C,non_ess,ess
0.5,0.115038823048631,0.015526164462334674,0.6252713851498046,0.7504373177842566,1.1645569620253164,YHR150W,non_ess,non_ess
0.0,0.07110747854515734,0.014625228519195612,1.2891451428928575,1.4434947768281101,0.8169761273209549,YCL018W,non_ess,non_ess
3.5,0.06559051900286066,0.023692003948667325,0.972293052508206,0.8438162544169611,1.1258741258741258,YJL116C,non_ess,non_ess
0.2,0.12157744176542705,0.012534059945504087,0.3610435967302453,1.3871875000000002,0.4841772151898734,YJL181W,non_ess,non_ess
1.875,0.16387413158970168,0.014250814332247556,0.4340148998613216,0.9405940594059404,1.4657534246575343,YGL229C,non_ess,non_ess
0.3958333333333333,0.05823457294646505,0.0143646408839779,0.4379076055013518,0.7836879432624114,0.5580524344569289,YPL064C,non_ess,non_ess
2.0,0.054488489306633976,0.004705882352941176,0.11670588235294115,0.2753246753246753,1.9342105263157887,YOR234C,non_ess,non_ess
1.1666666666666663,0.029219452390682476,0.014613778705636744,0.5718790603968057,0.5785123966942148,1.0972972972972972,YHR126C,non_ess,non_ess
0.6666666666666666,0.0551695954229669,0.01627906976744186,0.5757317562149158,0.6767241379310345,0.9726027397260276,YDR313C,non_ess,non_ess
0.2,0.042092357989374746,0.004491017964071856,0.07396254003620666,0.106312292358804,5.567901234567901,YNR017W,ess,ess
1.0,0.059460563955864326,0.02600216684723727,0.4475209297744509,1.2160000000000002,1.0185185185185186,YDL119C,non_ess,non_ess
0.2,0.03044544340008173,0.002012072434607646,0.06869790169588963,0.1233766233766234,2.7,YDR201W,ess,ess
0.0,0.06722517368205967,0.010607521697203472,0.2644156500734943,0.4466019417475728,2.8000000000000003,YBL033C,non_ess,non_ess
1.0,0.06211687780956274,0.02182952182952183,0.4744710774122539,0.4815126050420168,1.7228260869565215,YMR180C,non_ess,non_ess
0.4,0.015324887617490809,0.09818181818181818,2.597454545454545,1.3105263157894729,1.1739130434782608,YDR250C,non_ess,non_ess
0.0,0.02778912954638333,0.010917030567685587,0.2792680390933666,0.5922619047619049,1.6768292682926829,YLL053C,non_ess,non_ess
0.1111111111111111,0.04188802615447487,0.003007518796992481,0.11324465008675536,0.18881118881118888,1.6859504132231404,YDR140W,non_ess,ess
0.75,0.10155292194523907,0.004542504866969501,0.11475383798550574,0.3981351981351983,1.5462555066079295,YHR137W,non_ess,non_ess
0.2,0.004086636697997548,0.0,0.0,0.0,1.2941176470588236,YDL232W,non_ess,non_ess
2.0,0.18492031058438907,0.019168173598553342,0.5502693239967681,1.249568717653824,0.6773255813953488,YIL017C,non_ess,non_ess
1.5416666666666667,0.07764609726195341,0.0,0.0,0.0,1.9193548387096773,YNR043W,ess,ess
0.5,0.058643236616264825,0.01756311745334797,0.7072081961214783,0.9703703703703704,0.7630522088353414,YOR238W,non_ess,non_ess
0.9166666666666666,0.11708214139762975,0.0,0.0,1.0592046534396868,1.0,YIL172C,non_ess,non_ess
1.0,0.07172047404985697,0.005439709882139618,0.1902009670595346,0.3784722222222222,1.3393393393393394,YER118C,non_ess,non_ess
0.6666666666666666,0.0551695954229669,0.0069767441860465115,0.26411162790697673,0.7859999999999999,1.69375,YDR337W,non_ess,non_ess
0.6666666666666666,0.05006129955046997,0.0025477707006369425,0.0680744250258856,0.2134646962233169,2.6810035842293907,YDL087C,ess,non_ess
1.1428571428571428,0.02370249284838578,0.07537688442211055,1.897940790911077,0.7508581235697941,2.233333333333334,YOR268C,non_ess,non_ess
0.0,0.12607274213322436,0.003682272488164124,0.06962083448143416,0.4104308390022676,0.8733333333333332,YOR181W,ess,ess
1.2000000000000002,0.04086636697997549,0.02615384615384616,0.9041758241758241,1.4706349206349203,0.7704081632653061,YGL037C,non_ess,non_ess
0.5,0.11115651818553332,0.013079667063020214,0.2468689256445492,0.7395209580838323,1.5308641975308643,YGL179C,non_ess,non_ess
0.3333333333333333,0.08329927802751669,0.004713275726630008,0.13652788688138254,0.5533333333333333,1.7815699658703072,YNL130C,non_ess,non_ess
0.6666666666666666,0.03821005312627708,0.02127659574468085,0.7074840053563458,0.9772727272727274,1.1466666666666667,YNL203C,non_ess,non_ess
1.0,0.03841438496117695,0.0032573289902280127,0.07684408144927071,0.4852216748768473,1.0,YKR035W-A,non_ess,non_ess
0.0,0.03248876174908051,0.005692599620493359,0.2846299810246679,0.3153061224489796,1.0270270270270272,YLR193C,non_ess,non_ess
0.0,0.13220269718022068,0.0020090406830738324,0.04836270991482396,0.19430051813471505,2.17687074829932,YLR002C,ess,ess
0.0,0.12443808745402535,0.002131060202450719,0.04544426904045279,0.17712177121771214,2.608414239482201,YKR008W,ess,ess
0.0,0.004290968532897425,0.0,0.0,0.0,1.0,YLR163W-A,non_ess,non_ess
0.0,0.052717613404168376,0.009708737864077669,0.4106063381571716,0.42105263157894735,1.3943661971830985,YPL094C,ess,non_ess
0.5,0.08111973845525132,0.014504431909750204,0.4949195180912325,1.6547842401500938,1.5108433734939757,YBR233W,non_ess,non_ess
1.5833333333333333,0.10911319983653454,0.010895883777239709,0.3557335805084745,1.4238281249999998,1.1821305841924399,YMR171C,non_ess,non_ess
0.3333333333333333,0.16244380874540254,0.0057494866529774116,0.14058516348930047,0.6718966312874942,1.3418124006359302,YLR176C,non_ess,non_ess
0.3333333333333333,0.04515733551287291,0.004207573632538568,0.060706905566113675,0.10650887573964496,3.8814814814814813,YBR070C,ess,ess
4.0,0.03248876174908051,0.007590132827324478,0.2029280634362321,3.5609756097560976,0.4801587301587302,YGL222C,non_ess,non_ess
0.0,0.06048222313036373,0.009594882729211088,0.18187116813362747,0.2992327365728901,1.2189054726368158,YML125C,ess,non_ess
0.5,0.1158561503882305,0.002284408909194746,0.04531245303435631,0.1432748538011696,3.3836734693877566,YKL012W,ess,ess
0.6666666666666666,0.09521863506334287,0.0027624309392265192,0.08382870597011445,0.2459312839059674,2.1215880893300247,YOR046C,ess,ess
0.9285714285714286,0.017572537801389457,0.0,0.0,0.7322396494060662,1.0,YFL065C,non_ess,non_ess
0.0,0.16612178177360035,0.008035355564483728,0.2006813171230726,1.2044817927170868,0.7678855325914149,YJL089W,non_ess,non_ess
0.8,0.3220269718022068,0.011511092507325241,0.25380403425610626,0.9179706021811286,1.3048433048433048,YNL242W,non_ess,non_ess
0.75,0.07437678790355537,0.010507880910683012,0.296861683695927,0.719633307868602,0.7870370370370371,YOL043C,non_ess,non_ess
0.0,0.10993052717613404,0.0006009615384615385,0.016584298853320596,0.045548654244306416,5.084690553745928,YER082C,ess,ess
0.875,0.11279117286473235,0.032825322391559206,0.8178327953195579,1.29015271195366,0.9675675675675676,YGR241C,non_ess,non_ess
0.5714285714285714,0.052717613404168376,0.006067961165048544,0.2182803564303764,0.401174168297456,3.6830985915492964,YLR271W,non_ess,non_ess
1.1666666666666667,0.07458111973845526,0.007860262008733625,0.18078602620087336,1.40625,0.6712871287128713,YHL048W,non_ess,non_ess
1.3333333333333333,0.08418471597874949,0.014774494556765163,0.5504479830440826,0.9387905604719764,0.8509615384615384,YDL066W,non_ess,non_ess
2.333333333333333,0.022476501838986515,0.005263157894736842,0.3738656987295826,1.3706896551724137,0.8210526315789474,YAL064W-B,non_ess,non_ess
0.14285714285714285,0.02656313853698406,0.01818181818181818,0.3930735930735931,0.4684303350970018,2.5798319327731094,YDL092W,ess,non_ess
0.875,0.0968532897425419,0.02853260869565217,0.5248392529087569,0.5821596244131455,1.2595419847328244,YDL048C,non_ess,non_ess
0.75,0.14241928892521455,0.009808500700607192,0.1926162094104746,0.6695652173913045,0.784366576819407,YNL101W,non_ess,non_ess
3.0,0.12096444626072746,0.018619934282584884,0.4256565762852921,0.6121198191986515,0.13362541073384446,YDR506C,non_ess,non_ess
3.0,0.3054760931753167,0.0474090407938258,1.0865691495297485,2.165498173200355,0.4913793103448276,YOR153W,non_ess,non_ess
0.5,0.1773600326930936,0.006028636021100226,0.3811437662228921,0.9466089466089466,1.4503171247357294,YDR206W,non_ess,non_ess
0.6666666666666666,0.09072333469554557,0.002170767004341534,0.05897110672798081,0.42471042471042464,1.2265135699373697,YPL139C,non_ess,non_ess
0.6666666666666666,0.05394360441356764,0.011876484560570073,0.3388015866515334,0.9688013136289,1.5423728813559323,YBR187W,non_ess,non_ess
0.0,0.049856967715570084,0.007672634271099744,0.26218487394957984,0.4171428571428572,0.9814126394052044,YPL163C,non_ess,non_ess
0.0,0.061912545974662864,0.0020855057351407717,0.03419104868224662,0.3415032679738562,2.027093596059113,YIR011C,ess,ess
0.0,0.05986922762566409,0.0,0.0,0.0,1.9516806722689084,YNL312W,ess,ess
0.0,0.3571720474049857,0.0017000377786173025,0.06522673683936271,0.2799188640973631,4.696141479099679,YKL014C,ess,ess
0.5,0.05598692276256642,0.002293577981651377,0.05855623034845156,0.43568075117370897,3.0182481751824817,YNL075W,ess,ess
3.0,0.105026563138537,0.013190954773869348,0.22373608373358506,0.3507031642390758,1.3232323232323229,YDL178W,non_ess,non_ess
1.0909090909090908,0.05537392725786678,0.015063731170336037,0.396375769590529,1.8099062918340028,0.9144981412639406,YGL057C,non_ess,non_ess
0.9,0.017981201471189208,0.044585987261146494,0.8414899621059421,0.9451476793248944,2.1594202898550723,YML058W,non_ess,non_ess
1.2083333333333333,0.11197384552513284,0.011216056670602123,0.3917020857929949,0.8829411764705881,0.8882833787465939,YNR072W,non_ess,non_ess
1.0,0.06845116469145894,0.0075829383886255935,0.2710060000466929,0.4785362420830401,1.330316742081448,YJR060W,non_ess,non_ess
0.0,0.10747854515733553,0.019656019656019656,0.5357274096277028,0.6032677000418936,1.4013605442176869,YGL045W,non_ess,non_ess
1.5,0.04658765835717205,0.008174386920980926,0.19808438609528525,0.6,0.6086956521739131,YPL078C,non_ess,non_ess
0.5128205128205129,0.2505108295872497,0.004828326180257511,0.3616378880127758,0.5994832041343671,1.371830985915493,YDR097C,non_ess,non_ess
0.0,0.08316305680425011,0.006294256490952006,0.13565531899902533,0.8507462686567164,0.7405764966740576,YML080W,non_ess,non_ess
1.0,0.0778504290968533,0.008382229673093045,0.25246609637898776,2.1456953642384105,0.5406976744186047,YHR201C,non_ess,non_ess
0.0,0.06211687780956274,0.0010395010395010396,0.026421747940735284,0.1759493670886076,1.6043737574552686,YBR265W,ess,ess
0.5714285714285714,0.063342868818962,0.04489795918367346,1.2295033620384568,0.9934971098265892,1.5915492957746482,YPR011C,non_ess,non_ess
0.3333333333333333,0.12321209644462608,0.011296395911780529,0.2572514838486155,0.7800847457627118,3.2844522968197882,YOR175C,non_ess,non_ess
0.0,0.2266040049039641,0.008883624518803672,0.3061795244205668,0.5328798185941044,0.5623100303951367,YDL231C,non_ess,non_ess
2.0,0.06354720065386188,0.00508646998982706,0.097760189110838,0.3625853914871256,1.5615141955835965,YMR060C,non_ess,non_ess
1.5,0.05169595422966899,0.10877626699629173,2.161285537700865,1.294328358208955,1.0625000000000002,YAL039C,non_ess,non_ess
1.0,0.10993052717613404,0.010817307692307692,0.3328897664835165,0.6771428571428572,0.8727735368956743,YDR479C,non_ess,non_ess
1.3333333333333333,0.07110747854515734,0.01736745886654479,0.40306977452772697,1.1176470588235292,1.4491017964071855,YPL081W,non_ess,non_ess
0.4,0.11238250919493258,0.00411764705882353,0.09811629995509656,0.3940839694656489,2.8978723404255318,YPR070W,non_ess,non_ess
0.0,0.11483449121373113,0.00576036866359447,0.14812111962303853,0.4758842443729904,3.0568181818181817,YEL013W,non_ess,ess
2.0,0.08111973845525132,0.015310233682514104,0.5425832348046119,1.0808614384396589,2.2429378531073447,YAL034C,non_ess,non_ess
0.5,0.044135676338373515,0.03008595988538682,0.5803520261972984,1.7742857142857142,0.7333333333333334,YBL038W,non_ess,non_ess
0.0,0.08990600735594606,0.007299270072992701,0.4041791899241448,0.6887883358471593,1.5719063545150505,YDR363W,non_ess,non_ess
1.3333333333333333,0.07642010625255416,0.008532423208191127,0.4165120937824604,0.7028985507246377,0.7660098522167488,YDL237W,non_ess,non_ess
0.0,0.14977523498161013,0.009782125389061804,0.2556505038653967,0.6386554621848739,2.6300366300366305,YOR034C,non_ess,non_ess
2.0,0.029219452390682476,0.0020876826722338203,0.043141037499009,0.10849909584086798,1.0,YDL172C,non_ess,non_ess
2.0,0.06048222313036373,0.009594882729211088,0.461828028001585,0.7632743362831859,0.4842615012106538,YCL049C,non_ess,non_ess
1.0,0.11606048222313035,0.02565564424173318,0.6588429105566015,0.9275898520084568,1.7016574585635358,YDR497C,non_ess,non_ess
1.0,0.01818553330608909,0.03785488958990536,0.9760455886842372,1.1922580645161291,0.5,YDR278C,non_ess,non_ess
1.3333333333333333,0.010216591744993873,0.045,1.3350955414012742,1.2693357597816195,1.7758620689655171,YDR119W-A,non_ess,non_ess
2.0,0.1013485901103392,0.010403120936280884,0.34754375357193146,1.8547770700636943,0.7395348837209302,YGR059W,non_ess,non_ess
2.666666666666667,0.02022885165508786,0.0345821325648415,0.7396310731379097,0.5572687224669604,0.953125,YHL045W,non_ess,non_ess
2.5,0.046996322026971814,0.01756756756756757,0.6426195426195427,1.8241758241758244,0.6746031746031746,YHR043C,non_ess,non_ess
2.0,0.0741724560686555,0.03950834064969271,0.8490368570082971,0.959457276691972,4.8059071729957825,YNL230C,non_ess,non_ess
1.6,0.008173273395995098,0.09411764705882353,2.2620275344180225,1.7021276595744683,2.5217391304347827,YPR074W-A,non_ess,non_ess
0.0,0.0380057212913772,0.01644736842105263,0.5134371896722939,1.5754716981132075,0.5231607629427794,YFR012W,non_ess,non_ess
0.5454545454545454,0.1411932979158153,0.012246820536975978,0.4234508295389125,0.7523148148148147,1.5564202334630348,YGL026C,non_ess,non_ess
1.0,0.06354720065386188,0.009155645981688708,0.14191251271617494,0.481640625,1.1278538812785388,YOR271C,non_ess,non_ess
1.4,0.09297098487944422,0.01060070671378092,0.6767130880620801,0.9395424836601312,0.4742589703588143,YDR316W,non_ess,non_ess
1.0,0.16857376379239886,0.0055445544554455425,0.12766394631094907,0.8825662482566248,0.8288461538461539,YDR505C,non_ess,non_ess
0.0,0.13506334286881894,0.006394490900147565,0.2147093285984508,0.7457091237579042,2.2247838616714697,YMR232W,non_ess,non_ess
0.5,0.203310175725378,0.004612850082372322,0.1401813448696505,1.0229007633587783,0.8058455114822548,YDR495C,non_ess,non_ess
0.0,0.288312219043727,0.0056035489143123965,0.13153593767280686,0.368421052631579,3.928971962616824,YCR081W,non_ess,ess
0.0,0.07846342460155292,0.0008319467554076539,0.017786575944853816,0.06490384615384615,1.5043859649122808,YGR005C,ess,ess
1.0,0.13465467919901922,0.013813517513566848,0.253389810248865,0.6696035242290748,1.046099290780142,YOR087W,non_ess,non_ess
6.0,0.06579485083776053,0.0344488188976378,0.5389180717220129,1.6000639386189257,0.9746031746031748,YDR077W,non_ess,non_ess
0.0,0.023498161013485903,0.002531645569620253,0.09651898734177217,0.3009868421052632,2.401408450704225,YDR224C,ess,ess
2.0,0.06211687780956274,0.0010395010395010396,0.02561002297844404,0.2578947368421053,1.2265758091993186,YNL215W,non_ess,non_ess
1.5,0.3105843890478137,0.017136659436008676,0.8434015360262648,1.56029106029106,0.8780487804878048,YPR184W,non_ess,non_ess
0.0,0.08479771148344913,0.0015444015444015446,0.03629533359263089,0.19656019656019647,1.6841085271317828,YDL005C,non_ess,ess
1.0,0.05387549380193435,0.013079667063020214,0.3108687206413864,1.3691654879773691,0.7676767676767677,YML026C,non_ess,non_ess
1.25,0.13342868818961995,0.0507715281234445,1.1469652387043117,0.7904089581304772,0.9383561643835616,YKL029C,non_ess,non_ess
0.0,0.041683694319574985,0.0030211480362537764,0.11075835936299863,0.1963276836158192,0.8746223564954683,YPR113W,ess,ess
0.6666666666666666,0.048630976706170816,0.020942408376963352,1.0034532694664142,0.7969052224371375,2.3267326732673266,YLR194C,non_ess,non_ess
1.1,0.18165100122599104,0.005888847994111153,0.18005692296130435,0.5645344866833599,2.2334217506631298,YBR289W,non_ess,non_ess
0.2857142857142857,0.06538618716796077,0.005940594059405941,0.2517376569871752,0.1894108873974646,1.8343949044585983,YLR007W,ess,non_ess
0.6,0.011646914589293013,0.03619909502262444,0.8222953517071165,1.4000000000000004,0.9325842696629212,YNR032C-A,non_ess,non_ess
0.16666666666666666,0.026358806702084188,0.029748283752860413,0.4775079353362368,0.7967741935483872,0.9921259842519684,YMR151W,non_ess,non_ess
0.0,0.05312627707396813,0.0,0.0,0.0,3.4156378600823047,YJL174W,ess,ess
0.75,0.10359624029423783,0.014003819223424571,0.3526479008381597,1.2408866995073893,1.7046783625730997,YBR250W,non_ess,non_ess
1.25,0.06395586432366163,0.0262891809908999,2.268733850129199,0.96,0.9276315789473684,YOR142W,non_ess,non_ess
1.0,0.06313853698406212,0.012282497441146366,0.4120044031594601,1.6289308176100628,0.8158995815899581,YKL163W,non_ess,non_ess
2.0,0.032897425418880265,0.020637898686679174,1.720263994783974,1.7943262411347516,0.3711340206185567,YJR025C,non_ess,non_ess
0.0,0.2108704536166735,0.003178639542275906,0.06592319332396157,0.28169014084507044,2.2684124386252047,YJR132W,non_ess,ess
1.0,0.12178177360032695,0.003264417845484222,0.08991342196148934,0.3065217391304348,1.8904761904761904,YPL194W,non_ess,non_ess
0.5,0.10952186350633428,0.004221954161640532,0.11991522584104007,0.5160256410256412,2.460084033613445,YHR078W,non_ess,non_ess
6.0,0.030854107069881488,0.12524850894632206,2.430690306112849,1.5489886806457596,1.5918367346938778,YKR040C,non_ess,non_ess
0.0,0.2470371883939518,0.0027196083763937995,0.10391094286449598,0.2503871966959215,3.2390438247011946,YFL008W,ess,ess
0.0,0.1510012259910094,0.0013233348037053375,0.04654520759219709,0.08633093525179858,5.491758241758242,YDL164C,ess,ess
1.5,0.28504290968532897,0.009917355371900829,0.2433387460313613,0.7038123167155425,0.6078799249530957,YIL013C,non_ess,non_ess
0.6428571428571429,0.04270535349407438,0.004431314623338257,0.3195211070512322,2.6011729323308264,0.5494830132939439,YFL061W,non_ess,non_ess
2.0,0.02554147936248468,0.014117647058823532,0.3550295857988166,1.5177514792899411,1.099526066350711,YKR033C,non_ess,non_ess
0.0,0.12525541479362487,0.002117522498676549,0.2859278173948245,0.19281045751633988,4.864306784660768,YML046W,ess,ess
1.0,0.14793624846751124,0.0153015301530153,0.5877036683260163,1.4475721323011963,0.8762886597938144,YBR172C,non_ess,non_ess
1.0,0.05026563138536985,0.012690355329949237,0.206146979980608,0.33473782771535576,1.5063291139240509,YMR084W,non_ess,non_ess
0.25,0.09971393543114017,0.023778071334214,0.878656350254765,1.4428571428571426,0.4009111617312073,YGL035C,non_ess,non_ess
1.2,0.15876583571720476,0.01385972280554389,0.34611230852306035,1.2403846153846154,0.5294117647058824,YOR178C,non_ess,non_ess
0.0,0.05905190028606457,0.0010905125408942203,0.02886426550548688,0.16643356643356644,1.6798245614035088,YBL072C,non_ess,ess
0.3125,0.1557008581937066,0.003852739726027397,0.13407534246575342,0.3904761904761905,2.052752293577982,YER171W,ess,ess
1.0,0.1438496117695137,0.005087881591119335,0.07825944638155552,0.4644444444444444,1.2918552036199096,YMR192W,non_ess,non_ess
1.6666666666666667,0.1810380057212914,0.02141802067946824,0.4025809050624413,1.1464801864801866,0.9546391752577321,YIL047C,non_ess,non_ess
0.5,0.07355946056395588,0.003539823008849557,0.19221505090159025,0.26423200859291085,0.8635394456289979,YNL331C,non_ess,non_ess
0.2769230769230769,0.017572537801389457,0.0,0.0,1.900952380952381,1.0,YLR465C,non_ess,non_ess
3.0,0.07580711074785453,0.02407566638005159,0.6987621473417803,0.8926480156148339,0.8560606060606062,YJL107C,non_ess,non_ess
0.0,0.25010216591744994,0.007522837184309511,0.17687334246242914,0.8045540796963947,1.9,YNL091W,non_ess,non_ess
1.5,0.20147118921127916,0.012632978723404254,0.2556674265450861,1.0706349206349208,0.5807453416149068,YFR040W,non_ess,non_ess
4.0,0.07335512872905599,0.0026619343389529732,0.2552935132863214,0.8842105263157894,0.9203444564047364,YOR390W,non_ess,non_ess
1.5,0.12607274213322436,0.01209889531825355,0.27466819083073685,0.6537047511312216,0.20147290899526565,YNL293W,non_ess,non_ess
3.0,0.048630976706170816,0.0274869109947644,1.3065871179836843,1.4651162790697676,1.1604278074866308,YIR035C,non_ess,non_ess
0.0,0.09542296689824276,0.014472777394900068,0.5281598897312199,1.0627272727272727,0.9367088607594936,YPL091W,non_ess,non_ess
1.0,0.0768287699223539,0.0,0.0,0.7623736208818668,1.0,YFL066C,non_ess,non_ess
0.0,0.1121781773600327,0.007071302298173247,0.14739245727754866,0.5357142857142858,1.4022140221402215,YDR117C,non_ess,non_ess
0.0,0.10339190845933798,0.006377551020408163,0.15340410357691464,0.2192982456140352,10.73972602739726,YCL043C,ess,ess
2.333333333333333,0.017776869636289334,0.03536977491961415,2.4646867779411528,0.7692629815745392,1.1551724137931036,YGR039W,non_ess,non_ess
1.0,0.11524315488353085,0.016073478760045924,0.6726190158331776,0.5959126145172657,1.4019933554817277,YNR059W,non_ess,non_ess
1.2222222222222219,0.039844707805476096,0.0015748031496062992,0.034226568453136916,0.16612903225806455,1.3066666666666666,YMR182C,non_ess,non_ess
0.75,0.03453208009807928,0.02692998204667864,0.7809694793536804,1.1771012006861066,0.6708074534161489,YPR067W,non_ess,non_ess
0.4,0.05619125459746629,0.011428571428571429,0.2700280112044818,0.9891067538126362,2.3257142857142856,YHR133C,non_ess,non_ess
1.2,0.06640784634246016,0.01951219512195122,0.7604181184668989,1.2952380952380949,1.906666666666667,YDR411C,non_ess,non_ess
0.8333333333333334,0.022680833673886392,0.020887728459530026,0.5361731872288811,0.5984251968503937,1.1777777777777778,YCR083W,non_ess,non_ess
2.5,0.09624029423784226,0.002734107997265892,0.08385246519728633,0.6334519572953736,0.7059447983014862,YOR009W,non_ess,non_ess
0.6666666666666667,0.12219043727012667,0.004880694143167028,0.0857426111713666,0.4315257352941177,1.7660167130919218,YGR138C,non_ess,non_ess
1.3571428571428572,0.3402125051082959,0.0011892963330029733,0.0360126450874932,0.9130434782608696,1.005335522265545,YER190W,non_ess,non_ess
0.0,0.12505108295872494,0.007423117709437964,0.2263099219620959,0.915032679738562,1.9358108108108107,YKL155C,non_ess,non_ess
1.6,0.03923171230077646,0.022364217252396158,0.55634819904591,0.6652397260273972,0.7486631016042781,YBL057C,non_ess,non_ess
0.5,0.03044544340008173,0.01609657947686117,0.7879778672032194,1.0989583333333337,0.7840531561461794,YGL259W,non_ess,non_ess
4.333333333333333,0.04086636697997549,0.013846153846153848,0.2415312724658519,0.4302659956865565,1.3225806451612905,YFR036W-A,non_ess,non_ess
1.0,0.1411932979158153,0.005652378709373528,0.16426682126163994,0.5101214574898787,1.6856060606060608,YJR134C,non_ess,non_ess
3.0,0.010420923579893748,0.014778325123152709,0.4178321955237356,0.6631832797427654,1.0,YGL041C,non_ess,non_ess
1.0,0.008581937065794852,0.011363636363636364,0.4740853658536586,1.6341463414634143,1.0,YDL159C-B,non_ess,non_ess
1.625,0.023293829178586026,0.012755102040816329,0.4852413068231585,1.0716725836468828,0.3877551020408163,YPR200C,non_ess,non_ess
2.0,0.1681651001225991,0.003969829297340214,0.1001806069096708,0.287664553876158,0.9422535211267606,YNL041C,non_ess,non_ess
0.0,0.09297098487944422,0.018374558303886925,0.5558767890923368,1.782106782106782,0.7102803738317757,YMR223W,non_ess,non_ess
1.0,0.027380465876583573,0.0,0.0,0.0,1.0,YBR266C,non_ess,non_ess
0.0,0.07192480588475685,0.009041591320072331,0.3589818248689736,1.3935969868173257,0.9893428063943162,YMR166C,non_ess,non_ess
0.75,0.0461789946873723,0.005494505494505495,0.18128155628155632,3.7567567567567575,0.6594516594516595,YOR305W,non_ess,non_ess
0.625,0.060890886800163475,0.00211864406779661,0.04808860024288505,0.4626168224299065,1.1302170283806343,YOR312C,non_ess,non_ess
0.0,0.011033919084593379,0.0,0.0,0.0,2.12,YOR210W,ess,non_ess
5.0,0.04563410979430595,0.006944444444444444,0.17846936442615455,1.0751028806584362,1.4415204678362574,YER131W,non_ess,non_ess
1.0,0.05782590927666531,0.013348164627363738,0.2976033977146325,1.105076741440378,0.8111587982832619,YNL156C,non_ess,non_ess
1.0,0.043931344503473635,0.005755395683453238,0.2013273102448274,0.5064599483204134,1.0,YDL010W,non_ess,non_ess
0.3333333333333333,0.14957090314671026,0.011130899376669634,0.33050208918419066,0.9565304487179486,0.779510022271715,YPR031W,non_ess,non_ess
1.0,0.11176951369023294,0.024246008279124785,0.7012793542153412,1.578047042052744,1.3703703703703705,YGL077C,non_ess,non_ess
0.0,0.06947282386595832,0.003738317757009346,0.07632679408380344,0.4124124124124125,0.9954198473282442,YMR079W,ess,ess
0.0,0.028606456885982838,0.01276595744680851,0.3110051357300073,2.327586206896552,1.1210762331838564,YPL200W,non_ess,non_ess
2.0,0.12443808745402535,0.009057005860415556,0.304082246264051,0.5297029702970296,1.728767123287671,YDR425W,non_ess,non_ess
0.4,0.039436044135676335,0.03656597774244833,0.9382543897824872,1.1035162668419325,0.8607594936708862,YIL113W,non_ess,non_ess
1.75,0.06763383735185942,0.015340364333652925,0.4383240407692166,1.3526346265199771,1.0633245382585752,YJL023C,non_ess,non_ess
0.3333333333333333,0.09726195341234163,0.012178619756427604,0.40564678345463184,0.8513513513513513,0.9814814814814816,YPR169W,ess,non_ess
1.75,0.046996322026971814,0.008108108108108109,0.2455071955071955,0.40259740259740256,1.9154929577464788,YOL032W,non_ess,non_ess
1.0,0.12321209644462608,0.023130715438407747,0.3188053663420993,0.9638520031778459,1.3557046979865772,YBR069C,non_ess,non_ess
2.5,0.046383326522272166,0.03556771545827633,1.3115362302232472,1.0663176265270506,0.7349397590361446,YHR049W,non_ess,non_ess
1.5,0.11967034463969488,0.023796347537354733,0.6948073648104928,0.901849888064098,0.7911646586345381,YBR186W,non_ess,non_ess
1.0,0.1385369840621169,0.014875239923224568,0.363891240392594,1.137117903930131,1.0929577464788731,YBR255W,non_ess,non_ess
0.7777777777777778,0.02165917449938701,0.04076086956521738,1.09059397466621,0.6603435934144594,2.0,YML089C,non_ess,non_ess
0.8823529411764706,0.02370249284838578,0.05276381909547738,1.0895142378559464,0.6799999999999999,1.132,YLR235C,non_ess,non_ess
0.0,0.01920719248058848,0.0,0.0,0.0,2.515151515151515,YIL142C-A,non_ess,non_ess
0.6666666666666666,0.0860237024928484,0.006854531607006854,0.21103648826421104,0.33542319749216304,2.4776119402985075,YHR174W,non_ess,non_ess
0.75,0.2257866775643645,0.00950965824665676,0.28777688878728996,0.8161943319838058,1.245014245014245,YJR039W,non_ess,non_ess
0.5,0.08091540662035146,0.006462035541195477,0.20337461856040207,0.6666666666666667,0.764857881136951,YOR051C,non_ess,non_ess
3.0,0.061912545974662864,0.0145985401459854,0.3532846715328467,0.8104065040650406,0.7070422535211268,YML025C,ess,non_ess
0.625,0.07846342460155292,0.018302828618968387,0.5713620156881388,0.6939428571428572,0.6506024096385543,YDR019C,non_ess,non_ess
2.5,0.034123416428279534,0.029038112522686024,0.559365746489636,0.9788573999100312,1.0,YKR045C,non_ess,non_ess
2.2,0.2374335921536576,0.015554298642533937,0.3813538848086587,0.7713942848571216,0.9691943127962084,YGL062W,non_ess,non_ess
3.0,0.08949734368614631,0.01906158357771261,0.4053616530774838,0.7514450867052024,1.5020576131687242,YNL239W,non_ess,non_ess
1.0,0.08459337964854925,0.01393188854489164,0.288989397582026,0.8100558659217877,2.3268482490272366,YPL168W,non_ess,non_ess
0.2222222222222222,0.20392317123007767,0.0042706964520367935,0.114303934451573,0.42018995098039214,1.0456942003514935,YDR028C,non_ess,non_ess
0.3333333333333333,0.14977523498161013,0.008892841262783458,0.241094807568796,0.6341328921974083,0.6718749999999999,YOR081C,non_ess,non_ess
1.0,0.07192480588475685,0.02622061482820976,0.6039245393675774,0.9231231231231232,1.0573248407643312,YNR032W,non_ess,non_ess
3.0,0.09174499387004496,0.008589835361488905,0.30286839145106864,0.4801587301587302,0.503209242618742,YPR178W,ess,non_ess
2.0,0.017572537801389457,0.01948051948051948,1.2145244461420932,0.4053308823529412,1.8194444444444444,YIL086C,non_ess,non_ess
0.5,0.02472415202288517,0.06295399515738499,1.4632219845318415,1.5922330097087378,0.2808716707021792,YKL031W,non_ess,non_ess
1.75,0.07355946056395588,0.016814159292035398,0.4719249272435707,1.020134228187919,0.7992957746478873,YNL134C,non_ess,non_ess
0.5384615384615384,0.13179403351042093,0.007556675062972292,0.1238087200394713,0.4553264604810997,2.4776119402985075,YOR275C,non_ess,non_ess
0.5,0.2020841847159788,0.008949287371561155,0.20857318731271104,0.7871720116618076,0.9168173598553344,YIL073C,non_ess,non_ess
0.75,0.022680833673886392,0.007832898172323759,0.2373422921725793,0.6797202797202797,0.8668407310704961,YMR172C-A,non_ess,non_ess
0.0,0.15181855333060892,0.016673979815708645,0.5081774302923929,0.7094155844155846,1.0206611570247934,YAL023C,non_ess,non_ess
0.625,0.0860237024928484,0.013709063214013708,0.2435374759195376,0.6250245917765098,1.2868852459016396,YGR254W,non_ess,non_ess
2.75,0.038618716796076834,0.029173419773095625,0.7778485968714147,1.0744382022471908,0.8403361344537815,YDR231C,non_ess,non_ess
1.6,0.10441356763383736,0.013897662665824385,0.6021042542531639,0.7530012771392082,1.3185840707964602,YKL074C,non_ess,non_ess
1.75,0.06007355946056396,0.02467811158798283,0.7422154802427111,1.4540229885057467,0.5020408163265306,YHR199C,non_ess,non_ess
1.6666666666666667,0.09930527176134042,0.004641909814323607,0.20666953425574114,0.5833333333333333,1.8264984227129333,YDR470C,non_ess,non_ess
0.5,0.13220269718022068,0.01607232546459066,0.3326117973357987,1.1278608483368937,7.93227091633466,YDR508C,non_ess,non_ess
0.8333333333333334,0.13526767470371884,0.004420432220039293,0.08690446954813359,0.22053571428571428,1.510392609699769,YJL101C,non_ess,non_ess
1.25,0.10032693093583983,0.013788575180564677,0.3342126158591519,0.9623803009575924,1.2552447552447552,YDR111C,non_ess,non_ess
1.0,0.031467102574581116,0.0078125,0.2334762168141593,0.3871681415929204,1.6870229007633588,YFR011C,non_ess,non_ess
2.607142857142857,0.0361667347772783,0.02065404475043029,0.6338148803745789,1.69478672985782,0.560117302052786,YCL026C-A,non_ess,non_ess
1.0,0.05557825909276666,0.030023094688221712,1.1521804102703437,0.8539215686274509,6.055944055944058,YPR093C,non_ess,non_ess
0.0,0.03248876174908051,0.015180265654648957,1.294539321104786,1.8730158730158728,0.9135135135135136,YDR163W,non_ess,non_ess
0.16666666666666669,0.06640784634246016,0.010731707317073172,0.3505382674516401,1.2538314176245209,1.0,YMR228W,non_ess,non_ess
0.875,0.12607274213322436,0.008942661756970016,0.22601512988151606,0.7003023431594861,1.3282674772036474,YBR021W,non_ess,non_ess
0.0,0.1275030649775235,0.009885535900104058,0.35343144541895843,0.4875661375661377,1.4043478260869564,YDL113C,non_ess,non_ess
1.0,0.07825909276665305,0.012510425354462052,0.31237988178554593,1.1130434782608696,2.456043956043956,YMR201C,non_ess,non_ess
1.0,0.034940743767879034,0.02486678507992895,0.5812762639171685,1.1294559099437151,0.9565217391304348,YDR401W,non_ess,non_ess
0.0,0.08111973845525132,0.0016116035455278,0.0587470664698236,0.2718978102189781,1.8373101952277653,YBR168W,non_ess,ess
0.3333333333333333,0.059460563955864326,0.05308775731310944,1.180558331317254,0.9884573894282634,1.6638655462184873,YOR222W,non_ess,non_ess
2.0,0.2458111973845525,0.006559169171904892,0.2479651128248393,0.9565217391304348,1.0681818181818183,YGL140C,non_ess,non_ess
1.6666666666666667,0.02778912954638333,0.013100436681222708,0.5716068086623296,0.2328931572629052,1.3214285714285714,YCL058C,non_ess,non_ess
1.0,0.005108295872496936,0.008,0.3998666666666667,1.1333333333333335,1.0,YCR038W-A,non_ess,non_ess
0.6666666666666666,0.0813240702901512,0.02491961414790997,0.6170394010654126,0.8416109109624293,1.8085106382978724,YMR253C,non_ess,non_ess
0.0,0.11544748671843072,0.0017191977077363895,0.043369863822999434,0.21649484536082475,1.871939736346516,YNL225C,non_ess,ess
0.6666666666666666,0.026767470371883945,0.03611738148984198,0.7906406480961601,1.04906937394247,0.4864864864864865,YKL066W,non_ess,non_ess
0.5,0.09889660809154067,0.0039946737683089215,0.32183859840422746,1.0039370078740155,0.6253443526170799,YDR036C,non_ess,non_ess
0.6,0.19779321618308132,0.005077860528097495,0.1641202846156794,1.2971698113207546,1.0408653846153846,YDL073W,non_ess,non_ess
1.0,0.023498161013485903,0.02531645569620253,0.7184247538677918,1.4197530864197532,1.0,YJL064W,non_ess,non_ess
0.25,0.16530445443400082,0.014129995962858298,0.3384626939940476,1.3319238900634252,0.6592674805771365,YLL032C,non_ess,non_ess
0.5,0.12382509194932573,0.008029978586723769,0.27901545683214424,0.9563318777292578,2.4165588615782663,YHR206W,non_ess,non_ess
1.0,0.158357172047405,0.00968421052631579,0.9739026812313804,0.8104883462819089,2.7569230769230764,YOR144C,non_ess,non_ess
1.0,0.1193297915815284,0.042175360710321866,0.9409609603137832,0.9514563106796118,2.252032520325203,YGL125W,non_ess,non_ess
0.7936507936507936,0.019411524315488357,0.12835820895522387,6.3874094872173774,2.2807637906647806,0.294478527607362,YBL109W,non_ess,non_ess
0.0,0.20249284838577847,0.007608336089976844,0.22462924805407536,0.9089156626506024,0.8221709006928406,YOR127W,non_ess,non_ess
0.7,0.06661217817736004,0.03793774319066148,0.5916755099634476,1.2160737812911724,0.7281105990783411,YJR142W,non_ess,non_ess
0.0,0.03575807110747855,0.005217391304347826,0.1825685618729097,0.2897435897435897,1.5482866043613708,YDL165W,ess,ess
1.0,0.046791990192071926,0.016282225237449117,0.4472111188529099,0.5733590733590733,1.1594827586206895,YOL028C,non_ess,non_ess
1.0,0.06661217817736004,0.029182879377431907,0.9829842534046692,1.060546875,1.3829787234042554,YNR071C,non_ess,non_ess
1.25,0.040049039640375976,0.02664576802507837,0.7274177288608399,0.7213076744725249,0.8990825688073394,YOL111C,non_ess,non_ess
3.333333333333333,0.07723743359215368,0.013513513513513514,0.3126499280345434,0.491579426490669,1.0275590551181102,YIL042C,non_ess,non_ess
0.0,0.0913363302002452,0.003594536304816678,0.13609557375228676,0.3744116388532306,3.1037234042553186,YKL143W,non_ess,ess
0.2,0.11074785451573356,0.00954653937947494,0.3406855674158777,0.6111983254840397,1.4083601286173633,YGL257C,non_ess,non_ess
1.4,0.19493257049448307,0.008241758241758242,0.4451312576312577,1.3066666666666666,1.7971014492753623,YIR023W,non_ess,non_ess
1.0,0.1338373518594197,0.01141439205955335,0.31733174659441943,0.5988740323715693,0.7048092868988391,YNL045W,non_ess,non_ess
3.0,0.014303228442991419,0.019230769230769232,0.5546853146853148,1.272727272727273,0.8286852589641435,YPR016W-A,non_ess,non_ess
0.75,0.08888434818144668,0.005166051660516605,0.16119311193111932,0.33854166666666674,1.0893939393939394,YML097C,non_ess,non_ess
1.875,0.014916223947691053,0.0037174721189591076,0.3077810537110627,0.3160919540229885,0.8111587982832619,YDR363W-A,non_ess,non_ess
0.2,0.052717613404168376,0.0024271844660194173,0.08339556883246202,0.5341880341880342,3.092,YDR429C,ess,ess
0.8,0.27073968124233755,0.005714285714285714,0.21681397738951694,0.7080475154759913,2.6610878661087867,YOL138C,non_ess,non_ess
1.5,0.05591881215093312,0.004592422502870264,0.13371116847952325,0.69364161849711,1.2566371681415929,YJL177W,non_ess,non_ess
2.25,0.007355946056395587,0.17721518987341772,2.7110815012214085,0.9783625730994152,7.1818181818181825,YML054C-A,non_ess,non_ess
1.5,0.0126685737637924,0.00847457627118644,0.2529953243717125,0.3994252873563218,2.1827956989247315,YLR395C,non_ess,non_ess
1.0,0.10993052717613404,0.007211538461538463,0.15005244755244754,0.7231168831168832,1.2435897435897436,YMR036C,non_ess,non_ess
0.0,0.02022885165508786,0.025936599423631124,1.4859258762817504,0.691860465116279,1.5125000000000002,YCL023C,non_ess,non_ess
0.0,0.19513690232938294,0.00686106346483705,0.3090043442714929,0.8051761322789359,2.8523908523908523,YDR166C,ess,non_ess
0.875,0.08071107478545159,0.010526315789473684,0.3689345314505776,1.0106707317073171,0.9065420560747663,YDR153C,non_ess,non_ess
1.0,0.0886800163465468,0.003698224852071005,0.08820496452159395,0.9336099585062242,0.6476014760147603,YJL049W,non_ess,non_ess
1.6666666666666667,0.03514507560277892,0.03003533568904593,0.7898821527019777,1.122835279903343,1.0106382978723405,YBR106W,non_ess,non_ess
0.3333333333333333,0.3310175725378014,0.008553971486761711,0.3199637528374171,0.9145374449339208,1.0975975975975978,YCL014W,non_ess,non_ess
0.6666666666666666,0.04147936248467512,0.004552352048558422,0.21737481031866465,2.8125,1.0,YJL038C,non_ess,non_ess
0.1111111111111111,0.1185124642419289,0.013966480446927372,0.4806316081074842,1.434127369956247,0.6323529411764705,YDR144C,non_ess,non_ess
0.75,0.20290151205557827,0.013535820402773192,0.3470723180198254,0.8443630443630442,2.364,YDR379W,non_ess,non_ess
0.0,0.07907642010625256,0.0008257638315441782,0.04887658338865412,0.08870214752567697,1.7770419426048565,YML048W,non_ess,ess
0.0,0.1675521046178995,0.0031872509960159364,0.3236912813860836,0.2599880739415624,1.7704918032786887,YDR207C,non_ess,ess
2.0,0.2255823457294647,0.006246281975014872,0.1717270498106528,0.5426499670402111,2.336734693877552,YOR304W,non_ess,non_ess
1.1833333333333331,0.06293420514916225,0.01026694045174538,0.3879631480438298,0.7160096540627512,2.3175675675675675,YLL062C,non_ess,non_ess
1.0,0.06885982836125869,0.02073515551366636,0.4264283470221265,0.7398809523809524,1.2349726775956282,YKL011C,non_ess,non_ess
0.0,0.1275030649775235,0.004162330905306972,0.09759236164618597,1.1959287531806622,0.9154411764705884,YKL048C,non_ess,non_ess
0.16666666666666666,0.038618716796076834,0.029173419773095625,1.1481361426256078,2.8380952380952382,0.6080402010050251,YIL089W,non_ess,non_ess
1.1,0.02615447486718431,0.06912442396313365,1.8469501259903296,1.0673234811165846,1.0,YDL086C-A,non_ess,non_ess
0.0,0.09440130772374336,0.04456824512534819,0.916317350425039,1.3828288596992195,0.4666666666666666,YOR003W,non_ess,non_ess
0.3333333333333333,0.12362076011442585,0.006970509383378016,0.2725033512064343,0.9160539215686276,1.7193973634651598,YDR292C,ess,non_ess
1.3333333333333333,0.05537392725786678,0.003476245654692932,0.07611874413728413,1.2857142857142858,0.8875878220140515,YDL083C,non_ess,non_ess
0.4,0.026767470371883945,0.004514672686230248,0.140009083575675,1.1076400615407709,1.0,YGR290W,non_ess,non_ess
0.8,0.18246832856559053,0.010626603151337486,0.3871699543992509,1.3593750000000002,0.3434125269978402,YGL036W,non_ess,non_ess
1.6,0.1546791990192072,0.01680310211115898,0.4530900078100855,0.8957597173144874,1.2722513089005236,YPL270W,non_ess,non_ess
0.0,0.01818553330608909,0.006309148264984227,0.2130023316417501,2.2173913043478257,1.0,YDR203W,non_ess,non_ess
0.2857142857142857,0.2523498161013486,0.005858854860186418,0.15769450256800455,0.4981684981684982,1.6397306397306397,YML081W,non_ess,non_ess
0.0,0.1855333060890887,0.010454217736121124,0.44228677316940507,0.3720394736842105,3.2460317460317465,YDL220C,ess,non_ess
1.8333333333333333,0.08316305680425011,0.06372934697088907,1.183111482201063,0.9456701599558744,0.7163120567375887,YHR033W,non_ess,non_ess
0.0,0.09562729873314264,0.0020632737276478678,0.07580867018680391,0.30414746543778803,3.2904290429042904,YOL144W,ess,ess
3.333333333333333,0.12791172864732325,0.016597510373443983,0.2916979775868265,0.5354330708661418,0.8271186440677966,YNR019W,non_ess,non_ess
0.4,0.1894156109521864,0.01059696220416814,0.2932636375125981,0.639908256880734,1.397626112759644,YMR124W,non_ess,non_ess
3.0,0.24969350224765025,0.003767491926803014,0.14709778918605615,0.811965811965812,1.4884696016771493,YNL273W,non_ess,non_ess
0.8,0.026767470371883945,0.0,0.0,0.0,1.276657060518732,YBR109C,ess,non_ess
1.6666666666666667,0.037188393951777685,0.018456375838926176,0.7876036320568496,1.4215686274509804,1.0,YJL217W,non_ess,non_ess
0.0,0.052717613404168376,0.0048543689320388345,0.6534560208665411,0.5047489823609226,1.514018691588785,YOR145C,ess,ess
1.0,0.09337964854924398,0.01055594651653765,0.7597153804050355,0.9126984126984126,0.4038709677419355,YLR034C,non_ess,non_ess
2.0,0.005516959542296689,0.0076335877862595426,0.1873242265970269,0.3508771929824561,2.1186440677966103,YEL017C-A,non_ess,non_ess
2.0,0.09031467102574582,0.005087209302325582,0.16319949127906974,0.875,1.4888123924268502,YDL233W,non_ess,non_ess
1.0,0.18144666939109114,0.009211495946941784,0.4823474241307698,0.7024793388429752,0.6642512077294686,YLR014C,non_ess,non_ess
0.75,0.0063342868818962,0.02797202797202797,0.7222570532915358,3.2137931034482765,0.5619834710743802,YMR247W-A,non_ess,non_ess
0.5,0.09624029423784226,0.010936431989063569,0.5819677398624767,0.9474969474969476,0.9501133786848072,YPL277C,non_ess,non_ess
2.5,0.1348590110339191,0.00935960591133005,0.3531062834461495,0.7258744728355246,1.2592592592592593,YPL089C,non_ess,non_ess
1.0,0.11708214139762975,0.01526286037309214,0.5023213018534333,0.8074468085106383,1.1152416356877324,YGR287C,non_ess,non_ess
0.16666666666666666,0.0480179812014712,0.007947019867549669,0.2646968925114621,0.9656804733727812,1.036036036036036,YLR126C,non_ess,non_ess
0.5,0.1103391908459338,0.011377245508982036,0.2686882049853781,0.9389534883720928,1.3868312757201648,YDR131C,non_ess,non_ess
1.0,0.05905190028606457,0.014176663031624863,0.2496459118918421,0.23643144004589786,1.691176470588235,YPR192W,non_ess,non_ess
0.0,0.05087862689006948,0.006273525721455458,0.25115735733137196,0.351213282247765,2.4111675126903562,YDL111C,ess,ess
0.0,0.10441356763383736,0.0006317119393556537,0.016434980786882727,0.16795580110497235,2.17966573816156,YER025W,ess,ess
1.0,0.020433183489987745,0.054285714285714284,1.2634095238095238,2.9766666666666666,0.6108108108108108,YMR304C-A,non_ess,non_ess
0.8333333333333334,0.17286473232529628,0.013523956723338485,0.2736193720960279,1.256965944272446,0.8771929824561403,YNL068C,non_ess,non_ess
1.625,0.05843890478136495,0.015418502202643172,0.30307321166352,0.7787114845938375,1.111888111888112,YOR228C,non_ess,non_ess
1.3333333333333337,0.07764609726195341,0.011764705882352941,0.2987905442550852,1.046728971962617,0.9244712990936554,YNL042W,non_ess,non_ess
1.2857142857142858,0.12566407846342462,0.020052770448548814,0.4339707134522596,1.3006157189424123,0.4771241830065359,YOR356W,non_ess,non_ess
0.6111111111111112,0.06048222313036373,0.015991471215351813,0.5530383795309168,1.75,1.2401574803149606,YBR176W,non_ess,non_ess
0.5,0.1520228851655088,0.011393514460999123,0.4115731273195486,1.0617283950617284,1.193916349809886,YGL021W,non_ess,non_ess
1.0,0.03964037597057622,0.012658227848101266,0.3268606269467824,0.3979057591623037,1.1881188118811885,YER079W,non_ess,non_ess
1.0,0.03759705762157745,0.0016611295681063125,0.04183794132552509,0.19703389830508475,1.243801652892562,YDR042C,non_ess,non_ess
1.0,0.08520637515324889,0.017678708685626442,0.5734756623633313,0.8292517006802724,0.14142966948501154,YGL134W,non_ess,non_ess
1.0,0.04290968532897426,0.013235294117647059,0.4646341463414634,0.6439024390243903,1.4477611940298507,YMR233W,non_ess,non_ess
1.0,0.0380057212913772,0.004934210526315789,0.11538319913589945,0.1431657501963865,2.185897435897436,YJR102C,non_ess,non_ess
2.0,0.018798528810788726,0.1411042944785276,5.6644676023195215,1.20986301369863,7.58139534883721,YOR343C,non_ess,non_ess
0.3333333333333333,0.020024519820187988,0.008720930232558141,0.23858815210559395,0.8462837837837838,1.1173708920187797,YNL135C,non_ess,non_ess
2.333333333333333,0.040049039640375976,0.047021943573667714,0.68329303982695,1.1944066809089144,0.6846846846846847,YNR014W,non_ess,non_ess
0.5,0.1258684102983245,0.0015806111696522653,0.0547945205479452,0.2958333333333333,1.25140562248996,YLL035W,ess,ess
0.5,0.06906416019615856,0.0009398496240601504,0.022353788663274952,0.09281437125748504,3.4346289752650185,YNL229C,non_ess,non_ess
0.3333333333333333,0.04045770331017573,0.021739130434782608,0.532608695652174,2.860215053763441,0.9647577092511012,YNL213C,non_ess,non_ess
0.7999999999999998,0.3132407029015121,0.0012906001290600134,0.15128078034546935,1.7391304347826089,0.98472789847279,YJL222W,non_ess,non_ess
0.0,0.003269309358398039,0.0,0.0,0.0,1.420289855072464,YBL071C-B,non_ess,non_ess
0.5,0.030854107069881488,0.0019880715705765406,0.08864760157006676,1.059246780881711,0.9463220675944334,YDL235C,ess,non_ess
0.5,0.08173273395995098,0.0064,0.1166485596707819,0.4162257495590829,0.9811827956989247,YMR067C,non_ess,non_ess
1.0625,0.021250510829587253,0.0,0.0,0.7441214768765492,1.0,YNR076W,non_ess,non_ess
2.0,0.06640784634246016,0.003902439024390244,0.12119174484052532,0.4659340659340659,0.826007326007326,YKL164C,non_ess,non_ess
1.0,0.09930527176134042,0.006631299734748011,0.1696031759973299,0.7836644591611478,0.9665012406947892,YEL070W,non_ess,non_ess
1.0,0.020841847159787496,0.06741573033707865,1.7386460202058351,1.184873949579832,0.20786516853932585,YGR050C,non_ess,non_ess
0.0,0.08398038414384963,0.004676539360872954,0.16610006467554436,0.29521276595744683,2.7752293577981653,YKL181W,non_ess,ess
2.0,0.07355946056395588,0.01327433628318584,0.3930828968755644,1.1873840445269015,0.6606606606606606,YGR168C,non_ess,non_ess
6.0,0.046996322026971814,0.04324324324324325,1.5944001555512348,0.9906256812731632,1.125,YNL024C,non_ess,non_ess
1.2857142857142858,0.04270535349407438,0.03840472673559823,0.7052504364173493,1.46524064171123,0.8833333333333333,YGR201C,non_ess,non_ess
0.0,0.0715161422149571,0.024545454545454544,0.6526040061633281,1.2550077041602463,0.6253521126760563,YNL173C,non_ess,non_ess
1.0,0.1908459337964855,0.01367461430575035,0.41602768194428796,0.8613138686131386,1.1623376623376624,YDR421W,non_ess,non_ess
2.5,0.0026563138536984067,0.0,0.0,0.8048910573730969,1.0,YBR131C-A,non_ess,non_ess
0.0,0.1926849203105844,0.003473428273706148,0.10794200323807028,0.4846756949394156,2.751322751322751,YMR205C,non_ess,ess
2.8,0.0570085819370658,0.021420518602029308,0.6075394588500563,1.30625,0.9503105590062112,YDR233C,non_ess,non_ess
0.0,0.09930527176134042,0.0,0.0,0.0,1.228013029315961,YLR033W,ess,ess
0.0,0.032080098079280764,0.024952015355086368,0.4488729305830577,1.1204925241864554,0.5092592592592593,YDL046W,non_ess,non_ess
0.0,0.019411524315488357,0.0029850746268656717,0.0714308890330954,0.21875000000000008,2.080745341614907,YML031C-A,non_ess,non_ess
1.3333333333333333,0.003882304863097671,0.0,0.0,0.0,1.244186046511628,YMR272W-B,non_ess,non_ess
1.5,0.06640784634246016,0.010731707317073172,0.2653440349099977,0.4436900958466454,1.93939393939394,YGR283C,non_ess,non_ess
0.6666666666666666,0.10012259910093993,0.020394736842105264,0.6008728244915077,0.9927980386147716,4.175824175824176,YDR030C,non_ess,non_ess
1.1666666666666663,0.0036779730281977937,0.0,0.0,0.0,1.0,YDL025W-A,non_ess,non_ess
0.6666666666666666,0.13240702901512055,0.014543630892678034,0.4922390628676152,0.861496913580247,1.1307420494699647,YML020W,non_ess,non_ess
0.0,0.08398038414384963,0.004676539360872954,0.20666020122208809,0.3709923664122137,1.5040650406504064,YMR113W,ess,ess
0.1,0.04903964037597058,0.007792207792207792,0.11824420121363352,0.5689332501559576,1.688976377952756,YHL033C,non_ess,non_ess
1.0,0.11074785451573356,0.016706443914081142,0.6870015716863612,0.9902439024390244,0.9657142857142856,YNL193W,non_ess,non_ess
3.0,0.11442582754393135,0.015028901734104047,0.5188549408202587,0.8475056689342404,0.7537993920972645,YER087W,non_ess,non_ess
1.25,0.07723743359215368,0.01773648648648649,0.4978687183277027,0.6562499999999999,1.036697247706422,YLR099C,non_ess,non_ess
0.5,0.02479226263451846,0.00966183574879227,0.2254640223747775,1.6973684210526314,0.6191950464396284,YBL059C-A,non_ess,non_ess
2.0,0.02472415202288517,0.0387409200968523,0.8775726392251817,0.5043103448275863,1.4927536231884058,YGR230W,non_ess,non_ess
1.4,0.14997956681651006,0.02309058614564832,0.4489210433845013,0.8215984046632918,1.3349514563106797,YKL187C,non_ess,non_ess
2.0,0.07172047404985697,0.004533091568449683,0.21660294059679136,0.4013377926421405,1.7610294117647058,YMR097C,non_ess,non_ess
1.0,0.03841438496117695,0.01465798045602606,0.4982866072941575,2.1589595375722537,0.5695364238410596,YNL190W,non_ess,non_ess
0.0,0.05803024111156519,0.004434589800443459,0.1793467305855236,0.8274044795783927,1.1503875968992248,YPR139C,non_ess,non_ess
0.0,0.11810380057212914,0.0005605381165919282,0.03609378046402808,0.15362318840579714,2.6989409984871413,YLR276C,ess,ess
0.0,0.01920719248058848,0.0,0.0,0.0,2.862068965517241,YDR045C,ess,ess
0.6666666666666666,0.15181855333060892,0.020623080298376482,0.5502103325257074,1.2771739130434785,0.3696275071633238,YOR267C,non_ess,non_ess
2.5,0.19145892930118516,0.011883956658511007,0.6427735057672143,1.5241379310344827,0.5087014725568942,YCR017C,non_ess,non_ess
5.0,0.015120555782590932,0.025735294117647058,0.9253008021390372,1.6545454545454543,0.6944444444444445,YOL159C-A,non_ess,non_ess
1.0,0.13731099305271766,0.002420135527589545,0.06382876525054869,0.27226463104325704,2.0905587668593446,YGR099W,ess,ess
0.75,0.2844299141806293,0.007335541883577852,1.1562647893989588,0.670995670995671,1.2179487179487178,YJR031C,non_ess,non_ess
0.5454545454545454,0.15263588067020842,0.00785683107813182,0.2578724200286837,0.6190476190476191,1.729483282674772,YNL311C,non_ess,non_ess
0.5,0.02308949734368615,0.04113110539845758,1.0985911447487469,1.1492418196328809,1.5365853658536583,YGL191W,non_ess,non_ess
0.0,0.2425418880261545,0.003877042370534478,0.10081314578511542,0.7279792746113989,1.4602960969044416,YPR010C,ess,ess
0.0,0.11074785451573356,0.00477326968973747,0.10706757486542516,0.5547445255474452,1.3957783641160948,YGL244W,non_ess,non_ess
2.0,0.10093992644053944,0.0097911227154047,0.1821916756258639,0.6512605042016806,1.6192170818505338,YFR039C,non_ess,non_ess
1.0,0.07805476093175318,0.01588628762541806,0.4355754240562832,1.2519154152620289,1.4520547945205478,YKL166C,non_ess,non_ess
0.8461538461538463,0.022067838169186758,0.0,0.0,4.1723333333333334,1.0,YLR154W-C,non_ess,non_ess
2.4,0.02145484266448713,0.03835616438356165,0.886027397260274,1.6592592592592597,0.4945652173913043,YPL013C,non_ess,non_ess
0.5454545454545454,0.004495300367797304,0.0,0.0,0.0,1.0,YKL156C-A,non_ess,non_ess
5.5,0.37842255823457294,0.011237959329290049,0.1460382478934031,0.7285859527238839,0.7838196286472148,YHL030W,non_ess,non_ess
1.3333333333333333,0.006538618716796079,0.0136986301369863,0.2789115646258503,0.3564625850340136,1.5531914893617018,YNL067W-A,non_ess,non_ess
0.3333333333333333,0.06048222313036373,0.008528784648187633,0.3948071577015465,1.1518987341772151,0.9522184300341298,YDL236W,non_ess,non_ess
1.0,0.11667347772783,0.012478729438457176,0.238578480650107,1.5470931708555469,0.7815249266862171,YNL094W,non_ess,non_ess
0.5714285714285714,0.03759705762157745,0.0049833887043189366,0.15422949143879375,0.4917582417582417,1.4805194805194803,YPL239W,non_ess,non_ess
0.30000000000000004,0.1945920174363166,0.0013759889920880633,0.03410532715738274,0.2024623803009576,1.871681415929204,YMR125W,non_ess,ess
1.2857142857142858,0.07519411524315489,0.04419410745233969,0.5526774460374979,0.7779767786561266,0.982608695652174,YNR015W,non_ess,non_ess
2.2777777777777777,0.07376379239885575,0.00617828773168579,0.20347160929685204,0.6825000000000001,1.1973094170403589,YIL110W,non_ess,non_ess
0.6666666666666667,0.16571311810380054,0.0,0.0,0.0,2.515704154002026,YJL087C,ess,ess
1.5,0.4274621986105435,0.0034777110338286435,0.1473034435912766,0.2932216298552932,1.0969581749049429,YCR093W,ess,non_ess
0.0,0.04822231303637107,0.0065963060686015824,0.20525802847702587,0.3603603603603604,1.202380952380952,YLR186W,ess,ess
1.1111111111111112,0.01736820596648958,0.08196721311475409,3.7616120218579234,1.5544871794871795,0.8383838383838383,YBL108W,non_ess,non_ess
1.6666666666666667,0.027176134041683696,0.0801781737193764,1.7522775116697684,1.2032876712328766,0.5792682926829268,YHL041W,non_ess,non_ess
1.0,0.06341097943059529,0.004077471967380225,0.1034390256988036,0.3914473684210527,1.612676056338028,YBR048W,non_ess,non_ess
2.0,0.0488353085410707,0.0,0.0,0.0,1.7754629629629632,YML063W,non_ess,non_ess
0.7380952380952381,0.07498978340825503,0.0008688097306689834,0.2616854908774978,0.15999999999999998,1.0814940577249574,YDL248W,non_ess,non_ess
0.0,0.011442582754393136,0.03669724770642202,0.5959451806546607,0.8239858906525572,1.6547619047619049,YNR001W-A,non_ess,non_ess
0.625,0.06559051900286066,0.018756169792694958,0.4411512130915979,1.9231707317073168,2.1645299145299144,YEL017W,non_ess,non_ess
1.4142857142857144,0.12709440130772376,0.017745302713987474,0.7494321240529929,0.8047004303210856,1.1,YNL020C,non_ess,non_ess
0.3333333333333333,0.07335512872905599,0.015084294587400175,0.6012767425810904,0.9278752436647176,0.6944444444444444,YDR142C,non_ess,non_ess
0.0,0.027584797711483453,0.013186813186813187,0.3972323972323973,0.4506172839506173,1.0535714285714286,YLR068W,non_ess,non_ess
1.1666666666666663,0.3214139762975071,0.0012581253931641856,0.06882459421176733,0.33990147783251234,3.183118741058656,YLR310C,ess,ess
0.25,0.3054760931753167,0.008820286659316428,0.3657317027941023,0.7073527456455257,1.0943075615972813,YPL058C,non_ess,non_ess
0.6,0.0913363302002452,0.012221423436376708,0.4636082824436527,1.010989010989011,1.3584905660377358,YDR148C,non_ess,non_ess
0.75,0.13710666121781775,0.004362578768783325,0.1120969934856886,0.7483370288248337,1.1473178542834268,YDL199C,non_ess,non_ess
0.75,0.09521863506334287,0.0013812154696132596,0.04981123388581952,0.05741935483870968,6.084269662921348,YGL097W,ess,ess
1.0,0.02165917449938701,0.05434782608695652,1.70636189258312,1.1689291101055803,0.7483870967741936,YFR056C,non_ess,non_ess
1.0,0.11544748671843072,0.0166189111747851,0.7123269810948893,0.8297080148931999,0.6647727272727273,YJL216C,non_ess,non_ess
0.0,0.1309767061708214,0.002534211860111505,0.12605660284812711,1.3575268817204298,0.7177508269018744,YPL023C,non_ess,non_ess
0.5,0.06763383735185942,0.015340364333652925,0.36136562591187626,0.7961352657004829,2.25414364640884,YNL141W,non_ess,non_ess
3.0,0.02840212505108296,0.010706638115631693,0.4216564887514209,0.6944444444444444,0.7562189054726369,YCR099C,non_ess,non_ess
1.625,0.041070698814875364,0.004594180704441043,0.09020786784826652,1.4508196721311477,0.5616666666666666,YPL220W,non_ess,non_ess
0.0,0.11687780956272988,0.0016987542468856172,0.08823068211516683,0.4326923076923077,2.3684210526315788,YPL007C,ess,ess
0.75,0.09031467102574582,0.0029069767441860465,0.06398300082634871,1.2115059221658204,1.0,YPR080W,non_ess,non_ess
2.5,0.17756436452799348,0.007903650733910425,0.2649909112020436,0.7767594108019641,1.244865718799368,YOR058C,non_ess,non_ess
0.7142857142857143,0.0670208418471598,0.01160541586073501,0.2441049268684937,0.5234633179114344,1.1702127659574468,YDL175C,non_ess,non_ess
2.0,0.0986922762566408,0.015343562374916613,0.4315647051085701,0.6073943661971831,1.5022222222222223,YDR348C,non_ess,non_ess
0.9,0.07192480588475685,0.009041591320072331,0.4714098646879093,1.0847701149425288,1.0699588477366255,YIR025W,non_ess,non_ess
1.0,0.02308949734368615,0.048843187660668384,1.4969877744853706,1.5747001090512542,1.0,YLR374C,non_ess,non_ess
3.0,0.13690232938291788,0.02475728155339806,0.5032911615272398,1.4093264248704662,0.5,YOL011W,non_ess,non_ess
0.0,0.05728102438359897,0.007856341189674524,0.1664258117060477,0.6210176991150443,1.4285714285714286,YLR329W,non_ess,non_ess
0.0,0.0995096035962403,0.01654533421575116,0.750909261287432,0.9080014749262536,2.2281553398058254,YNL283C,non_ess,non_ess
3.0,0.07458111973845526,0.029694323144104806,0.8382627168653369,1.3018018018018018,1.0844155844155845,YLL039C,non_ess,non_ess
0.0,0.042092357989374746,0.02245508982035928,1.2166006632154018,0.8117529880478088,0.2080838323353293,YGR038W,non_ess,non_ess
1.4666666666666666,0.020433183489987745,0.03142857142857143,0.931103368176539,1.1228545618789525,0.9767441860465116,YJL067W,non_ess,non_ess
0.0,0.04025337147527585,0.0015600624024961,0.06601240793817799,0.7499999999999999,1.142322097378277,YOL139C,ess,non_ess
0.0,0.07172047404985697,0.001813236627379873,0.036418038268279725,0.10405920610002244,4.24896265560166,YOL010W,ess,ess
1.25,0.11381283203923173,0.015107495642068562,0.4364720028074859,0.8415841584158417,1.2540983606557379,YNL270C,non_ess,non_ess
0.0,0.0986922762566408,0.0066711140760507,0.26391695182879715,0.2509992006394884,0.9914438502673796,YHR070W,ess,ess
1.6666666666666667,0.09705762157744176,0.014915254237288138,0.3737171244886032,0.9482758620689656,0.8181818181818181,YGL059W,non_ess,non_ess
6.0,0.1338373518594197,0.026302729528535983,1.0410589219903974,0.9467455621301776,1.7383720930232556,YOR138C,non_ess,non_ess
0.75,0.056599918267266035,0.0170261066969353,0.43324764639113306,1.0180995475113122,1.1710526315789471,YJL185C,non_ess,non_ess
0.6666666666666666,0.13179403351042093,0.0020151133501259445,0.07665491183879093,0.444,1.4119402985074625,YNL197C,non_ess,non_ess
1.098989898989899,0.029423784225582342,0.0,0.0,0.473404255319149,1.0,YNL339W-B,non_ess,non_ess
1.0,0.08827135267674703,0.010401188707280832,0.32932994540035343,1.0710059171597632,0.7692307692307693,YLR443W,non_ess,non_ess
2.0,0.061912545974662864,0.021897810218978103,0.8933085785498106,1.1097560975609757,0.9447852760736196,YOR342C,non_ess,non_ess
1.95,0.17225173682059666,0.0015509887553315238,0.03624470068106957,0.11853820598006645,1.5597402597402596,YOL130W,ess,ess
0.0,0.09480997139354312,0.004160887656033287,0.12366402871828346,0.15098039215686276,5.9375,YLR378C,ess,ess
1.3333333333333333,0.08071107478545159,0.021052631578947368,0.3842386715451731,1.029745989304813,0.7565543071161048,YHL003C,non_ess,non_ess
2.4285714285714284,0.061095218635063335,0.03801478352692714,0.4379869471684069,0.6814274550664235,1.2521008403361344,YHL026C,non_ess,non_ess
1.25,0.0778504290968533,0.01760268231349539,0.38255731724964576,2.1053203040173725,0.6917808219178082,YJL164C,non_ess,non_ess
3.5,0.1060482223130364,0.03484754200373367,1.1754193381484097,1.2584269662921348,0.7684729064039408,YFR006W,non_ess,non_ess
1.5,0.034940743767879034,0.0,0.0,0.770586821606797,1.0,YER112W,ess,non_ess
1.0153846153846156,0.009194932570494484,0.0,0.0,1.4679019607843138,1.0,YLR154W-A,non_ess,non_ess
1.0,0.051287290559869234,0.0012453300124533,0.033944310776336306,0.10150044130626654,1.4397759103641457,YEL019C,ess,non_ess
2.0,0.021046178994687373,0.04735376044568245,0.9724168697771588,0.967041015625,0.9486301369863012,YPR038W,non_ess,non_ess
1.75,0.09276665304454433,0.020538243626062325,0.5480392221905249,0.611241217798595,1.25,YPR196W,non_ess,non_ess
0.5714285714285714,0.04597466285247242,0.04551724137931035,1.1410989010989012,1.2994505494505495,0.9779661016949152,YBR090C,non_ess,non_ess
0.0,0.11095218635063343,0.0041691483025610475,0.1125376439698345,0.3943661971830987,2.6245487364620943,YMR307W,non_ess,ess
0.0,0.08888434818144668,0.008856088560885609,0.2939410157460353,0.4516978152145301,1.7673267326732671,YPL151C,ess,non_ess
1.3333333333333333,0.058983789674431276,0.03384279475982533,0.6534660737417038,0.8496998527579568,1.0517241379310347,YDL137W,non_ess,non_ess
3.0,0.2178177360032693,0.0024630541871921183,0.08930557762593358,0.2691640652098509,2.078846153846154,YLR071C,ess,ess
1.0,0.023293829178586026,0.010204081632653059,0.3229291716686675,4.0641711229946536,0.6007067137809187,YJL142C,non_ess,non_ess
1.3333333333333333,0.11708214139762975,0.009044657998869415,0.2785602652592976,0.9270234409553292,1.6020761245674742,YGR077C,non_ess,non_ess
2.0,0.2259910093992644,0.010985748218527316,0.23451637322985985,0.635496183206107,0.7982261640798226,YGR134W,non_ess,non_ess
1.0833333333333333,0.09440130772374336,0.007660167130919221,0.3082771911640863,0.7177002583979328,0.592079207920792,YLR238W,non_ess,non_ess
1.5454545454545454,0.0696771557008582,0.04380242311276794,0.7825436978146337,0.8710424710424709,1.0,YPL015C,non_ess,non_ess
0.4444444444444444,0.07907642010625256,0.006606110652353428,0.14618053719394872,0.7527093596059111,1.0307167235494878,YNL292W,non_ess,non_ess
0.5,0.3583980384143849,0.013365963855421686,0.4889194628983223,0.7841971112999151,1.6725146198830412,YFL033C,non_ess,non_ess
0.3333333333333333,0.09378831221904374,0.009810791871058164,0.1880976422307349,0.5412140575079872,0.6035805626598465,YMR153W,non_ess,non_ess
0.3333333333333333,0.07478545157335513,0.02874564459930314,0.5562830167472181,0.8959417273673257,1.0364963503649631,YAL060W,non_ess,non_ess
0.5,0.01920719248058848,0.009036144578313251,0.35450894487039064,0.5636363636363636,1.0,YLR365W,non_ess,non_ess
5.0,0.15181855333060892,0.013602457218078104,0.3111283349757947,0.7027407786885247,0.7114503816793893,YBL011W,non_ess,non_ess
1.75,0.06988148753575807,0.03438661710037175,0.8374238709167129,1.2452611218568663,1.0719424460431657,YJR147W,non_ess,non_ess
3.0,0.07029015120555783,0.06377079482439926,1.4713184667068981,1.24586852735953,0.8691588785046729,YMR318C,non_ess,non_ess
0.42346938775510207,0.38666394224220135,0.0,0.0,1.4183073229291718,1.0,YGR296W,non_ess,non_ess
1.8571428571428568,0.0190028606456886,0.0486322188449848,0.949359859998158,0.7557932263814617,1.364864864864865,YJR048W,non_ess,non_ess
0.0,0.15038823048630978,0.001328609388839681,0.06874259487191285,0.3262987012987013,2.7022587268993843,YLL008W,ess,ess
1.0,0.11708214139762975,0.01526286037309214,0.4894543360638182,0.9111801242236026,0.7781456953642385,YDR294C,non_ess,non_ess
0.3333333333333333,0.1040049039640376,0.007609384908053266,0.18932308180088767,0.3975,1.0283018867924527,YBL054W,non_ess,non_ess
1.0,0.016959542296689827,0.006688963210702341,0.3500557413600892,0.2678062678062678,1.3937007874015748,YLR012C,non_ess,non_ess
3.0,0.10931753167143443,0.01027190332326284,0.4557681548618105,0.6627680311890838,0.8834355828220859,YGR023W,non_ess,non_ess
0.4444444444444444,0.017163874131589704,0.1821192052980133,4.146388418296627,1.2257751937984491,1.1212121212121209,YBR032W,non_ess,non_ess
0.0,0.08377605230894974,0.0015625,0.05368878865979382,0.2385861561119293,1.3541666666666667,YLL006W,non_ess,ess
0.0,0.16673477727829994,0.009207365892714172,0.4120993764708737,0.562937062937063,1.3753581661891117,YFL024C,ess,non_ess
0.0,0.0298324478953821,0.0020491803278688526,0.06667717528373268,0.12051282051282053,1.3783783783783785,YBR077C,non_ess,ess
0.16666666666666666,0.04515733551287291,0.0,0.0,0.0,1.0469897209985315,YGR024C,ess,ess
0.5,0.07580711074785453,0.0060189165950128975,0.2287600560666203,0.4427880741337629,1.3119999999999998,YHR068W,ess,non_ess
2.0,0.00878626890069473,0.027932960893854747,0.9869646182495344,5.454545454545454,0.4413793103448277,YDL067C,non_ess,non_ess
1.0,0.021863506334286884,0.05121293800539083,1.2557322155859267,1.8246696035242287,0.5403225806451614,YPR077C,non_ess,non_ess
1.0,0.09154066203514508,0.036585365853658534,0.911951219512195,0.8266666666666665,0.8134715025906736,YER089C,non_ess,non_ess
1.5,0.053739272578667764,0.0059594755661501785,0.2379912485509494,0.4090563165905632,1.5767441860465117,YJL115W,non_ess,non_ess
0.0,0.2415202288516551,0.0063959955506117895,0.2962558973572169,0.5170723461798513,2.412987012987013,YLR189C,non_ess,non_ess
3.0,0.06845116469145894,0.006635071090047393,0.2255924170616113,0.7544444444444444,0.8604651162790699,YDR202C,non_ess,non_ess
0.5,0.11810380057212914,0.002802690582959641,0.1208515980584807,0.3010659752232785,3.2460000000000004,YNL039W,ess,ess
0.5,0.07110747854515734,0.009140767824497258,0.3847796207582167,1.015262110152621,0.567741935483871,YIR026C,non_ess,non_ess
2.0,0.020433183489987745,0.08285714285714285,1.184964749536178,0.9925133689839574,0.9962825278810408,YDR008C,non_ess,non_ess
0.0,0.17409072333469555,0.010744435917114352,0.3188434316600088,0.754766600920447,0.9493670886075948,YLL005C,non_ess,non_ess
1.7,0.011033919084593379,0.03773584905660377,0.6445981333512388,3.3594306049822067,0.5982142857142857,YML009C,non_ess,non_ess
0.0,0.11340416836943196,0.0,0.0,0.0,4.152542372881356,YOR128C,non_ess,ess
0.5,0.05537392725786678,0.01738122827346466,0.7931463431258946,0.8823529411764706,1.8636363636363635,YIL034C,non_ess,non_ess
2.0,0.10053126277073968,0.01441677588466579,0.5511185429565689,0.9693486590038316,0.7000000000000001,YLR121C,non_ess,non_ess
0.0,0.023293829178586026,0.0,0.0,0.0,1.0,YOR103C,ess,non_ess
0.21428571428571427,0.08561503882304862,0.0007651109410864575,0.022522953328232592,0.08522727272727272,2.55786350148368,YOR110W,ess,ess
0.6,0.19656722517368208,0.011239782016348772,0.2804131823733909,1.329647676161919,0.4478417266187051,YLR442C,non_ess,non_ess
1.0,0.11013485901103393,0.010197960407918415,0.2169899353462641,0.6236413043478262,1.102941176470588,YDR387C,non_ess,non_ess
1.5,0.13628933387821826,0.010726474890297415,0.4099301153908662,1.1964912280701754,2.0191693290734825,YKL017C,non_ess,non_ess
4.0,0.03330608908868002,0.025974025974025976,0.5195599507526113,1.1238532110091743,0.6956521739130435,YMR009W,non_ess,non_ess
0.6666666666666666,0.047609317531671434,0.017356475300400534,0.2758627665169721,1.2201178451178452,0.9171075837742504,YER039C,non_ess,non_ess
2.0,0.08990600735594606,0.00510948905109489,0.1434723309675953,0.7557093425605538,1.2301136363636365,YGR249W,non_ess,non_ess
0.625,0.10931753167143443,0.00785498489425982,0.18783955219000534,0.5909090909090909,1.9207920792079205,YKR017C,non_ess,non_ess
1.0,0.13342868818961995,0.0039820806371329035,0.12885082820737334,0.38109873223203994,1.4589707927677331,YMR032W,non_ess,non_ess
8.0,0.08520637515324889,0.009992313604919293,0.29376279266596994,0.8377395902181097,0.7755102040816327,YLR446W,non_ess,non_ess
0.0,0.06416019615856151,0.004032258064516129,0.08503969254032258,0.3732638888888888,2.3115384615384618,YDR267C,ess,ess
0.0,0.06313853698406212,0.017400204708290685,0.6118948583375073,2.152127659574468,0.6811594202898551,YHR143W,non_ess,non_ess
1.05,0.1240294237842256,0.007482629609834314,0.21355333095060874,1.2649191299498046,0.9538152610441768,YDL203C,non_ess,non_ess
1.0,0.10829587249693504,0.009146341463414634,0.2710488559993959,0.4020344980097302,2.1780821917808217,YFR051C,ess,non_ess
1.0,0.01818553330608909,0.012618296529968454,0.2897701667417756,0.5612244897959183,0.6256983240223464,YGR181W,non_ess,non_ess
0.0,0.10114425827543932,0.013680781758957657,0.3736268673480849,0.6923076923076924,0.2762214983713355,YER078C,non_ess,non_ess
0.0,0.10931753167143443,0.010876132930513595,0.3008719806417434,0.4855997083485235,1.0798319327731092,YOL019W,non_ess,non_ess
0.3333333333333333,0.07928075194115244,0.025535420098846788,0.523747765431666,0.7732942039618488,1.1687500000000002,YKR053C,non_ess,non_ess
0.6,0.12545974662852474,0.012156448202959831,0.2613991815338205,0.7173489278752437,1.0881542699724518,YHR035W,non_ess,non_ess
0.0,0.07703310175725378,0.0059271803556308214,0.15132454336518691,0.3809523809523809,2.0409556313993176,YBR267W,non_ess,ess
1.125,0.017572537801389457,0.01948051948051948,0.5578750108951451,0.9328859060402684,1.0,YJL022W,non_ess,non_ess
1.0,0.02697180220678382,0.04260089686098655,1.124790843986346,0.9250177683013504,1.2153846153846155,YCR049C,non_ess,non_ess
9.0,0.02165917449938701,0.051630434782608696,1.6192834138486314,0.742087542087542,1.2816901408450705,YOR364W,non_ess,non_ess
0.0,0.012464241928892523,0.0,0.0,0.0,2.377551020408163,YFL017W-A,ess,non_ess
0.8333333333333333,0.10114425827543932,0.013029315960912051,0.7612377850162866,0.6614583333333333,1.527777777777778,YDR371W,non_ess,non_ess
1.0,0.3193706579485084,0.01624815361890694,0.40076742817161065,1.144534412955465,0.6352201257861635,YBL017C,non_ess,non_ess
8.0,0.27891295463833266,0.010373944511459593,0.21029216331704528,0.8281972265023111,7.049319727891157,YBL047C,non_ess,non_ess
0.0,0.04086636697997549,0.02307692307692308,0.5581730769230769,2.520833333333333,0.5837563451776651,YBL059W,non_ess,non_ess
5.0,0.14058030241111566,0.0070955534531693485,0.14234955832172888,0.8595505617977528,0.9376947040498445,YBR131W,non_ess,non_ess
0.75,0.0986922762566408,0.0133422281521014,0.3425447473456881,0.6458211572180012,1.3491124260355027,YNL142W,non_ess,non_ess
0.375,0.06620351450756028,0.009784735812133072,0.5272721922222385,1.1560150375939848,0.6218097447795823,YNL332W,non_ess,non_ess
0.0,0.040049039640375976,0.006269592476489028,0.20474013138190605,0.8917197452229298,2.563218390804598,YKL144C,ess,ess
3.0,0.02063751532488762,0.036827195467422094,1.7950576198465305,1.1753640776699028,1.0588235294117647,YOL106W,non_ess,non_ess
0.0,0.18287699223539028,0.009140767824497258,0.5743897193246585,1.1974789915966386,1.8344988344988344,YLR309C,non_ess,non_ess
0.0,0.08765835717204741,0.0037397157816005983,0.0972033937920718,0.2105034722222222,1.0411622276029056,YBR279W,non_ess,ess
0.0,0.16775643645279936,0.0007958615200955034,0.0288278728390149,0.19012345679012346,2.4283727399165507,YLL034C,ess,ess
0.0,0.1863506334286882,0.01148600143575018,0.4189893567214957,0.7588932806324109,14.28717948717949,YKL171W,non_ess,non_ess
11.0,0.02370249284838578,0.032663316582914576,0.5688055662930035,1.0329670329670328,0.8247422680412372,YBL003C,non_ess,non_ess
0.625,0.06681651001225991,0.006789524733268671,0.23215931134820564,0.5395833333333334,2.6129032258064515,YMR101C,non_ess,non_ess
0.7777777777777778,0.10277891295463834,0.011545862732520848,0.3524374599101988,0.5878378378378377,1.6772486772486772,YDR463W,non_ess,non_ess
1.0555555555555556,0.16489579076420108,0.01254552812626467,0.3967319608760321,1.092764378478664,1.87948717948718,YIL140W,non_ess,non_ess
0.25,0.1520228851655088,0.0056967572304995615,0.20034740187744848,0.430722891566265,1.2807339449541284,YAL031C,non_ess,non_ess
1.25,0.0939926440539436,0.02237762237762237,0.4866603428117624,1.1058216231717808,1.2408163265306122,YOL125W,non_ess,non_ess
0.08333333333333333,0.019411524315488357,0.0,0.0,0.5406852508927107,1.0,YHR212C,non_ess,non_ess
0.0,0.13077237433592154,0.013705583756345178,0.3799255919538418,0.7998088867654085,0.7748344370860928,YKL079W,non_ess,non_ess
2.0,0.04577033101757255,0.00969529085872576,0.26642397244890315,1.0945945945945943,0.943661971830986,YNL129W,non_ess,non_ess
1.2857142857142858,0.019615856150388238,0.0650887573964497,3.0254437869822484,1.0111111111111113,0.6993464052287582,YNL017C,non_ess,non_ess
0.2,0.2748263179403351,0.0036719706242350062,0.1341332589802602,0.2523441809156095,2.4797843665768196,YML049C,ess,ess
0.16666666666666666,0.031671434409481,0.015533980582524271,0.33180037472321583,0.792982456140351,1.3521739130434782,YBR224W,non_ess,non_ess
1.0,0.013894564773191663,0.023622047244094488,0.6377952755905512,2.1580381471389645,0.7452229299363058,YPR012W,non_ess,non_ess
0.25,0.4395177768696363,0.008303859757035214,0.33015930709303004,0.8498789346246973,0.821875,YCR032W,non_ess,non_ess
2.2,0.04515733551287291,0.13744740532959324,4.315488403143124,1.45026686074721,9.381578947368421,YOL110W,non_ess,non_ess
0.25,0.19248058847568453,0.005563282336578581,0.09191565552411554,0.5693153423288354,0.29694019471488176,YBR073W,non_ess,non_ess
2.0,0.030854107069881488,0.013916500994035786,0.3680141373978352,0.7372685185185186,1.2523364485981308,YKL063C,non_ess,non_ess
1.5,0.05598692276256642,0.01146788990825688,0.5500176429075512,1.7673992673992671,0.7711864406779662,YCR016W,non_ess,non_ess
1.0,0.17143440948099714,0.011686793922867159,0.31368838926299,1.1904761904761905,0.9624060150375942,YJL165C,non_ess,non_ess
1.5,0.07192480588475685,0.011754068716094029,0.2984538400451601,0.6635543106131341,1.2256410256410255,YGR173W,non_ess,non_ess
0.0,0.02697180220678382,0.004484304932735426,0.1713576948764431,0.8014184397163121,2.068965517241379,YBR173C,non_ess,non_ess
0.75,0.3823729737093039,0.0,0.0,1.4975379387796242,1.0,YIL177C,non_ess,non_ess
0.0,0.07723743359215368,0.0016891891891891893,0.0921875,2.4,1.0838150289017343,YCR035C,ess,non_ess
1.5,0.07294646505925624,0.02051739518287244,0.9495362243772362,0.7236160892074871,1.202429149797571,YIR034C,non_ess,non_ess
1.0,0.0443400081732734,0.007132667617689016,0.20138868671577048,0.4719387755102041,1.5939086294416245,YJL148W,non_ess,non_ess
0.5,0.03187576624438088,0.003861003861003861,0.10719365982523878,0.07730263157894737,2.5283018867924527,YDR187C,ess,non_ess
0.0,0.17225173682059666,0.010081426909654904,0.2698720434276851,0.6354775828460039,1.4108910891089108,YBR294W,non_ess,non_ess
1.0,0.18410298324478955,0.007991282237559027,0.4144278968398111,0.9108771929824562,0.8284228769497402,YDR103W,non_ess,non_ess
0.25,0.06885982836125869,0.013195098963242223,0.33818934744372786,0.7519685039370079,1.6459854014598538,YKR011C,non_ess,non_ess
2.0,0.08581937065794852,0.008396946564885497,0.20119525914021694,0.22561919504643965,1.7336683417085428,YLL002W,non_ess,non_ess
1.1666666666666663,0.06640784634246016,0.04,0.8283817427385893,1.2574418185098326,0.9838709677419356,YPL004C,non_ess,non_ess
3.0,0.06395586432366163,0.022244691607684528,0.5422470707190864,1.6176470588235292,1.0987124463519309,YBR104W,non_ess,non_ess
0.0,0.054760931753167146,0.00585480093676815,0.2341089906489279,0.42007637752318616,2.4971428571428573,YOR174W,ess,ess
0.5,0.1557008581937066,0.004708904109589041,0.1488243401269629,0.14308943089430892,9.276190476190477,YLR304C,non_ess,non_ess
4.0,0.03044544340008173,0.0060362173038229355,0.15924732947038453,0.5354767700002675,0.7263581488933601,YPL187W,non_ess,non_ess
0.9166666666666669,0.08622803432774828,0.00303951367781155,0.09747089522280207,0.19035639412997904,1.7132352941176472,YNL280C,non_ess,non_ess
5.0,0.16346546791990196,0.015918367346938776,0.3438631552205945,0.8948010739565536,0.9933333333333334,YGR130C,non_ess,non_ess
1.5,0.045361667347772784,0.025139664804469275,0.7156903431763767,1.1314285714285712,1.125,YBR242W,non_ess,non_ess
2.0,0.022885165508786276,0.007772020725388602,0.2132933937823834,1.1906249999999998,1.0,YPR059C,non_ess,non_ess
0.0,0.020841847159787496,0.011235955056179777,0.34651029279094564,2.7153284671532854,0.7511961722488039,YER165C-A,non_ess,non_ess
1.2222222222222223,0.06824683285655905,0.03136882129277566,0.7945706510200536,1.3022760766333714,8.552845528455284,YKL150W,non_ess,non_ess
1.1428571428571428,0.10093992644053944,0.02154046997389034,0.8132119186296732,0.8511904761904763,1.974226804123712,YFL021W,non_ess,non_ess
1.3333333333333333,0.0815284021250511,0.01443464314354451,0.3932771986099973,0.926470588235294,0.40599455040871935,YPL048W,non_ess,non_ess
3.0,0.09480997139354312,0.009015256588072122,0.2768241417275548,0.5146391752577321,1.7988165680473371,YEL064C,non_ess,non_ess
0.5,0.22353902738046588,0.002400960384153661,0.05866876367271647,0.2160278745644599,3.471264367816092,YNL163C,ess,ess
2.25,0.052717613404168376,0.049757281553398064,1.1869599514563107,1.0442187500000002,1.2599999999999998,YJL191W,non_ess,non_ess
0.25,0.10032693093583983,0.009848982271831909,0.2420595642927843,0.4194544518785384,2.336405529953917,YGR093W,non_ess,non_ess
0.5,0.1338373518594197,0.009429280397022332,0.1988626964433416,0.4473684210526317,2.210648148148148,YLR330W,non_ess,non_ess
1.0,0.11646914589293013,0.025,1.0574468085106383,1.026950354609929,1.0,YNR055C,non_ess,non_ess
1.0,0.2278299959133633,0.006480117820324006,0.1704901794674626,0.6439754935330158,1.5064102564102564,YAL019W,non_ess,non_ess
0.0,0.08724969350224766,0.0067618332081142,0.20865085327895244,0.3694246929541047,1.7723880597014927,YMR208W,ess,ess
0.0,0.18144666939109114,0.002210759027266028,0.08323005292423126,0.3446969696969697,1.847708894878706,YNL313C,ess,ess
0.25,0.052717613404168376,0.015776699029126214,0.3856987736331121,0.7754385964912283,0.7303370786516855,YDR503C,non_ess,non_ess
1.0,0.04577033101757255,0.0013850415512465374,0.033797238816762894,0.14390896921017401,2.2909090909090906,YLR025W,non_ess,non_ess
0.0,0.2658357172047405,0.002276751834050089,0.06685093472462507,0.30665978316985026,2.8689547581903274,YGL092W,ess,ess
2.333333333333333,0.1058438904781365,0.018703241895261846,0.4232195892179099,1.0613065326633164,0.7027027027027027,YGR260W,non_ess,non_ess
0.6666666666666666,0.04944830404577034,0.010309278350515464,0.4462043111527648,0.6303030303030303,0.92226148409894,YPL127C,non_ess,non_ess
1.0,0.03555373927257867,0.038461538461538464,1.221916971916972,1.5714285714285714,0.57396449704142,YCR086W,non_ess,non_ess
0.75,0.05782590927666531,0.02224694104560623,0.3573797593656561,1.339449541284404,0.8561643835616438,YJL079C,non_ess,non_ess
0.0,0.115038823048631,0.008625646923519264,0.32956282696812017,0.5972022955523671,0.868995633187773,YHR194W,non_ess,non_ess
0.6349206349206349,0.13976297507151614,0.0,0.0,1.5205091937765205,1.0,YBL111C,non_ess,non_ess
2.5,0.023293829178586026,0.012755102040816329,0.3493519029233315,0.7207207207207207,0.8600000000000001,YGL080W,non_ess,non_ess
2.0,0.22905598692276255,0.008203926164664518,0.23686578010225226,0.7334206453149185,1.73968253968254,YOR188W,non_ess,non_ess
1.3333333333333333,0.12259910093992644,0.010810810810810813,0.4539283469516028,1.1744186046511629,0.8435251798561152,YKR058W,non_ess,non_ess
0.0,0.07212913771965672,0.007213706041478809,0.21020144460041087,0.4269254093389933,0.9018264840182648,YOR136W,non_ess,non_ess
1.0,0.16591744993870047,0.011263073209975863,0.7284534399833311,0.7194244604316548,1.4507462686567163,YFL004W,non_ess,non_ess
0.0,0.3022067838169187,0.0042344550924894135,0.16352891403791742,0.41446955430006266,2.274782608695652,YPL242C,ess,ess
6.0,0.09440130772374336,0.008356545961002786,0.17604600038667825,0.6498714652956298,0.2527855153203343,YJL123C,non_ess,non_ess
1.8,0.0606865549652636,0.02444208289054197,0.7994441265429576,1.012,1.2620689655172412,YMR206W,non_ess,non_ess
0.3333333333333333,0.0046996322026971816,0.04201680672268908,1.2227602905569008,0.738498789346247,1.0,YBR223W-A,non_ess,non_ess
1.5,0.0406620351450756,0.030911901081916538,0.7482040963129295,0.9748427672955974,0.3963963963963964,YIL010W,non_ess,non_ess
1.0,0.05537392725786678,0.013904982618771726,0.23367999468304906,0.7980049875311721,1.2279792746113989,YJL160C,non_ess,non_ess
0.2727272727272727,0.15263588067020842,0.004364906154517678,0.11114596973665067,0.34143518518518523,3.221453287197232,YOR361C,ess,ess
1.25,0.045361667347772784,0.015363128491620113,0.3347717614477391,0.7232084155161078,1.034246575342466,YDR383C,non_ess,non_ess
0.0,0.07948508377605233,0.0008216926869350862,0.02273710158716429,0.2072368421052632,1.4062893081761003,YGL048C,ess,ess
1.0,0.1836943195749898,0.01456133964324718,0.551250715065786,0.8688387635756056,0.641160949868074,YKR021W,non_ess,non_ess
2.0,0.01818553330608909,0.08832807570977919,3.10149316508938,1.551666666666667,0.9848484848484848,YBR209W,non_ess,non_ess
2.0,0.12423375561912547,0.006937033084311633,0.16558553450729274,0.9072916666666668,1.6499215070643642,YOR171C,non_ess,non_ess
0.8333333333333333,0.021250510829587253,0.0,0.0,1.2783712961096556,1.0,YIL176C,non_ess,non_ess
1.125,0.33612586841029835,0.012236710130391171,0.3950329248615411,1.2612240075614367,1.0381194409148666,YLL048C,non_ess,non_ess
0.0,0.1340416836943196,0.0044598612487611496,0.1000075408281984,0.4839816933638444,1.2832861189801699,YNL103W,ess,ess
0.0,0.06232120964446261,0.01243523316062176,0.4421822615056385,0.9960784313725488,0.7035830618892508,YHR195W,non_ess,non_ess
1.1666666666666667,0.05986922762566409,0.0193756727664155,0.7126415027383811,0.9890109890109888,0.9558823529411764,YOR292C,non_ess,non_ess
1.0,0.03330608908868002,0.029684601113172542,1.0199777830767531,0.7711598746081504,1.0802919708029195,YAR023C,non_ess,non_ess
1.6,0.02451982018798529,0.01951219512195122,0.793049577554599,0.5432098765432098,0.5290322580645161,YBR010W,non_ess,non_ess
0.5,0.08541070698814876,0.013803680981595092,0.33963628396143736,0.8255639097744362,0.9766666666666668,YMR034C,non_ess,non_ess
0.7615384615384616,0.010420923579893748,0.0,0.0,5.524549019607843,1.0,YLR154W-E,non_ess,non_ess
4.0,0.1211687780956273,0.008201202843083653,0.20299566417027987,0.6025369978858351,1.1302083333333337,YDL080C,non_ess,non_ess
1.3333333333333333,0.19023293829178586,0.00914526908195568,0.25742574257425743,0.7821782178217821,0.12275765036932818,YPL036W,non_ess,non_ess
0.0,0.19574989783408256,0.005129958960328317,0.0988905075772381,0.6185919343814081,0.7921348314606741,YNL236W,non_ess,non_ess
0.25,0.09705762157744176,0.004067796610169493,0.20088657105606256,1.061538461538461,0.7633333333333333,YDL146W,non_ess,non_ess
0.75,0.02227217000408664,0.005305039787798408,0.10946584356719018,1.7381489841986455,0.8041237113402062,YLR331C,non_ess,non_ess
0.0,0.4452390682468329,0.001669955973887961,0.07963359824319219,0.2638081395348837,5.157076205287714,YPL085W,ess,ess
1.4,0.09215365753984472,0.03136136849607983,0.780344639637751,1.0611047743197002,1.9719626168224305,YGR141W,non_ess,non_ess
1.0,0.0805067429505517,0.008116883116883116,0.20354437229437228,0.8966666666666667,0.9444444444444444,YGR142W,non_ess,non_ess
1.0,0.020433183489987745,0.011428571428571429,0.6139723502304147,0.524731182795699,1.1206030150753767,YLL065W,non_ess,non_ess
0.0,0.17838169186759298,0.002622705133008617,0.07233376677759902,0.2689075630252101,2.0042826552462523,YDR027C,non_ess,ess
0.3333333333333333,0.0588475684511647,0.0087527352297593,0.25263031683702525,0.4535768645357686,1.3431734317343171,YDR123C,non_ess,non_ess
0.25,0.11463015937883125,0.0005770340450086555,0.016250526348622136,0.07357357357357358,1.7473262032085564,YER165W,ess,ess
0.7142857142857143,0.023293829178586026,0.11989795918367345,2.701388097138296,1.1500558659217877,1.1666666666666663,YHL005C,non_ess,non_ess
1.0,0.05803024111156519,0.004434589800443459,0.1117358251504593,0.2005012531328321,2.4696969696969697,YDL198C,non_ess,non_ess
0.6666666666666666,0.11319983653453207,0.012850467289719626,0.3670348343245539,0.9407114624505928,1.0763052208835342,YHR094C,non_ess,non_ess
0.5,0.02370249284838578,0.02261306532663317,1.2164991624790622,0.5476190476190477,1.0340909090909092,YML034C-A,non_ess,non_ess
1.75,0.17286473232529628,0.03632148377125193,0.7973151518173206,0.8528225806451611,0.5314685314685315,YLR001C,non_ess,non_ess
0.375,0.29668982427462204,0.0018157058556513843,0.03542674207079205,0.2323991797676009,2.663354037267081,YNL102W,ess,ess
1.5,0.06293420514916225,0.012320328542094456,0.3551396717335281,0.935467217346412,6.366013071895425,YDR124W,non_ess,non_ess
2.375,0.2394769105026563,0.013740886146943354,0.4332212430705832,0.9292344545363808,0.7989556135770235,YEL025C,non_ess,non_ess
1.0,0.08173273395995098,0.0144,0.3026837438423645,0.4781843771991555,3.2211538461538467,YPL202C,non_ess,non_ess
0.0,0.12791172864732325,0.0,0.0,0.0,4.881012658227848,YDR311W,ess,ess
0.0,0.1275030649775235,0.004162330905306972,0.12550485899222208,0.461864406779661,1.459785522788204,YPL210C,ess,ess
1.0,0.0969214003541752,0.011541072640868977,0.34356189183073105,0.624,1.777777777777778,YFR024C-A,non_ess,non_ess
0.8,0.1501838986514099,0.0026607538802660754,0.11715993444519425,0.5362318840579711,1.0245587106676899,YKR029C,non_ess,non_ess
2.0,0.06048222313036373,0.04157782515991471,1.3620645430206646,1.4661654135338344,0.9791666666666666,YOR120W,non_ess,non_ess
0.0,0.09542296689824276,0.002756719503790489,0.07022943667908975,0.6019417475728156,1.23463687150838,YBR247C,ess,ess
0.75,0.06579485083776053,0.005905511811023622,0.18635789630069827,0.1556603773584906,3.041322314049587,YBL031W,non_ess,non_ess
0.0,0.23661626481405806,0.005959137343927355,0.1909632648849448,0.6907894736842105,1.3189655172413792,YJL092W,non_ess,non_ess
1.0,0.06838305407982563,0.003795066413662239,0.11717267552182165,0.496875,1.7405247813411078,YHR203C,non_ess,non_ess
0.3333333333333333,0.06395586432366163,0.016177957532861473,0.3345184122117486,0.8356374807987712,0.9659090909090908,YJL208C,non_ess,non_ess
0.5,0.1448712709440131,0.007349563619660083,0.2435002296738631,0.6333333333333333,1.3248638838475502,YGL114W,non_ess,non_ess
0.0,0.048630976706170816,0.010471204188481676,0.2232210477789852,0.4132973944294701,3.607843137254902,YOR004W,ess,ess
1.875,0.0615038823048631,0.013641133263378805,0.2906396556523974,0.5206632653061225,0.6666666666666667,YGR213C,non_ess,non_ess
1.8928571428571428,0.13894564773191664,0.011004784688995215,0.2394593039976992,0.7279143897996357,0.9763513513513514,YBL061C,non_ess,non_ess
0.0,0.015937883122190438,0.0035211267605633804,0.11364339885466647,0.8076923076923077,0.6795774647887324,YDR016C,ess,non_ess
0.0,0.03677973028197794,0.010169491525423728,0.465097300690521,0.35897435897435903,1.452173913043478,YJL218W,non_ess,non_ess
0.0,0.2026971802206784,0.00033046926635822867,0.010356223078150284,0.05882352941176471,6.100840336134454,YKL173W,ess,ess
1.0,0.049243972210870464,0.019404915912031046,0.4058919956473209,1.2996389891696751,0.5884353741496599,YBL043W,non_ess,non_ess
1.6666666666666663,0.3163056804250102,0.009586706433745209,0.2056526061638972,0.5909090909090909,0.9183976261127595,YOR328W,non_ess,non_ess
1.8333333333333333,0.10829587249693504,0.0201219512195122,0.35086491557223265,0.7346606334841628,0.773067331670823,YHL036W,non_ess,non_ess
0.0,0.043931344503473635,0.007194244604316547,0.3559334350701257,0.5325987144168962,1.60352422907489,YHR122W,ess,ess
0.2857142857142857,0.06368342187712846,0.006091370558375634,0.11785109983079525,0.4467592592592592,3.040609137055837,YBR119W,non_ess,non_ess
1.1666666666666667,0.1275030649775235,0.02133194588969823,0.3529387932652121,1.0136171337916446,0.63,YIL056W,non_ess,non_ess
0.5,0.0860237024928484,0.0,0.0,1.412103923525243,1.0,YPL281C,non_ess,non_ess
1.2727272727272727,0.049243972210870464,0.02457956015523933,0.3624691209456095,0.4994208322195493,1.2307692307692308,YIL064W,non_ess,non_ess
0.14285714285714285,0.04025337147527585,0.0015600624024961,0.047310127699225615,0.26357466063348417,2.3,YMR117C,ess,ess
0.0,0.16796076828769926,0.005961844197138315,0.1979488138657689,0.4616013071895426,2.847826086956522,YKR079C,ess,ess
1.4,0.007355946056395587,0.0,0.0,0.41946308724832215,1.0,YBR121C-A,non_ess,non_ess
0.6666666666666666,0.12954638332652227,0.028176229508196718,0.5199142476767254,0.9531921196859724,0.7004608294930875,YJR004C,non_ess,non_ess
1.1904761904761905,0.09031467102574582,0.0,0.0,0.7361316872427983,1.0,YCL069W,non_ess,non_ess
0.0,0.028606456885982838,0.02127659574468085,0.6610942249240122,0.7063492063492065,1.732558139534884,YGL199C,non_ess,non_ess
0.0,0.052717613404168376,0.015776699029126214,0.5675495989869144,1.935869565217392,0.7178423236514523,YKR060W,non_ess,non_ess
0.0,0.023906824683285657,0.00997506234413965,0.3510975647301499,0.8641975308641974,2.5481481481481483,YKR083C,ess,non_ess
1.3333333333333333,0.0551695954229669,0.009302325581395349,0.2712048274459285,0.8513119533527697,1.0152905198776758,YGR034W,non_ess,non_ess
2.5,0.017981201471189208,0.0031847133757961785,0.0877467712988704,0.26519337016574585,1.0,YIL014C-A,non_ess,non_ess
1.0,0.0968532897425419,0.001358695652173913,0.04354001976284585,0.3571428571428571,1.8811881188118809,YJL091C,ess,ess
0.5,0.02063751532488762,0.025495750708215296,0.7087390196871949,6.428571428571428,0.5614035087719299,YCR085W,non_ess,non_ess
2.0,0.22149570903146712,0.00514839491217444,0.2313688673531193,0.6233333333333333,1.8745098039215689,YKL205W,non_ess,non_ess
1.0,0.047609317531671434,0.00801068090787717,0.26790522957163226,0.7203389830508475,1.2190476190476192,YOL154W,non_ess,non_ess
0.5,0.0715161422149571,0.01090909090909091,0.17700787401574805,0.583727034120735,2.507462686567164,YGR257C,non_ess,non_ess
0.0,0.08847568451164692,0.0029651593773165306,0.07830504659258944,0.12565445026178013,1.0,YER043C,ess,ess
1.2,0.1076828769922354,0.010423053341508276,0.3522058621667871,0.6766169154228855,2.1464646464646457,YBR222C,non_ess,non_ess
0.6666666666666666,0.16346546791990196,0.006938775510204082,0.283718820861678,0.7323076923076923,1.0942528735632184,YMR160W,non_ess,non_ess
0.3333333333333333,0.09889660809154067,0.017310252996005325,0.5825122059476253,0.8282828282828283,1.1124620060790271,YGL202W,non_ess,non_ess
0.0,0.04454434000817328,0.0,0.0,0.0,3.666666666666667,YMR314W,ess,ess
0.0,0.14895790764201064,0.02011622708985248,8.336628726660019,0.9355509355509356,1.1578947368421049,YJR030C,non_ess,non_ess
2.5,0.08398038414384963,0.012470771628994544,0.3464677589361075,0.7046632124352331,1.3210227272727273,YBR287W,non_ess,non_ess
0.5,0.15181855333060892,0.0065818341377797285,0.13513252872621018,0.5384615384615385,2.8484848484848486,YER041W,non_ess,non_ess
1.0,0.015120555782590932,0.0036764705882352936,0.14353302796528447,0.9345238095238096,0.7757352941176471,YOR020W-A,non_ess,non_ess
0.0,0.08908868001634655,0.00662739322533137,0.14764090601249152,0.3744525547445256,2.0319767441860463,YPL049C,non_ess,ess
2.0,0.8328565590519004,0.007167291089754032,0.20509790604296144,0.6824858757062148,0.7061818181818181,YKR054C,non_ess,non_ess
2.5,0.1364936657131181,0.009250243427458615,0.3234782095541589,0.9848484848484848,0.9791666666666666,YBL024W,non_ess,non_ess
0.6,0.10809154066203516,0.017104459376908982,0.4410154597998214,0.8203124999999999,1.8109756097560967,YDL085W,non_ess,non_ess
1.6666666666666663,0.03964037597057622,0.006329113924050633,0.17222157705260713,0.7633027522935778,2.9944751381215466,YML095C,non_ess,non_ess
3.0,0.029628116060482226,0.024742268041237112,0.6579314931825739,1.2983870967741935,1.7549668874172184,YLR050C,non_ess,non_ess
1.0,0.1401716387413159,0.007115749525616699,0.16552779139927082,1.256384065372829,0.8571428571428571,YOR033C,non_ess,non_ess
0.0,0.057212913771965676,0.0022471910112359553,0.06308407593955832,0.22068965517241385,2.1755102040816325,YGL044C,ess,ess
0.375,0.016550878626890073,0.0,0.0,2.4786010558069385,1.0,YHR214C-D,non_ess,non_ess
0.0,0.16632611360850022,0.009229534510433388,0.3358073836276084,0.8586666666666667,4.934653465346536,YNL085W,non_ess,non_ess
0.5333333333333333,0.06722517368205967,0.008678881388621022,0.2550255915733254,1.1188811188811187,1.6697247706422018,YLR372W,non_ess,non_ess
1.0,0.04188802615447487,0.015037593984962403,0.3588328619714423,1.1365953109072373,0.8012048192771085,YDR399W,non_ess,non_ess
0.5,0.06293420514916225,0.01026694045174538,0.3358040767265989,0.5983231707317073,2.1772151898734178,YKL120W,non_ess,non_ess
0.0,0.037188393951777685,0.0,0.0,0.0,4.257142857142857,YKL141W,ess,ess
0.75,0.0923579893747446,0.008534850640113799,0.4046114658109763,0.5835095137420719,1.0069444444444444,YPL103C,non_ess,non_ess
1.8055555555555556,0.16407846342460156,0.013420089467263115,0.3379191248320802,0.7524016907903162,1.3655172413793104,YJL187C,non_ess,non_ess
2.0,0.09113199836534533,0.020893371757925067,0.4160064870667024,1.1153846153846152,1.1444444444444444,YGR004W,non_ess,non_ess
0.6666666666666666,0.04372701266857377,0.024566473988439308,0.8933422791081751,1.1991071428571431,1.4903846153846154,YLR168C,non_ess,non_ess
1.6666666666666667,0.06456885982836126,0.01903807615230461,0.556497610605827,0.8334392879847425,0.9944751381215472,YGR080W,non_ess,non_ess
0.0,0.03473641193297916,0.0071428571428571435,0.19698660714285715,1.3055555555555556,0.976510067114094,YLR031W,non_ess,non_ess
0.75,0.11463015937883125,0.010963646855164457,0.3053114609952463,1.1568027210884353,1.7684887459807073,YGL228W,non_ess,non_ess
1.0,0.11871679607682878,0.008365867261572783,0.4162290581699394,0.7104660045836516,0.8995929443690637,YBR015C,non_ess,non_ess
2.2,0.1979975480179812,0.011159959418329387,0.2514197754014437,1.0258620689655171,1.0169133192389006,YLR138W,non_ess,non_ess
0.875,0.24499387004495304,0.014258294488620784,0.4640236132840853,1.1122994652406422,1.1002132196162049,YEL031W,non_ess,non_ess
3.0,0.002860645688598284,0.16304347826086954,3.2147251845775227,0.8436139332365749,1.0,YEL008C-A,non_ess,non_ess
0.5,0.06416019615856151,0.014112903225806453,0.7054642266335815,1.5011655011655012,1.4926108374384237,YOR246C,non_ess,non_ess
1.0,0.10870453616673477,0.0042527339003645215,0.1480808063148509,0.6934144991698948,1.3368421052631578,YKL140W,non_ess,non_ess
2.75,0.0923579893747446,0.010668563300142249,0.2273057160275205,0.9242543171114598,1.002932551319648,YGR212W,non_ess,non_ess
1.0,0.039436044135676335,0.015898251192368842,0.3160379630967866,1.1255411255411256,0.7992700729927008,YJR133W,non_ess,non_ess
0.0,0.06845116469145894,0.006635071090047393,0.12628038526219232,0.26480938416422284,0.9510309278350516,YIL122W,non_ess,non_ess
0.7272727272727273,0.0868410298324479,0.013584905660377358,0.4519466175793833,1.2543554006968642,1.0413793103448274,YDR329C,non_ess,non_ess
1.5,0.0020433183489987745,0.0375,1.32002508361204,0.6269460850932225,0.475,YAR035C-A,non_ess,non_ess
0.1,0.16162648140580305,0.003714403631861329,0.3532783765965772,0.3981331168831169,2.302973977695168,YMR049C,ess,ess
3.0,0.09910093992644056,0.01727574750830565,0.3892081949058693,1.1859649122807017,1.7474048442906571,YOL119C,non_ess,non_ess
1.2,0.24765018389865145,0.004883342376559957,0.11425428766897072,0.5825098814229249,2.3117647058823527,YPL012W,ess,non_ess
0.0,0.017572537801389457,0.06818181818181818,1.5518181818181815,1.1266666666666665,1.6176470588235294,YML084W,non_ess,non_ess
0.0,0.10359624029423783,0.005092297899427115,0.12694184661084726,1.362051282051282,1.0106666666666668,YER021W,ess,non_ess
0.25,0.08479771148344913,0.004633204633204633,0.13264864864864864,0.327,2.9397590361445785,YHR169W,non_ess,non_ess
2.0,0.2642010625255415,0.00814456604734029,0.28721777360107725,0.5032478632478633,1.0797814207650274,YDR217C,non_ess,non_ess
0.0,0.11156518185533308,0.00533175355450237,0.2220018545229755,0.2934782608695652,2.5763546798029555,YJR064W,ess,ess
0.4,0.13506334286881894,0.015248401377274963,0.4939977966852716,0.8674144037780401,0.3546483030004919,YMR104C,non_ess,non_ess
0.6666666666666666,0.10972619534123418,0.009030704394942806,0.18248372591812165,0.7486979166666667,1.2554347826086956,YMR258C,non_ess,non_ess
0.6666666666666666,0.059937338237297376,0.005376344086021507,0.19321236559139784,1.3020833333333337,0.4779771615008157,YGL031C,non_ess,non_ess
1.0,0.03187576624438088,0.02509652509652509,0.703543927007614,0.6487895716945994,0.8976377952755905,YNL046W,non_ess,non_ess
1.0,0.2174090723334696,0.012338062924120914,0.4522120384242532,1.2165178571428572,0.9276595744680852,YHR119W,non_ess,non_ess
2.333333333333333,0.0960359624029424,0.009589041095890413,0.4180821917808219,1.295402298850575,0.9929577464788732,YGL104C,non_ess,non_ess
0.0,0.0741724560686555,0.01492537313432836,0.5490878938640132,0.6660818713450293,6.903030303030302,YAL032C,ess,non_ess
3.0,0.15713118103800575,0.010606703436571913,0.15761767262152396,1.2135922330097084,0.6737588652482269,YMR016C,non_ess,non_ess
0.6666666666666666,0.03003677973028198,0.010183299389002035,0.1952283968577248,0.5214285714285715,1.023728813559322,YPR188C,non_ess,non_ess
1.2999999999999998,0.26706170821413977,0.0110803324099723,0.32966204986149583,0.7773333333333333,1.1853035143769968,YDR216W,non_ess,non_ess
0.8333333333333334,0.14609726195341236,0.014123006833712985,0.2621867881548975,0.6176470588235294,1.2876712328767124,YJL082W,non_ess,non_ess
0.75,0.07437678790355537,0.017513134851138354,0.3540155116337253,0.6070732386521861,0.4185639229422067,YJL137C,non_ess,non_ess
0.0,0.022476501838986515,0.018421052631578942,0.3170430622009569,1.3299999999999998,1.0,YDL118W,non_ess,non_ess
0.3,0.2308949734368615,0.016569767441860464,0.8209891238973537,0.8140761708697891,1.3351800554016622,YLR410W,non_ess,non_ess
1.3333333333333333,0.22517368205966493,0.015792610250297975,0.2937134845017075,1.005019520356944,0.4597069597069597,YJR109C,non_ess,non_ess
1.4285714285714286,0.03044544340008173,0.02414486921529175,0.6001224739742804,0.7111111111111109,0.7160493827160493,YPL135W,non_ess,non_ess
0.75,0.010420923579893748,0.039408866995073885,1.2645406619998272,0.8771929824561403,1.1232876712328768,YBR201C-A,non_ess,non_ess
2.0,0.01409889660809154,0.01556420233463035,0.5250098686065527,0.5096618357487923,0.9508196721311476,YDL007C-A,non_ess,non_ess
0.3333333333333333,0.025745811197384557,0.002336448598130841,0.0624582777036048,0.3829365079365079,1.0,YNL113W,ess,non_ess
0.0,0.01838986514098897,0.021875,0.6196744372990354,0.6122186495176849,0.9347826086956522,YLR041W,non_ess,non_ess
0.0,0.17347772782999593,0.020023103581055062,0.8647816087169186,1.203378378378378,0.8757062146892656,YPL141C,non_ess,non_ess
0.5,0.06722517368205967,0.0038572806171648993,0.14568052755130864,0.18085618085618085,2.1231884057971016,YPR086W,ess,non_ess
0.0,0.07539844707805476,0.0,0.0,0.0,1.6939970717423134,YBR155W,ess,ess
0.5,0.1240294237842256,0.002672367717797969,0.07490192914696006,0.33018867924528306,3.0132013201320134,YPR048W,ess,ess
3.0,0.023498161013485903,0.07848101265822785,2.304699837072316,0.9737111642198704,9.186046511627907,YNL269W,non_ess,non_ess
0.3333333333333333,0.10053126277073968,0.011140235910878113,0.27943813508667065,0.6128097843579015,1.4806629834254146,YOR231W,non_ess,non_ess
0.0,0.12259910093992644,0.001081081081081081,0.028804258804258805,0.10064935064935064,2.1001251564455568,YLL004W,ess,ess
2.1333333333333333,0.11279117286473235,0.0029308323563892145,0.05570712991580518,0.20606060606060608,4.765395894428153,YKR002W,ess,ess
0.6,0.0022476501838986514,0.04819277108433735,1.0068917645892212,0.8559670781893005,1.25,YJL136W-A,non_ess,non_ess
0.125,0.11606048222313035,0.002280501710376283,0.05469545546009427,0.2021390374331551,2.191578947368421,YML013W,non_ess,ess
0.0,0.11728647323252965,0.0016930022573363429,0.0594107573752627,0.23275862068965514,1.984478935698448,YOR073W,non_ess,ess
1.0,0.029423784225582342,0.010373443983402493,0.24923209570512475,0.1688446144091305,0.4668049792531121,YDL004W,ess,non_ess
0.0,0.31834899877400896,0.001693480101608806,0.0433429042547096,0.17361585782638414,2.93569844789357,YOR326W,ess,ess
1.0,0.07396812423375562,0.04225352112676056,0.7095533728687916,0.7659574468085105,1.0225225225225227,YOL003C,non_ess,non_ess
1.5,0.06620351450756028,0.02054794520547945,0.9183929168058804,0.6231707317073171,2.0085470085470085,YHR156C,non_ess,non_ess
0.0,0.07192480588475685,0.0135623869801085,0.4265727610164652,0.9052631578947368,0.6983606557377049,YPR065W,non_ess,non_ess
1.0,0.03044544340008173,0.012072434607645876,0.3310316444119261,4.534090909090909,0.4748490945674044,YPL034W,non_ess,non_ess
0.8333333333333334,0.09889660809154067,0.018641810918774968,0.3833584849829856,1.234074074074074,0.7748344370860927,YDR516C,non_ess,non_ess
1.0,0.18328565590519005,0.006566946369937978,0.4271798613644655,0.6125,2.556910569105691,YDR213W,non_ess,non_ess
0.0,0.01982018798528811,0.0029325513196480947,0.08545212685551895,0.12960235640648016,2.629213483146067,YOR135C,non_ess,non_ess
1.0,0.051287290559869234,0.0049813200498132005,0.13026853524634732,0.5830985915492958,1.1563981042654028,YER180C,non_ess,non_ess
2.0,0.015733551287290558,0.0035587188612099642,0.08978679179920007,0.3628318584070797,1.75625,YPR052C,non_ess,non_ess
1.2,0.052717613404168376,0.03033980582524272,1.1223795683631193,0.8787449870252418,0.89937106918239,YBR213W,non_ess,non_ess
1.1111111111111112,0.10196158561503883,0.0058177117000646405,0.1993951426724536,0.7714285714285715,1.9030470914127424,YJL013C,non_ess,non_ess
0.4444444444444444,0.05455659991826727,0.010575793184488836,0.19712449021911932,0.2911764705882353,2.4637681159420293,YJR111C,non_ess,non_ess
0.0,0.047132543250238385,0.012129380053908356,0.22162023053271748,0.7620603015075376,1.6388888888888888,YGL183C,non_ess,non_ess
0.3333333333333333,0.03821005312627708,0.006546644844517185,0.11899751717380895,0.2925170068027211,2.2138728323699417,YKL214C,non_ess,non_ess
0.16666666666666666,0.24090723334695546,0.01115137998327293,0.2874089658743053,0.7101806239737274,2.349869451697128,YKR096W,non_ess,non_ess
0.5,0.03923171230077646,0.012779552715654952,0.36963334854708657,0.9227513227513228,0.3785942492012779,YMR132C,non_ess,non_ess
0.0,0.06865549652635881,0.006616257088846882,0.501109558642229,0.6695652173913043,1.4040066777963274,YML047C,non_ess,non_ess
2.0,0.08275439313445035,0.0,0.0,0.0,2.786343612334801,YJR136C,non_ess,ess
2.0,0.7617490805067431,0.0031155421043261525,0.08004546637268731,0.3859156394653352,1.0489021956087825,YHR099W,non_ess,non_ess
0.75,0.009603596240294238,0.010471204188481676,0.2913157295697701,0.4619565217391304,1.608695652173913,YLR402W,non_ess,non_ess
1.0,0.061708214139762976,0.011506276150627616,0.4405260011954573,0.5318681318681321,1.1314553990610328,YER099C,non_ess,non_ess
2.0,0.05741724560686556,0.0022396416573348264,0.0619671706798269,0.25699928212491024,2.107142857142857,YPL131W,ess,non_ess
0.0,0.04147936248467512,0.004552352048558422,0.1655128872545219,1.0018248175182485,1.7350746268656716,YKL142W,non_ess,non_ess
0.2857142857142857,0.02165917449938701,0.0,0.0,0.5759493670886076,1.0,YJL173C,ess,non_ess
1.75,0.2082141397629751,0.006758931445123914,0.1347771082225699,0.9779977997799781,1.113733905579399,YFR030W,non_ess,non_ess
0.0,0.03739272578667757,0.02337228714524207,0.6679553642034971,1.0202429149797572,1.1111111111111112,YNL208W,non_ess,non_ess
1.1666666666666667,0.09889660809154067,0.08322237017310254,1.687800619582054,0.8038929857657351,1.3448275862068968,YCL040W,non_ess,non_ess
1.7142857142857142,0.06272987331426237,0.035015447991761074,0.7756091708077951,1.2978817299205652,2.5390625,YGR007W,non_ess,non_ess
0.0,0.2082822503746084,0.0016087516087516086,0.038916128517898434,0.17256637168141592,3.36989247311828,YPL075W,ess,ess
0.0,0.11871679607682878,0.01728945900725042,0.4000478049557804,1.0974025974025974,0.5707070707070707,YKL032C,non_ess,non_ess
1.5,0.08009807928075195,0.01631321370309951,0.43950417356306776,1.1217825585862464,0.7773584905660377,YLR380W,non_ess,non_ess
0.0,0.09828361258684104,0.004018754186202277,0.32487090292331955,0.3354838709677419,2.1082802547770703,YCL017C,ess,ess
1.3333333333333333,0.0425010216591745,0.008902077151335312,0.2100960579866528,0.4915558749550844,1.2364532019704433,YDR067C,non_ess,non_ess
0.2,0.11258684102983246,0.005871990604815032,0.4101436149566567,1.3559322033898304,0.8017883755588674,YJL219W,non_ess,non_ess
2.0,0.09991826726604006,0.00922874093605801,0.4187870797626895,0.5238095238095238,2.2694300518134707,YLR015W,non_ess,non_ess
1.6,0.08255006129955048,0.009508716323296357,0.19122004207181392,1.2838874680306904,0.551660516605166,YER059W,non_ess,non_ess
0.0,0.22415202288516556,0.002095181083507932,0.09514128143567666,0.2487234042553191,2.8616187989556137,YIR033W,non_ess,ess
0.0,0.08663669799754803,0.0037821482602118,0.11963030295325393,0.5555555555555556,2.692307692307692,YHR111W,non_ess,ess
2.25,0.2308949734368615,0.012790697674418604,0.16216126681242962,0.8185017596782304,1.0365853658536586,YHL023C,non_ess,non_ess
1.125,0.1992235390273805,0.019495798319327733,0.5044435849653669,1.0774895397489541,1.3822525597269624,YOL084W,non_ess,non_ess
2.333333333333333,0.0670208418471598,0.02707930367504836,0.5851943027958502,0.8093841642228738,1.1518987341772151,YHR034C,non_ess,non_ess
1.0,0.2842255823457295,0.005209566658773385,0.1466999500092088,0.4388297872340425,1.5593869731800767,YCR042C,non_ess,non_ess
1.0,0.016142214957090315,0.006968641114982578,0.1265428857811083,0.3904109589041097,1.2132352941176472,YDL045W-A,non_ess,non_ess
0.5,0.08704536166734778,0.015060240963855422,0.7086274613873997,0.24760747379614154,3.2413793103448283,YFL001W,non_ess,non_ess
1.4,0.018798528810788726,0.015337423312883437,0.7334507308944936,0.73559670781893,0.6604938271604938,YLL014W,non_ess,non_ess
1.5,0.05782590927666531,0.030033370411568405,0.5873571645262412,1.0355113636363635,1.0,YER175C,non_ess,non_ess
7.0,0.05680425010216592,0.013574660633484163,0.3796129971122581,0.9230769230769232,1.5354838709677419,YJL145W,non_ess,non_ess
0.8060606060606061,0.07703310175725378,0.001693480101608806,0.05403552152433988,0.2304021813224267,3.149295774647888,YDR245W,non_ess,non_ess
0.5,0.008581937065794852,0.022727272727272728,1.1786905754795662,1.1467889908256879,1.0,YHR073W-A,non_ess,non_ess
1.1666666666666667,0.11442582754393135,0.017919075144508672,0.6123106753493818,1.1518987341772151,0.9120234604105568,YJL172W,non_ess,non_ess
0.0,0.08745402533714754,0.0074962518740629685,0.2333448660285242,0.7140039447731755,1.795774647887324,YDR055W,non_ess,non_ess
1.0,0.0596648957907642,0.014038876889848813,0.6129621394994282,2.4470588235294115,0.6482142857142856,YNR028W,non_ess,non_ess
0.75,0.019411524315488357,0.005970149253731343,0.10568937490764002,0.4257425742574257,1.0,YDR521W,non_ess,non_ess
1.8571428571428568,0.1021659174499387,0.045161290322580636,0.8153024193548386,0.8960336538461537,0.5482456140350878,YPR002W,non_ess,non_ess
4.0,0.13322435635472007,0.007477567298105683,0.16632624251140382,0.5973451327433629,4.477678571428571,YJL128C,non_ess,non_ess
1.25,0.10073559460563956,0.007194244604316547,0.2432720490274448,0.8436213991769548,1.5656565656565655,YEL052W,non_ess,non_ess
4.0,0.016142214957090315,0.14982578397212545,2.716936465331844,1.0210880737196528,1.205128205128205,YFR034W-A,non_ess,non_ess
4.0,0.3034327748263179,0.03485016648168701,0.6962044719493462,0.9991554818277784,0.9400749063670412,YDR011W,non_ess,non_ess
0.5,0.09297098487944422,0.004946996466431096,0.09715118484358468,0.25393993458221825,1.9435483870967745,YNR026C,ess,non_ess
1.0,0.09562729873314264,0.011004126547455296,0.2947533896639811,0.5870129870129871,0.4939939939939939,YKL211C,non_ess,non_ess
0.0,0.063342868818962,0.0061224489795918356,0.11313816261328813,0.4140575079872204,1.2598870056497176,YOR340C,ess,ess
0.0,0.07519411524315489,0.00606585788561525,0.25731544972747594,0.7383252818035426,0.8788870703764321,YHR129C,non_ess,non_ess
0.0,0.0715161422149571,0.01,0.25120000000000003,0.4000000000000001,2.15748031496063,YKL043W,non_ess,non_ess
0.0,0.33346955455659993,0.005458956732713303,0.10200161746866154,0.6958333333333333,1.2304015296367112,YJR140C,non_ess,non_ess
0.5,0.058643236616264825,0.013172338090010977,0.4332949586356456,1.095684803001876,4.1981566820276495,YBR231C,non_ess,non_ess
0.75,0.00939926440539436,0.010638297872340424,0.3016123670212766,0.49609375,1.2340425531914894,YPL271W,non_ess,non_ess
1.0,0.013894564773191663,0.05118110236220472,0.7786906719839318,1.7829944547134935,0.5283018867924528,YCL001W-B,non_ess,non_ess
0.5,0.06232120964446261,0.011398963730569948,0.4052964881980426,1.7984126984126982,0.4261363636363637,YLR242C,non_ess,non_ess
1.1666666666666667,0.003269309358398039,0.0,0.0,0.8303141960862421,1.0,YPL152W-A,non_ess,non_ess
0.0,0.048086091813104484,0.002645502645502645,0.09612596941364064,0.5753424657534247,1.0017985611510791,YGR118W,non_ess,non_ess
1.75,0.15140988966080918,0.03519577650681918,0.8095028596568412,0.8839427662957074,0.975609756097561,YLL001W,non_ess,non_ess
0.0,0.0778504290968533,0.02347024308466052,0.7757349973611499,0.628322440087146,1.8248175182481752,YLR019W,non_ess,non_ess
0.0,0.17225173682059666,0.007367196587824737,0.2197346460542509,1.2292960662525878,0.755072463768116,YML061C,non_ess,non_ess
0.0,0.025950143032284437,0.013921113689095129,0.4366523969804909,0.6244131455399062,2.673469387755102,YOR369C,non_ess,non_ess
1.3333333333333333,0.07519411524315489,0.015597920277296359,0.3613748255394856,0.9785082174462706,0.9435897435897436,YOL065C,non_ess,non_ess
0.0,0.09971393543114017,0.015191545574636724,0.4880284015852048,0.6063895781637717,0.8476190476190476,YHR159W,non_ess,non_ess
0.4166666666666666,0.3447078054760932,0.0017609078458227351,0.048609441820163794,0.43071428571428577,4.397196261682243,YOR290C,non_ess,ess
0.0,0.08888434818144668,0.002214022140221402,0.061877306273062725,0.1434659090909091,4.827586206896552,YMR220W,ess,ess
1.3333333333333333,0.08479771148344913,0.0030888030888030892,0.07269338303821063,0.3531870428422152,1.6043689320388348,YDL090C,non_ess,non_ess
1.5595238095238095,0.01736820596648958,0.08196721311475409,3.2157641993707564,0.9785353535353531,0.9827586206896552,YLR366W,non_ess,non_ess
0.5,0.06749761612859284,0.0,0.0,0.0,1.7321131447587357,YJR145C,non_ess,non_ess
2.0,0.11606048222313035,0.005701254275940707,0.15224460492419445,0.4828042328042329,1.429553264604811,YNL076W,non_ess,non_ess
2.2916666666666665,0.02308949734368615,0.010282776349614395,0.3144018652478029,0.3847780126849894,0.9921671018276764,YLR171W,non_ess,non_ess
0.5,0.07253780138945648,0.01973094170403588,0.3832799487508008,1.0084033613445378,1.12624584717608,YNL005C,non_ess,non_ess
0.5,0.025950143032284437,0.009280742459396751,0.20595133949513766,0.46448087431694,1.2331288343558282,YPR082C,ess,non_ess
0.3333333333333333,0.019411524315488357,0.05970149253731344,2.7307299120834188,2.5753424657534247,1.09,YHR087W,non_ess,non_ess
2.5,0.12832039231712306,0.007238883143743538,0.17397890166621216,0.7493472584856397,0.8549723756906077,YER049W,non_ess,non_ess
0.4,0.008377605230894975,0.023121387283237,0.4971509678481065,0.2552109811896289,2.297297297297297,YGL188C,non_ess,non_ess
0.0,0.017776869636289334,0.0,0.0,0.0,1.1107142857142858,YOL150C,non_ess,non_ess
0.0,0.06763383735185942,0.00862895493767977,0.2562623515369715,0.5372448979591837,1.1619433198380569,YBR159W,non_ess,non_ess
0.0,0.11442582754393135,0.004624277456647399,0.1209777340003629,0.2309417040358744,3.895161290322581,YLR196W,ess,ess
0.3333333333333333,0.1726604004903964,0.0019342359767891683,0.04009405132556283,0.1557492629150109,6.1440329218107,YOR217W,ess,ess
0.0,0.10890886800163466,0.021224984839296544,0.5400723276486858,0.9745934959349593,0.9629629629629628,YKR097W,non_ess,non_ess
0.0,0.06293420514916225,0.007186858316221766,0.2597330595482546,0.6253333333333333,0.29671457905544146,YBR211C,ess,non_ess
1.0,0.02697180220678382,0.017937219730941704,0.3416532701582198,0.5698113207547171,0.8260869565217391,YIR005W,non_ess,non_ess
1.5,0.03739272578667757,0.015025041736227047,0.3701695808804147,1.160526315789474,0.6263736263736264,YNL214W,non_ess,non_ess
2.0,0.01736820596648958,0.019672131147540985,0.510779610985188,1.2540192926045015,0.4888888888888889,YGL052W,non_ess,non_ess
0.25,0.05496526358806703,0.010501750291715286,0.14927866765673067,0.7676767676767676,1.004524886877828,YIL050W,non_ess,non_ess
1.5,0.07498978340825503,0.002606429192006951,0.07714027935574418,0.30769230769230765,2.4899598393574296,YJL108C,non_ess,non_ess
1.5,0.01736820596648958,0.032786885245901634,0.7162394710624038,0.8908839779005525,0.7304347826086958,YMR320W,non_ess,non_ess
1.3333333333333333,0.02063751532488762,0.09348441926345608,4.670758577274158,1.0985449735449735,2.1025641025641018,YLR255C,non_ess,non_ess
0.0,0.2370249284838578,0.0033994334277620396,0.15069050991501418,0.496875,1.8372827804107423,YLR272C,ess,ess
0.0,0.11728647323252965,0.011286681715575621,0.3345542825503641,0.8490566037735848,0.5242047026279392,YEL063C,non_ess,non_ess
1.0,0.01838986514098897,0.025,0.7037921348314607,1.5730337078651686,1.0,YNL043C,non_ess,non_ess
0.5,0.11238250919493258,0.001176470588235294,0.022779922779922777,0.13969813969813968,2.201219512195122,YNR023W,non_ess,non_ess
2.0,0.018798528810788726,0.018404907975460124,0.5940862918636227,1.516393442622951,0.7976190476190476,YNL184C,non_ess,non_ess
6.0,0.05394360441356764,0.01543942992874109,0.3752322153109605,0.5516027422642208,0.9095477386934672,YGL224C,non_ess,non_ess
1.0,0.03248876174908051,0.04174573055028463,0.7096774193548387,0.9369272237196766,0.4936708860759494,YBR116C,non_ess,non_ess
0.5,0.04120692003814195,0.004580152671755725,0.10495781438328647,0.4605263157894737,1.413978494623656,YDR500C,non_ess,non_ess
0.5714285714285714,0.17041275030649775,0.0066614420062695925,0.15430776929077075,0.4107981220657277,2.48641975308642,YMR302C,non_ess,non_ess
1.0,0.04454434000817328,0.024147727272727272,0.5610243821712267,1.1072006472491909,0.8388888888888889,YJL192C,non_ess,non_ess
1.0444444444444445,0.006129955046996323,0.0071428571428571435,0.13664059283655824,0.855907780979827,1.0,YLR347W-A,non_ess,non_ess
2.0,0.044135676338373515,0.014326647564469915,0.3578613668231421,0.7855973813420621,1.2393162393162394,YDR391C,non_ess,non_ess
1.1111111111111112,0.046791990192071926,0.0203527815468114,0.6374962153918611,0.8608815426997244,2.1185185185185187,YIL139C,non_ess,non_ess
0.6666666666666666,0.0670208418471598,0.008704061895551255,0.25900801326333245,0.6085714285714287,1.7386934673366834,YER016W,non_ess,non_ess
0.5,0.013077237433592155,0.016528925619834708,0.40812963471573743,0.2984894259818731,0.7096774193548387,YIR020W-A,non_ess,non_ess
0.0,0.220065386187168,0.004266991770801585,0.1591938642161386,0.4286865431103949,1.3251633986928104,YER111C,non_ess,non_ess
1.1111111111111112,0.12607274213322436,0.003682272488164124,0.11885122052223356,0.2177627337201805,2.6875,YDR477W,non_ess,non_ess
0.18181818181818185,0.02308949734368615,0.03598971722365039,0.6973130964538509,0.6693150684931507,2.2028985507246377,YNL153C,non_ess,non_ess
0.8333333333333333,0.023906824683285657,0.004987531172069825,0.12728509305249272,0.2293388429752066,1.3641975308641976,YML094C-A,non_ess,non_ess
0.6666666666666666,0.0960359624029424,0.015068493150684932,1.0878292939936776,1.4553846153846155,0.9105431309904152,YER141W,non_ess,non_ess
0.5,0.08949734368614631,0.006598240469208211,0.19384560513592766,0.7337837837837838,2.0,YPR125W,non_ess,non_ess
1.5,0.012872905598692277,0.008368200836820083,0.20623991038777054,0.35275590551181096,0.5750000000000001,YDR379C-A,non_ess,non_ess
1.2,0.03821005312627708,0.006546644844517185,0.2158647026732133,1.0333333333333332,0.8568181818181818,YDL072C,non_ess,non_ess
0.0,0.15161422149570905,0.005711775043936732,0.2386920728887245,0.7936842105263158,0.9594882729211086,YMR164C,non_ess,non_ess
0.16666666666666666,0.017776869636289334,0.0,0.0,0.0,1.0,YHR165W-A,non_ess,non_ess
3.0,0.013485901103391913,0.028225806451612906,0.6893394165274387,1.464143426294821,0.8085106382978724,YDL022C-A,non_ess,non_ess
0.25,0.17082141397629752,0.004691164972634871,0.14833259679776994,0.4262422360248447,2.6360759493670884,YKL121W,non_ess,non_ess
0.0,0.02063751532488762,0.025495750708215296,0.570922703358964,0.6170280612244898,2.5540540540540544,YGR182C,non_ess,non_ess
0.8333333333333334,0.0905190028606457,0.01015228426395939,0.33203941475067184,0.8894117647058823,1.6336088154269972,YBL089W,non_ess,non_ess
0.4,0.13731099305271766,0.00048402710551790896,0.012715522880092095,0.04670459933617828,3.0807174887892383,YHR020W,ess,ess
0.0,0.02370249284838578,0.002512562814070352,0.08563798011034192,0.2255244755244755,1.7375,YIL028W,non_ess,non_ess
0.5,0.10237024928483858,0.017385705086928525,0.37304968051909454,0.9038461538461541,1.4095744680851066,YDR518W,non_ess,non_ess
0.0,0.06129955046996322,0.0010526315789473684,0.04776942355889724,0.09426627793974733,1.0,YCL059C,ess,ess
0.0,0.17776869636289336,0.006390977443609023,0.1628309905197777,1.0037573805689748,1.7325581395348837,YLR451W,non_ess,non_ess
2.083333333333333,0.004495300367797304,0.0603448275862069,1.3307210031347962,2.02020202020202,1.1836734693877549,YJL127W-A,non_ess,non_ess
1.0,0.034940743767879034,0.0763765541740675,1.6989383732637042,1.525806451612903,0.6534653465346535,YDR512C,non_ess,non_ess
0.3809523809523809,0.05496526358806703,0.003500583430571762,0.10704415648222072,1.1644736842105263,1.0062893081761006,YPL237W,ess,non_ess
0.0,0.20392317123007767,0.02102496714848883,0.4943929168314559,0.7132503760426641,1.2977941176470589,YIL125W,non_ess,non_ess
1.6,0.05986922762566409,0.017222820236813777,0.4923094528822118,0.7884828349944629,0.8432203389830507,YGL043W,non_ess,non_ess
0.0,0.22415202288516556,0.005387608500448967,0.4696474182998735,0.6385702854094425,1.379622641509434,YMR047C,ess,non_ess
3.0,0.0406620351450756,0.015455950540958269,0.6911937881798778,2.574404761904762,0.8121827411167514,YGL101W,non_ess,non_ess
0.0,0.007560277891295466,0.006211180124223602,0.14781914709046115,0.2905027932960894,1.0,YEL032C-A,non_ess,non_ess
1.0,0.10441356763383736,0.01958307012002527,0.7189953865885641,0.7562121212121212,1.2337662337662336,YBR214W,non_ess,non_ess
0.0,0.027380465876583573,0.008849557522123894,0.2858079318256309,0.364021164021164,0.9593023255813954,YOR052C,non_ess,non_ess
2.0,0.09726195341234163,0.012855209742895805,0.3124020018471981,0.5724573780129336,1.2285714285714284,YOL112W,non_ess,non_ess
3.5,0.21843073150796896,0.008903899293828677,0.2211916035098493,0.7763157894736842,0.8521739130434783,YJR035W,non_ess,non_ess
1.8,0.0298324478953821,0.018442622950819672,0.5137442260664795,0.7645027624309392,0.6125654450261779,YER093C-A,non_ess,non_ess
0.5,0.06007355946056396,0.007510729613733906,0.21135565565920614,0.4377410468319559,4.804123711340207,YDR090C,non_ess,non_ess
0.6666666666666666,0.0723334695545566,0.009892086330935251,0.2629484647576057,0.44117647058823534,1.86,YDR191W,non_ess,non_ess
0.0,0.022067838169186758,0.03475935828877005,0.8636363636363636,0.6578947368421053,1.0485436893203883,YBR178W,non_ess,non_ess
0.6666666666666666,0.09787494891704128,0.010087424344317421,0.1958147078602793,0.3151260504201681,3.679012345679012,YBR126C,non_ess,non_ess
6.428571428571429,0.07069881487535759,0.0,0.0,24.455568627450987,1.0,YLR160C,non_ess,non_ess
0.0,0.01409889660809154,0.003891050583657589,0.16177337578115789,0.98989898989899,1.1843317972350231,YLR363W-A,non_ess,non_ess
0.8,0.0696771557008582,0.0009319664492078283,0.024717081613633337,0.07857142857142857,1.898238747553816,YCR044C,non_ess,non_ess
0.5,0.10829587249693504,0.014024390243902441,0.2691604127579737,1.1389423076923078,0.8698412698412699,YMR199W,non_ess,non_ess
0.0,0.024928483857785046,0.002403846153846154,0.056411136939983085,0.15384615384615385,1.6186770428015564,YIL040W,non_ess,non_ess
0.0,0.11626481405803026,0.009675583380762664,0.2649250481551172,0.36635033610122575,2.060913705583756,YMR250W,non_ess,non_ess
1.0,0.23477727829995915,0.0037174721189591076,0.1835011488670117,0.7011725293132327,1.7046490428441203,YNL054W,non_ess,non_ess
1.0625,0.02840212505108296,0.044967880085653104,1.3883832976445396,1.893181818181818,1.0669745958429562,YLR281C,non_ess,non_ess
1.1666666666666667,0.03378286337011307,0.020146520146520148,0.4681848549773079,0.7437106918238995,0.8026315789473684,YIL009C-A,non_ess,non_ess
0.5,0.009194932570494484,0.04324324324324325,1.4673385249656437,0.8587570621468926,1.0921052631578947,YOL097W-A,non_ess,non_ess
0.25,0.06742950551695955,0.013461538461538462,0.32221601073345263,1.3204134366925064,0.5317460317460317,YCL032W,non_ess,non_ess
1.0,0.08275439313445035,0.010276679841897231,0.24084321475625825,1.125,0.8085106382978724,YGL090W,non_ess,non_ess
1.0909090909090908,0.0570085819370658,0.021420518602029308,0.6222096956031566,1.65,0.8736263736263736,YBR037C,non_ess,non_ess
1.0,0.002860645688598284,0.06521739130434782,2.283295194508009,0.7172932330827068,3.0476190476190483,YNR075C-A,non_ess,non_ess
0.0,0.05557825909276666,0.003464203233256351,0.08831986143187068,0.945,0.7427325581395348,YOR036W,non_ess,non_ess
1.0,0.07335512872905599,0.009760425909494231,0.2535758651286601,0.924,1.2746781115879826,YNL307C,non_ess,non_ess
0.0,0.029423784225582342,0.03112033195020747,1.0617398769494921,1.5775862068965516,0.9117647058823528,YMR040W,non_ess,non_ess
1.0,0.06742950551695955,0.025961538461538463,0.8892197802197802,1.5717857142857141,0.9396984924623116,YIL023C,non_ess,non_ess
1.6,0.25091949325704943,0.007498660953401178,0.5949695130198612,0.4808080808080809,1.023076923076923,YBL007C,non_ess,non_ess
0.0,0.05087862689006948,0.002509410288582183,0.12547051442910914,1.0510204081632653,1.168905950095969,YLR192C,non_ess,non_ess
0.0,0.0253371475275848,0.0023696682464454982,0.2105055292259084,0.35416666666666674,1.3945578231292517,YLR275W,ess,ess
0.0,0.1636697997548018,0.003668976763147167,0.18086696562032886,0.4088888888888889,1.8595988538681951,YLR222C,ess,ess
3.0,0.12157744176542705,0.005449591280653951,0.1796185286103542,0.676923076923077,0.7886340977068794,YKR084C,non_ess,non_ess
0.6666666666666666,0.06232120964446261,0.02072538860103627,0.8028929188255612,0.8487654320987654,0.9456521739130436,YLR257W,non_ess,non_ess
0.375,0.07703310175725378,0.007620660457239628,0.30537636285866426,0.5938144329896908,2.506944444444444,YHR208W,non_ess,non_ess
3.0,0.17592970984879447,0.008355488036460312,0.2259463223192809,0.4265046296296296,2.181034482758621,YDR186C,non_ess,non_ess
4.0,0.08459337964854925,0.023993808049535603,0.6742461690558577,0.8613445378151261,2.4341085271317837,YHR132C,non_ess,non_ess
0.25,0.2611360850020433,0.008753861997940269,0.3110322818527419,0.9057829759584148,2.134453781512605,YOL075C,non_ess,non_ess
0.5,0.2868818961994279,0.0063350539652745185,0.2640333985986829,0.5474951203643461,1.1935483870967742,YDR443C,non_ess,non_ess
0.2857142857142857,0.019615856150388238,0.038461538461538464,1.0004690431519698,1.333148558758315,1.093167701863354,YLR390W,non_ess,non_ess
2.0,0.019615856150388238,0.017751479289940832,0.4614455218563152,0.7958115183246072,0.5430107526881721,YER079C-A,non_ess,non_ess
0.0,0.10727421332243564,0.003076923076923077,0.08438625204582652,0.4914893617021277,1.0147783251231528,YGR119C,ess,ess
2.0,0.05203650728783545,0.018427518427518427,0.2709694173108807,1.4808362369337975,0.656140350877193,YHL001W,non_ess,non_ess
1.0,0.05843890478136495,0.00881057268722467,0.3506909145675666,2.1709401709401708,0.7694610778443113,YER106W,non_ess,non_ess
0.42857142857142855,0.12811606048222313,0.01294665976178146,0.592802686046073,1.3532968615030234,0.903361344537815,YHR091C,non_ess,non_ess
1.0,0.20596648957907646,0.003903708523096942,0.10650393736118276,0.2896551724137931,2.444672131147541,YKL210W,ess,ess
0.0,0.05925623212096445,0.056521739130434775,1.1138447840925954,0.992243251628917,0.7528089887640449,YKL183W,non_ess,non_ess
1.0,0.019411524315488357,0.13134328358208955,5.200786763855144,1.1062225015713387,0.9647435897435898,YDR094W,non_ess,non_ess
0.16666666666666666,0.08806702084184717,0.014892032762472078,0.32378588566228184,0.95,0.9827586206896552,YKL027W,non_ess,non_ess
0.2,0.09726195341234163,0.004736129905277402,0.1630376840119736,0.6481481481481483,1.9396325459317585,YNL124W,ess,ess
1.0,0.045361667347772784,0.009776536312849162,0.19106585140544585,0.4891732283464567,0.9704641350210972,YNL099C,non_ess,non_ess
0.0,0.06129955046996322,0.00736842105263158,0.3233802816901408,0.34917840375586856,5.0,YNR054C,ess,ess
1.0,0.08745402533714754,0.006746626686656672,0.17627841484663076,0.7722972972972973,1.1710526315789471,YJL060W,non_ess,non_ess
0.0,0.05762157744176542,0.004464285714285714,0.1447001965923984,1.0091743119266054,1.2352941176470589,YBR040W,non_ess,non_ess
0.4,0.006129955046996323,0.028571428571428567,1.0457627118644068,4.474576271186441,1.0,YIL105W-A,non_ess,non_ess
1.5,0.04147936248467512,0.013657056145675266,0.487597469913911,0.5376237623762377,0.9795918367346941,YOR064C,non_ess,non_ess
1.2,0.09031467102574582,0.0036337209302325577,0.07030240633074934,2.233796296296296,0.9551856594110116,YBR118W,non_ess,non_ess
0.0,0.08827135267674703,0.0007429420505200594,0.01946428286120564,0.12567204301075266,1.9592430858806409,YBR243C,ess,ess
1.0,0.08111973845525132,0.0136986301369863,0.6073566717402333,0.5876543209876542,1.0386100386100383,YPL060W,non_ess,non_ess
0.0,0.0939926440539436,0.008391608391608392,0.2985302123026674,0.6805213103205354,2.122171945701357,YLR116W,ess,non_ess
0.0,0.13833265222721702,0.01201345506967804,0.43465222402474224,0.6813909774436089,1.6493506493506491,YBR169C,non_ess,non_ess
1.5,0.17163874131589704,0.010894941634241245,0.3180565779787569,0.6455598455598455,1.062678062678063,YHR047C,non_ess,non_ess
1.5,0.04495300367797303,0.004225352112676056,0.0823172612316233,0.6824817518248173,1.4798927613941018,YJR099W,non_ess,non_ess
1.3333333333333333,0.10931753167143443,0.00906344410876133,0.31294058408862035,1.1805555555555556,0.9301972685887708,YDL225W,non_ess,non_ess
0.5555555555555556,0.002451982018798529,0.011627906976744186,0.2228682170542636,0.7074829931972789,1.0,YGL007C-A,non_ess,non_ess
0.6666666666666666,0.15345320800980794,0.004776378636561007,0.13990652384257438,0.3359580052493438,2.2538975501113585,YGR245C,ess,non_ess
1.5,0.059460563955864326,0.02275189599133261,0.5729442970822282,1.4806034482758623,0.9891304347826086,YBR251W,non_ess,non_ess
1.0,0.06804250102165918,0.0019065776930409914,0.04808453571601687,0.5800376647834276,1.1783088235294117,YPR129W,non_ess,non_ess
0.0,0.06252554147936247,0.003099173553719009,0.055933646661209833,0.1596215286311133,2.591836734693877,YCR002C,non_ess,ess
1.1666666666666667,0.08295872496935024,0.011041009463722398,0.3942605126948639,0.9363538295577132,1.0122950819672132,YNL253W,non_ess,non_ess
0.0,0.11728647323252965,0.009593679458239277,0.25874717832957106,0.6799999999999999,1.1250793650793651,YNL227C,non_ess,non_ess
1.5,0.08827135267674703,0.02451708766716196,0.8120955758999185,0.6952920662598082,1.0909090909090908,YER119C,non_ess,non_ess
1.5384615384615383,0.09011033919084592,0.06117989803350327,1.6050726189966156,0.9456601198888837,1.160493827160494,YAL062W,non_ess,non_ess
1.6666666666666667,0.16836943195749898,0.004758128469468675,0.11074954196177088,0.3007662835249042,4.822878228782288,YKL022C,ess,ess
1.4166666666666663,0.03453208009807928,0.0,0.0,0.0,1.5429362880886426,YOR331C,non_ess,non_ess
1.0,0.0624574308677292,0.001034126163391934,0.030240489339699445,0.11246200607902736,2.6052631578947367,YHR012W,non_ess,non_ess
2.5,0.01838986514098897,0.021875,0.5495,0.5854545454545454,1.9230769230769231,YKL044W,non_ess,non_ess
1.0,0.0190028606456886,0.0060790273556231,0.2520033158331031,0.395959595959596,1.1756756756756757,YLR364W,non_ess,non_ess
0.5,0.08193706579485084,0.013567438148443736,0.2799967101856308,0.5870592511813887,1.4019138755980858,YKR048C,non_ess,non_ess
0.0,0.05619125459746629,0.009142857142857144,0.3589865229110513,0.8150943396226417,1.0142857142857145,YOL077C,ess,non_ess
0.25,0.07989374744585206,0.011447260834014716,1.2116289633869357,0.9692307692307692,1.0638297872340423,YLR225C,non_ess,non_ess
0.5,0.07723743359215368,0.018581081081081082,0.3930859739049393,0.6090848806366047,1.409252669039146,YER028C,non_ess,non_ess
3.0,0.0715161422149571,0.022727272727272728,0.5618181818181819,1.4296875000000002,0.8980582524271844,YOR037W,non_ess,non_ess
1.8333333333333333,0.004903964037597058,0.032786885245901634,1.2863056797483028,0.5367965367965367,1.4736842105263157,YLR364C-A,non_ess,non_ess
0.6666666666666666,0.1826726604004904,0.01281112737920937,0.2665248291849683,1.1302083333333333,0.8527315914489311,YKR089C,non_ess,non_ess
0.4444444444444444,0.009807928075194115,0.0,0.0,0.9868464052287584,1.0,YHR052W-A,non_ess,non_ess
2.25,0.10952186350633428,0.032569360675512665,0.7335787604979858,0.9059819897084048,1.4393939393939394,YMR319C,non_ess,non_ess
1.0,0.059460563955864326,0.006500541711809318,0.17839924160346696,0.79375,0.994550408719346,YPR058W,non_ess,non_ess
0.0,0.04577033101757255,0.0013850415512465374,0.047873553853674436,0.1358288770053476,5.121428571428571,YOL142W,non_ess,ess
0.8888888888888888,0.06579485083776053,0.021653543307086614,0.6898041590954976,0.8517948717948718,1.033783783783784,YER156C,non_ess,non_ess
1.3333333333333333,0.040049039640375976,0.006269592476489028,0.2007850162008377,2.0,0.9531772575250836,YHR110W,non_ess,non_ess
0.9166666666666666,0.01838986514098897,0.003125,0.18196721311475408,0.456311303591204,0.76875,YAR047C,non_ess,non_ess
0.0,0.25561912545974663,0.003418353931107021,0.17730853216568154,0.6553245116572148,1.8055555555555558,YMR128W,ess,ess
1.0,0.1185124642419289,0.0005586592178770949,0.017191368167378682,0.03582887700534758,3.3659491193737767,YDR349C,non_ess,ess
1.0,0.07621577441765427,0.007698887938408894,0.5846106382083608,0.8398486759142497,1.5089285714285714,YGR112W,non_ess,non_ess
0.5,0.0406620351450756,0.015455950540958269,0.6128620388414757,1.5434782608695654,0.7366548042704626,YOL162W,non_ess,non_ess
1.8333333333333333,0.029015120555782595,0.03361344537815126,0.9022013713460844,0.7791411042944786,1.0,YPR062W,non_ess,non_ess
0.75,0.0670208418471598,0.020309477756286262,0.6528899761064967,1.1844290657439445,0.9105058365758756,YBR149W,non_ess,non_ess
0.0,0.022680833673886392,0.0026109660574412533,0.06773022967650573,0.3050847457627119,1.0,YBR099C,non_ess,non_ess
1.0,0.03821005312627708,0.011456628477905071,0.5552249169270446,0.7186147186147186,0.5625,YBR014C,non_ess,non_ess
1.2857142857142858,0.1781773600326931,0.0086271567891973,0.4053597858924191,0.8965696465696468,0.8179824561403508,YPR089W,non_ess,non_ess
1.2222222222222223,0.0813240702901512,0.01045016077170418,0.3030158141981138,0.6234200743494426,1.015748031496063,YDR282C,non_ess,non_ess
1.2666666666666666,0.04903964037597058,0.010389610389610391,0.3053791093395053,0.8901461574728902,1.0046948356807512,YKL071W,non_ess,non_ess
0.5,0.10563955864323664,0.011867582760774516,0.30427163578319105,0.7791005291005291,1.7912087912087913,YJL153C,non_ess,non_ess
1.0,0.1176951369023294,0.02643419572553431,0.6039561758816022,0.9352578475336322,0.7464788732394366,YOL020W,non_ess,non_ess
1.0,0.08786268900694727,0.020149253731343283,0.5845005740528129,1.898601398601399,0.6802507836990597,YHR011W,non_ess,non_ess
0.0,0.07744176542705354,0.0016849199663016006,0.033644047069054536,0.3419354838709677,3.1843003412969284,YPL050C,non_ess,ess
1.0,0.06232120964446261,0.0072538860103626935,0.37946147965684207,0.4303278688524591,2.1354838709677417,YCL050C,non_ess,non_ess
0.0,0.11912545974662855,0.0016675931072818232,0.0342771729551648,0.23281596452328165,1.690058479532164,YPL169C,ess,ess
1.2083333333333337,0.16673477727829994,0.006004803843074461,0.20828750912818167,0.5855986119144013,1.2557781201848996,YPR029C,non_ess,non_ess
0.5,0.017572537801389457,0.022727272727272728,0.5509950248756219,1.4191542288557213,1.0,YGR242W,non_ess,non_ess
0.4,0.07928075194115244,0.016474464579901153,0.6472449717326633,0.7810894141829393,1.007272727272727,YBR205W,non_ess,non_ess
0.3333333333333333,0.19391091131998367,0.008629616845012079,0.3726804185066596,0.5413793103448276,2.386617100371747,YNL023C,non_ess,non_ess
1.0,0.1248467511238251,0.017525225703664358,0.3671206502591824,0.7147903690620061,1.3896713615023475,YHL040C,non_ess,non_ess
1.6,0.03514507560277892,0.0176678445229682,0.321786479754388,0.9914129586260736,1.055865921787709,YER152W-A,non_ess,non_ess
3.25,0.01838986514098897,0.0,0.0,0.7834113560857747,1.0,YDL081C,non_ess,non_ess
0.37777777777777777,0.13996730690641604,0.021852731591448932,0.4711633927785947,0.7727513227513227,1.2483443708609272,YIL005W,non_ess,non_ess
2.25,0.018594196975888846,0.01238390092879257,0.22835539928745896,0.5644891122278057,1.0050251256281408,YGL182C,non_ess,non_ess
0.0,0.2174090723334696,0.0015422578655151142,0.05966735300479902,0.3361344537815126,2.6555217831813573,YHR102W,non_ess,ess
0.0,0.2194523906824684,0.002139364303178484,0.06505493768262867,0.21833958724202626,1.0355871886120998,YPL160W,ess,ess
0.5833333333333334,0.2950551695954229,0.002053856686444546,0.07743800395557585,0.3656565656565656,2.403648802736602,YOR116C,ess,ess
0.25,0.08438904781364938,0.013188518231186969,0.5523960136062541,0.7331002331002332,1.2181818181818178,YNR029C,non_ess,non_ess
0.75,0.06640784634246016,0.015609756097560976,0.3945336064047664,0.5016357688113414,1.0923913043478262,YOR026W,non_ess,non_ess
0.0,0.15161422149570905,0.020210896309314587,0.4984405554592935,1.3166742389822808,1.815686274509804,YKL034W,non_ess,non_ess
1.7142857142857142,0.11973845525132815,0.0011061946902654867,0.3355792437650845,0.8787878787878788,1.0,YJR160C,non_ess,non_ess
0.8333333333333334,0.02554147936248468,0.018823529411764704,0.6189326061550448,1.218543046357616,1.4240506329113924,YIL027C,non_ess,non_ess
1.0,0.009603596240294238,0.010471204188481676,0.36923632424625386,0.5011494252873564,1.318181818181818,YPL038W-A,non_ess,non_ess
3.5,0.06375153248876175,0.003042596348884381,0.05986942190669371,0.8385416666666666,0.7168021680216803,YBR129C,non_ess,non_ess
0.5,0.02819779321618308,0.0021551724137931034,0.034680935394371774,0.15862068965517234,1.4432234432234432,YIL062C,ess,non_ess
0.5,0.085002043318349,0.007704160246533128,0.13217348338566962,0.6919831223628692,0.9166666666666666,YIR004W,non_ess,non_ess
0.0,0.11749080506742952,0.016901408450704224,0.7347417840375586,1.0185185185185184,1.2672413793103448,YFL053W,non_ess,non_ess
0.8333333333333334,0.08071107478545159,0.008097165991902834,0.281532232949237,0.6410256410256411,1.0662824207492796,YPR118W,non_ess,non_ess
0.5,0.21291377196567227,0.014483627204030227,0.26733726633965266,0.8776315789473683,1.4024896265560165,YJL098W,non_ess,non_ess
0.3333333333333333,0.22149570903146712,0.005754088431253785,0.1832145736804948,0.8980891719745223,0.6765067650676506,YPL022W,non_ess,non_ess
0.5,0.11095218635063343,0.007742703990470519,0.36343061346039307,0.9684210526315788,1.3958333333333337,YDL106C,non_ess,non_ess
1.6,0.013894564773191663,0.01968503937007874,0.9353143007961994,0.8020750199521149,1.3164556962025316,YCR018C-A,non_ess,non_ess
3.5,0.08009807928075195,0.00897226753670473,0.19711381603714392,0.6970695970695971,1.3251748251748252,YJR125C,non_ess,non_ess
1.3333333333333333,0.06436452799346139,0.019095477386934675,0.5072817269869949,0.8664904163912757,0.8769841269841271,YJL213W,non_ess,non_ess
0.0,0.07212913771965672,0.018034265103697024,0.38487609216131335,0.8714733542319749,1.824561403508772,YAL036C,non_ess,non_ess
0.0,0.085002043318349,0.00539291217257319,0.18978556753980488,0.455,1.9080882352941173,YOL097C,ess,ess
3.0,0.03780138945647732,0.033057851239669415,0.9134092770456408,1.021021021021021,0.8622448979591837,YBR278W,non_ess,non_ess
1.5,0.04720065386187168,0.004037685060565276,0.3538608407148893,0.2591362126245847,2.6734693877551017,YCL076W,non_ess,non_ess
0.5,0.041683694319574985,0.027190332326283987,0.4764266198047689,0.8314243027888446,0.8496732026143792,YBR066C,non_ess,non_ess
6.0,0.0696771557008582,0.014911463187325256,0.2733571789044053,0.8582721626199888,0.5910224438902744,YML119W,non_ess,non_ess
2.0,0.06286609453752895,0.006166495375128468,0.11202118208580834,0.6740920096852299,1.6120689655172415,YOR096W,non_ess,non_ess
0.5,0.10747854515733553,0.00737100737100737,0.29301578806529305,0.8033946251768036,1.7,YNL249C,non_ess,non_ess
1.6666666666666667,0.04869908731780412,0.026143790849673203,0.3837402007336648,2.3524623524623527,0.9423963133640552,YMR194W,non_ess,non_ess
0.0,0.06763383735185942,0.005752636625119847,0.1741441543060177,0.6577540106951871,1.2553763440860215,YOR262W,ess,non_ess
0.0,0.017981201471189208,0.0,0.0,0.0,1.2764227642276422,YLR322W,non_ess,non_ess
2.0,0.06048222313036373,0.017057569296375266,0.3092119577041904,1.0036014405762306,1.1320754716981132,YOR164C,non_ess,non_ess
0.0,0.07090314671025746,0.0,0.0,0.0,2.341201716738197,YKL042W,ess,ess
0.0,0.15590519002860648,0.0012825994014536127,0.07565791168092638,0.17921686746987955,4.225130890052356,YLR277C,ess,ess
0.75,0.02370249284838578,0.03015075376884422,1.2872696817420437,7.833333333333332,0.5226130653266332,YOR200W,non_ess,non_ess
3.5,0.023906824683285657,0.0199501246882793,0.5196908718303251,0.4805280528052805,1.0448275862068963,YIL156W-A,non_ess,non_ess
0.75,0.16407846342460156,0.013420089467263115,0.276252103118596,1.3431372549019611,0.5978062157221207,YJL102W,non_ess,non_ess
1.0,0.018798528810788726,0.018404907975460124,0.4183869956562626,2.9781021897810223,0.8773006134969326,YHL046W-A,non_ess,non_ess
0.5,0.12832039231712306,0.009307135470527405,0.2227642641967537,0.937070938215103,1.0695652173913044,YHR039C,non_ess,non_ess
0.5,0.0480179812014712,0.031788079470198675,0.8500168369064991,0.85006518904824,2.0330578512396693,YOR289W,non_ess,non_ess
0.0,0.03780138945647732,0.0,0.0,0.0,4.230769230769232,YDR002W,ess,ess
1.0,0.13690232938291788,0.013592233009708738,0.3943375385152026,0.8919760479041915,1.4206642066420665,YLR214W,non_ess,non_ess
0.9285714285714284,0.029628116060482226,0.0288659793814433,0.7630457122020752,3.0610932475884245,0.5823754789272031,YLR042C,non_ess,non_ess
0.8333333333333334,0.13424601552921947,0.01484413656605641,0.5038048763841732,1.1771700356718195,2.9765258215962445,YNL125C,non_ess,non_ess
0.0,0.1021659174499387,0.01032258064516129,0.25870467616904225,0.4961240310077519,1.022801302931596,YKL047W,non_ess,non_ess
0.8888888888888888,0.09378831221904374,0.009810791871058164,0.7523559497536842,0.5314730694354315,1.4618644067796611,YPL259C,non_ess,non_ess
1.6,0.02656313853698406,0.01818181818181818,0.40840480274442537,2.30188679245283,0.5276595744680851,YBR111W-A,non_ess,non_ess
2.0,0.053739272578667764,0.029797377830750895,0.9751869108245748,1.0651629072681703,0.8571428571428571,YNL289W,non_ess,non_ess
0.6923076923076921,0.06354720065386188,0.004069175991861648,0.156499782008429,0.3253968253968253,2.373801916932908,YDL014W,ess,non_ess
0.0,0.06456885982836126,0.004008016032064128,0.0946258714612323,0.2505030181086519,1.6070175438596492,YGR192C,non_ess,ess
1.5,0.08704536166734778,0.022590361445783132,0.5596516500785752,0.96,0.7445887445887446,YCR079W,non_ess,non_ess
0.0,0.07703310175725378,0.000846740050804403,0.029157309575525533,0.09881422924901186,1.9696394686907024,YDR427W,ess,ess
0.4545454545454545,0.11238250919493258,0.02294117647058824,0.3835093256814921,0.8616929698708751,1.1213872832369942,YCL036W,non_ess,non_ess
1.5,0.026767470371883945,0.033860045146726865,1.2626776460115094,1.7203219315895375,1.0,YJR058C,non_ess,non_ess
0.75,0.0968532897425419,0.014266304347826088,0.4925629290617848,1.0091533180778032,0.9174311926605504,YHR113W,non_ess,non_ess
0.0,0.10931753167143443,0.003625377643504532,0.09468742737624912,0.4355029585798816,3.5674740484429064,YFR028C,ess,ess
1.0,0.05619125459746629,0.009142857142857144,0.2513234811165846,1.0498084291187741,0.6825726141078838,YLR003C,non_ess,non_ess
0.16666666666666666,0.1491622394769105,0.01607142857142857,0.3911003861003861,0.7883575883575882,1.0429184549356223,YOR299W,non_ess,non_ess
0.0,0.021250510829587253,0.0,0.0,0.0,3.3831775700934577,YOL005C,ess,ess
0.0,0.28994687372292605,0.0009287206872533086,0.030839331321105175,0.25375,2.269230769230769,YDR464W,ess,ess
0.75,0.027176134041683696,0.024498886414253896,0.6318433728699435,1.3046511627906978,0.8013245033112582,YOR286W,non_ess,non_ess
0.5,0.11279117286473235,0.008206330597889801,0.2033540362342338,0.5014184397163122,2.5155709342560555,YKR015C,non_ess,non_ess
1.0,0.06313853698406212,0.015353121801432956,0.4769063459570112,1.4583333333333333,1.1854545454545449,YDR151C,non_ess,non_ess
0.0,0.11115651818553332,0.006539833531510107,0.16963585666886474,0.6364628820960699,1.31,YPR072W,non_ess,non_ess
1.5,0.019615856150388238,0.017751479289940832,0.6302216727015808,0.9154228855721394,0.7052023121387284,YOL166C,non_ess,non_ess
0.0,0.03105843890478137,0.0,0.0,0.0,1.3493333333333333,YLR008C,ess,ess
0.0,0.2272170004086637,0.006792675723567632,0.18263118404878595,0.6256320836965998,1.831013916500993,YPL115C,non_ess,non_ess
0.5,0.05496526358806703,0.028004667444574097,0.7344572511708211,0.8325791855203619,0.76,YOR040W,non_ess,non_ess
3.0,0.06742950551695955,0.006730769230769231,0.16289893617021275,0.11738189686260367,1.7341040462427746,YIL154C,non_ess,non_ess
0.6666666666666666,0.036439177223811466,0.010256410256410256,0.44194608809993424,3.6153846153846163,0.4804270462633452,YKR057W,non_ess,non_ess
1.25,0.10931753167143443,0.012084592145015106,0.8751510574018126,0.409375,2.564971751412429,YPL258C,non_ess,non_ess
0.0,0.023498161013485903,0.007594936708860759,0.28442262981141825,1.8367346938775508,0.9266409266409266,YNL170W,non_ess,non_ess
0.5,0.07723743359215368,0.005067567567567568,0.160296799867352,1.7760736196319018,1.0,YMR173W-A,non_ess,non_ess
0.0,0.10931753167143443,0.004833836858006042,0.29845388306379955,0.8496732026143792,0.5834068843777581,YJL110C,non_ess,non_ess
1.0,0.030241111565181864,0.006072874493927126,0.21236894010173368,0.5,1.145945945945946,YJR055W,non_ess,non_ess
0.0,0.04270535349407438,0.0014771048744460858,0.12034517608644953,0.7830882352941175,0.5036927621861153,YNL335W,non_ess,non_ess
1.0,0.06477319166326115,0.004995004995004995,0.15559782683070353,0.5669710806697107,1.9,YFR045W,non_ess,non_ess
0.6666666666666667,0.19145892930118516,0.01083537224746592,0.33249565641129,1.2738577994052451,0.5702479338842975,YNL127W,non_ess,non_ess
0.6666666666666666,0.03248876174908051,0.007590132827324478,0.1985356209702256,2.2931937172774868,1.3492063492063493,YBR254C,ess,non_ess
0.0,0.020024519820187988,0.02325581395348837,0.8476343223736968,1.0390804597701149,1.2320000000000002,YLR124W,non_ess,non_ess
3.0,0.10931753167143443,0.008459214501510574,0.1738865468018248,0.4084396978379787,4.896449704142012,YOL013C,non_ess,non_ess
0.3333333333333333,0.054760931753167146,0.00234192037470726,0.04203130777764082,0.0895186684660369,3.617283950617284,YLR079W,non_ess,ess
0.4444444444444444,0.01818553330608909,0.11987381703470032,1.836827559252952,1.7339601769911503,0.96,YIL054W,non_ess,non_ess
0.4,0.126685737637924,0.003664921465968585,0.08536772566541488,0.35571296581459805,4.785276073619632,YDR390C,ess,ess
0.75,0.043931344503473635,0.004316546762589928,0.08564615729512706,0.1862606232294617,1.8312236286919832,YIL118W,ess,non_ess
0.3333333333333335,0.10155292194523907,0.004542504866969501,0.17566384592938433,0.4416107382550337,1.221153846153846,YMR093W,ess,non_ess
1.0,0.027993461381283204,0.0,0.0,0.0,1.164141414141414,YCL001W-A,non_ess,non_ess
2.05,0.04188802615447487,0.022556390977443608,1.0543572044866265,2.800546448087432,0.8146214099216709,YCR018C,non_ess,non_ess
0.6666666666666666,0.4753439585887481,0.015222649025465928,0.30634369169401016,0.8049088513068307,1.2909090909090908,YJL130C,non_ess,non_ess
0.0,0.03923171230077646,0.011182108626198084,0.5467925476540905,0.5872659176029962,2.005780346820809,YPR107C,ess,non_ess
4.166666666666667,0.0406620351450756,0.02472952086553323,0.5399278722308088,0.7254901960784313,1.7744360902255638,YGR129W,non_ess,non_ess
0.75,0.27278299959133634,0.014796547472256475,0.4357432245401243,1.4733698357391738,0.7341772151898734,YFL036W,non_ess,non_ess
0.25,0.11340416836943196,0.003498542274052478,0.1070392153558368,0.3761671854157403,1.915915915915916,YKL088W,ess,ess
3.0,0.03698406211687781,0.020236087689713318,0.5397395847731733,2.0819672131147544,0.688622754491018,YJR069C,non_ess,non_ess
0.0,0.08255006129955048,0.012678288431061807,0.3520507131537242,0.384,2.9352517985611515,YER178W,non_ess,non_ess
0.3333333333333333,0.022680833673886392,0.0,0.0,0.0,2.239766081871345,YLR434C,non_ess,non_ess
1.0,0.05680425010216592,0.006787330316742082,0.17430290682523514,0.4107933950865888,1.4430379746835444,YDL076C,non_ess,non_ess
1.3333333333333333,0.025950143032284437,0.02088167053364269,0.4620069605568445,0.9076704545454546,1.1395348837209305,YNL235C,non_ess,non_ess
0.5,0.05823457294646505,0.02209944751381216,0.4204419889502761,1.7062500000000005,0.5766423357664234,YPL054W,non_ess,non_ess
0.0,0.11524315488353085,0.005166475315729047,0.20866233979240376,0.3602825745682888,1.6276595744680848,YBR170C,non_ess,ess
0.6666666666666667,0.051491622394769114,0.01240694789081886,0.7684844866508704,1.2244897959183674,1.0534979423868311,YPR134W,non_ess,non_ess
2.0,0.0488353085410707,0.010430247718383313,0.22372631828474826,0.5964912280701753,1.6617647058823526,YLR441C,non_ess,non_ess
1.0,0.0715161422149571,0.00909090909090909,0.2285185185185185,0.5158730158730158,1.1203703703703705,YBR057C,non_ess,non_ess
0.0,0.16898242746219866,0.009877518767285659,0.3746808801629031,1.1363636363636365,0.6403508771929824,YMR031C,non_ess,non_ess
