hits_count,reads_count,hits_count_pro,orf_len,insertion_index,NI,NI_ratio,HFI,HFI_ratio,orf,label,predictions
0.12427745664739885,0.03137695565736018,0.21621621621621626,0.27891295463833266,0.010373944511459593,0.21029216331704528,0.8281972265023111,1.0,7.049319727891157,YBL047C,non_ess,non_ess
0.02023121387283237,0.0067421557610856594,0.054054054054054064,0.08357172047404986,0.005481597494126861,0.11460983301233887,1.203243243243243,0.6139389193422083,1.1428571428571432,YBR130C,non_ess,non_ess
0.06647398843930635,0.03578528827037773,0.054054054054054064,0.08609181310448169,0.01750380517503805,0.5520229900724687,0.9481165600568586,0.1765601217656012,0.5714285714285714,YER044C-A,non_ess,non_ess
0.08092485549132948,0.01581813467023943,0.10810810810810813,0.15672251736820594,0.011909825606125057,0.2424866105935246,0.5981890209394454,0.09825606125053167,0.8339350180505415,YPL176C,non_ess,non_ess
0.017341040462427744,0.006223528394848302,0.027027027027027032,0.03841438496117695,0.009771986970684038,0.33917102955333706,0.3732057416267942,0.2377850162866449,1.168,YLR456W,non_ess,non_ess
0.08092485549132948,0.013916500994035784,0.13513513513513514,0.3798528810788721,0.004976008530300338,0.0975658470140459,0.6694864048338369,0.2059712102363604,1.0584474885844748,YKR095W,non_ess,non_ess
0.1329479768786127,0.0237704209525456,0.21621621621621626,0.14895790764201064,0.02056325435851587,0.3915338720054987,0.6097269284432929,0.12427358068842201,1.6646706586826348,YCL039W,non_ess,non_ess
0.10982658959537572,0.02670930936122396,0.08108108108108109,0.2080098079280752,0.012242268041237113,0.2635526468203405,0.9013732833957552,0.2297036082474227,1.7959697732997482,YMR189W,non_ess,non_ess
0.05780346820809248,0.00898954101478088,0.13513513513513514,0.06742950551695955,0.019230769230769232,0.4847319347319348,1.3636363636363638,0.17115384615384616,0.6592592592592592,YOR007C,non_ess,non_ess
0.03757225433526011,0.005186273662373585,0.054054054054054064,0.05905190028606457,0.014176663031624863,0.2496459118918421,0.23643144004589786,0.25081788440567065,1.691176470588235,YPR192W,non_ess,non_ess
0.03757225433526011,0.009335292592272452,0.027027027027027032,0.06845116469145894,0.012322274881516588,0.2764688181749793,0.8659297052154196,0.18388625592417066,0.615873015873016,YNL164C,non_ess,non_ess
0.017341040462427744,0.00112369262684761,0.0,0.07703310175725378,0.005080440304826418,0.11740488773394844,0.19517241379310346,0.7349703640982218,4.903954802259887,YOR176W,ess,ess
0.1213872832369942,0.03310571354481805,0.027027027027027032,0.15672251736820594,0.01786473840918758,0.3032203180527161,0.7068723702664798,0.18715440238196512,1.6117216117216118,YAL053W,non_ess,non_ess
0.031791907514450865,0.007952286282306162,0.0,0.08541070698814876,0.008435582822085891,0.6437116564417178,2.0222222222222226,0.3113496932515337,1.1906158357771262,YPL123C,non_ess,non_ess
0.03468208092485549,0.009162416803526663,0.08108108108108109,0.023906824683285657,0.02992518703241895,0.9256857855361597,1.0333333333333334,0.31421446384039897,1.024390243902439,YBR277C,non_ess,non_ess
0.008670520231213872,0.0010372547324747168,0.0,0.09521863506334287,0.002071823204419889,0.04983352237386118,0.14257888585897935,0.8501381215469613,5.352173913043479,YHR024C,ess,ess
0.06936416184971098,0.00950816838101824,0.054054054054054064,0.2834082550061299,0.00569935882213251,0.1297700162577864,0.5587044534412955,0.2168131085252909,2.128205128205128,YGL131C,non_ess,non_ess
0.017341040462427744,0.0016423199930849686,0.054054054054054064,0.0036779730281977937,0.0576923076923077,1.9494833524684272,1.1940298507462688,0.5961538461538461,1.8235294117647056,YBR221W-A,non_ess,non_ess
0.017341040462427744,0.0018151957818307548,0.054054054054054064,0.02554147936248468,0.014117647058823532,0.6060130718954249,1.0793650793650793,0.9529411764705882,1.0714285714285714,YDL062W,non_ess,non_ess
0.04046242774566474,0.008298037859797734,0.13513513513513514,0.08704536166734778,0.010542168674698794,0.2672407421095424,0.8105828220858894,0.4066265060240964,1.2300683371298406,YDR483W,non_ess,non_ess
0.03757225433526011,0.0076929725991874845,0.0,0.06906416019615856,0.012218045112781954,0.35647326470683144,0.7078862660944205,0.33270676691729323,1.863157894736842,YOR049C,non_ess,non_ess
0.09248554913294796,0.02852450514305472,0.027027027027027032,0.0868410298324479,0.024150943396226414,0.5014004192872118,1.0740740740740742,0.1630188679245283,0.6728971962616822,YMR062C,non_ess,non_ess
0.03757225433526011,0.010545423113492956,0.054054054054054064,0.05823457294646505,0.0143646408839779,0.4019889502762431,1.0888888888888888,0.3867403314917127,1.2544802867383509,YBR024W,non_ess,non_ess
0.10693641618497107,0.03103120407986861,0.027027027027027032,0.09440130772374336,0.025766016713091918,0.60124489219933,0.7095102358123866,0.28551532033426186,1.2852664576802508,YPR036W,non_ess,non_ess
0.04046242774566474,0.007347221021695911,0.0,0.4158152840212505,0.002274573517465475,0.046730359095133636,0.08418616260863644,0.22680747359870024,1.6346604215456673,YKL182W,ess,ess
0.011560693641618495,0.002420261042441006,0.054054054054054064,0.006129955046996323,0.028571428571428567,1.0457627118644068,4.474576271186441,1.0,1.0,YIL105W-A,non_ess,non_ess
0.03468208092485549,0.009681044169764024,0.13513513513513514,0.022680833673886392,0.031331592689295036,0.8190973517344273,1.4035714285714282,0.3080939947780679,0.8309859154929576,YCR043C,non_ess,non_ess
0.031791907514450865,0.017719768346443083,0.16216216216216214,0.026358806702084188,0.02517162471395881,0.6089992060897585,0.948469387755102,0.39130434782608703,0.39130434782608703,YMR074C,non_ess,non_ess
0.017341040462427744,0.002160947359322327,0.027027027027027032,0.04025337147527585,0.0093603744149766,0.2997548473367506,1.869047619047619,0.4414976599063963,1.2198275862068966,YOR021C,non_ess,non_ess
0.0057803468208092465,0.0006050652606102515,0.08108108108108109,0.06259365209099578,0.0020639834881320948,0.08933039327052289,0.3345323741007194,0.7265221878224974,1.320825515947467,YER102W,non_ess,non_ess
0.031791907514450865,0.004062581035525975,0.0,0.2159787494891704,0.0034150884818379386,0.08564314106707517,0.3220140515222483,0.724619683328159,3.1078561917443412,YJL050W,ess,ess
0.02890173410404624,0.0026795747255596854,0.1891891891891892,0.03153521318621442,0.019493177387914232,0.3176352044900227,1.6304347826086958,0.2670565302144249,0.6492890995260664,YFR032C-A,non_ess,non_ess
0.0,0.0,0.0,0.07178858466149028,0.0,0.0,0.0,1.0,1.1062124248496994,YPL090C,non_ess,non_ess
0.008670520231213872,0.0002593136831186792,0.0,0.11258684102983246,0.0017615971814445098,0.1814590683431766,1.2658624338624338,0.4914856136230182,0.4914856136230182,YDL245C,non_ess,non_ess
0.04046242774566474,0.012965684155933962,0.0,0.05843890478136495,0.015418502202643172,0.30307321166352,0.7787114845938375,0.1751101321585903,1.111888111888112,YOR228C,non_ess,non_ess
0.1936416184971098,0.0498746650531593,0.054054054054054064,0.18062934205149164,0.024796447076239826,0.5401027445943892,0.9598594404649275,0.10399703923019986,0.7007481296758106,YKR009C,non_ess,non_ess
0.011560693641618495,0.003976143141153081,0.054054054054054064,0.06838305407982563,0.003795066413662239,0.11717267552182165,0.496875,0.5664136622390892,1.7405247813411078,YHR203C,non_ess,non_ess
0.0838150289017341,0.029302446192410764,0.054054054054054064,0.22966898242746225,0.00847457627118644,0.1899131872674659,1.3836890243902442,0.33547632963179425,0.7820163487738419,YMR317W,non_ess,non_ess
0.011560693641618495,0.003111764197424151,0.054054054054054064,0.033714752758479766,0.007339449541284405,0.17201136310715784,1.0456852791878173,0.3137614678899083,0.7533039647577092,YNL109W,non_ess,non_ess
0.0953757225433526,0.024029734635664275,0.4324324324324325,0.04720065386187168,0.04441453566621804,0.7869749931747317,1.1539532724740835,0.10497981157469716,0.39,YJR113C,non_ess,non_ess
0.04335260115606936,0.029475321981156537,0.0,0.02574581119738456,0.035046728971962614,1.5710232691207322,1.0296846011131724,0.20560747663551399,0.88,YDR544C,non_ess,non_ess
0.026011560693641616,0.006223528394848302,0.027027027027027032,0.045361667347772784,0.012569832402234636,0.4651921595068388,1.024137931034483,0.5013966480446927,1.8131313131313127,YMR156C,non_ess,non_ess
0.0,0.0,0.0,0.06375153248876175,0.0,0.0,0.0,1.0,1.7765765765765764,YKR062W,ess,ess
0.05202312138728323,0.01097761258535742,0.027027027027027032,0.10890886800163466,0.010915706488781079,0.3227096107629764,0.7946127946127945,0.30988477865372954,2.102880658436214,YBR158W,non_ess,non_ess
0.07514450867052022,0.0087302273316622,0.08108108108108109,0.06313853698406212,0.026612077789150455,0.5571406722432029,0.6275862068965518,0.13920163766632548,1.1929824561403508,YDR530C,non_ess,non_ess
0.03757225433526011,0.0050998357680006896,0.0,0.4387004495300368,0.0020027730704051767,0.04994867777998452,0.1748063683304647,0.4632568171314127,4.271306818181818,YER172C,ess,ess
0.023121387283237,0.005186273662373585,0.0,0.08316305680425011,0.006294256490952006,0.13565531899902533,0.8507462686567164,0.26278520849724624,0.7405764966740576,YML080W,non_ess,non_ess
0.03757225433526011,0.01149623995159478,0.08108108108108109,0.05087862689006948,0.01631116687578419,0.4540912349883491,1.1290584415584417,0.3450439146800502,1.273148148148148,YLR102C,non_ess,non_ess
0.07514450867052022,0.011669115740340566,0.027027027027027032,0.1193297915815284,0.014428412874583798,0.4109800151282722,0.6256192498230715,0.1897891231964484,1.5688073394495414,YGL192W,non_ess,non_ess
0.10982658959537572,0.026882185149969744,0.4324324324324325,0.18961994278708624,0.013408609738884969,0.3734171315961172,0.9700332963374028,0.1146788990825688,0.9420289855072465,YML076C,non_ess,non_ess
0.031791907514450865,0.0047540841905091185,0.027027027027027032,0.0678381691867593,0.010516252390057362,0.36601487810707456,0.932091346153846,0.5803059273422562,1.6143617021276593,YMR234W,non_ess,non_ess
0.008670520231213872,0.0005186273662373584,0.0,0.021250510829587253,0.008287292817679558,0.2490246927500281,1.5428571428571427,0.9392265193370166,0.9392265193370166,YGR294W,non_ess,non_ess
0.0,0.0,0.08108108108108109,0.027993461381283204,0.0,0.0,0.0,1.0,1.0720930232558141,YER030W,non_ess,non_ess
0.0838150289017341,0.02299247990318956,0.027027027027027032,0.0860237024928484,0.022086824067022087,0.5878792555636452,1.008338577721838,0.14546839299314546,1.7207207207207205,YOR187W,non_ess,non_ess
0.06647398843930635,0.010026795747255596,0.2972972972972973,0.12811606048222313,0.011910926980838944,0.2884375831035593,0.8362290862290862,0.1693423096841015,1.1122448979591837,YLR139C,non_ess,non_ess
0.06647398843930635,0.03267352407295358,0.1891891891891892,0.06007355946056396,0.02467811158798283,0.7422154802427111,1.4540229885057467,0.13197424892703866,0.5020408163265306,YHR199C,non_ess,non_ess
0.05202312138728323,0.02221453885383352,0.21621621621621626,0.034123416428279534,0.032667876588021776,0.6039927404718692,1.2399999999999998,0.2450090744101633,0.6923076923076923,YCR003W,non_ess,non_ess
0.017341040462427744,0.008125162071051949,0.0,0.04515733551287291,0.008415147265077139,0.2344877714192115,2.562043795620438,1.0,1.605855855855856,YGL053W,non_ess,non_ess
0.0,0.0,0.0,0.0016346546791990194,0.0,0.0,0.4364656084656085,1.0,1.0,YDL247W-A,non_ess,non_ess
0.023121387283237,0.0042354568242717605,0.10810810810810813,0.08663669799754803,0.006051437216338882,0.11668271214413425,0.6060606060606061,0.3691376701966717,1.8697318007662835,YDL044C,non_ess,non_ess
0.03468208092485549,0.009162416803526663,0.054054054054054064,0.15222721700040867,0.00525164113785558,0.2185165622877839,0.8924949290060852,0.2376367614879649,1.1907894736842104,YOR112W,non_ess,non_ess
0.06358381502890173,0.011409802057221884,0.08108108108108109,0.0741724560686555,0.019315188762072,0.4465339337468257,0.6045400238948626,0.20895522388059692,1.3918128654970758,YGL185C,non_ess,non_ess
0.0,0.0,0.0,0.011033919084593379,0.0,0.0,0.0,1.0,1.0,YER023C-A,non_ess,non_ess
0.0057803468208092465,0.003889705246780188,0.13513513513513514,0.0126685737637924,0.00847457627118644,0.22991789504009216,0.25306893295561844,0.8220338983050848,1.883495145631068,YKL068W-A,non_ess,non_ess
0.06358381502890173,0.0312040798686144,0.40540540540540543,0.008377605230894975,0.12716763005780346,2.9065347310669147,1.2118644067796611,0.2138728323699422,0.2138728323699422,YML100W-A,non_ess,non_ess
0.03757225433526011,0.005272711556746477,0.0,0.2319166326113609,0.0037626628075253256,0.14381024798253575,0.3672316384180791,0.2865412445730825,2.1615720524017465,YBL105C,ess,ess
0.0028901734104046237,0.0003457515774915723,0.0,0.06742950551695955,0.0009615384615384617,0.026079277864992152,0.16439909297052152,0.7432692307692308,1.9276807980049881,YML015C,ess,ess
0.02890173410404624,0.003111764197424151,0.027027027027027032,0.1303637106661218,0.005091649694501018,0.09689622327367907,0.3405521573813853,0.20112016293279025,0.9338061465721039,YDR389W,non_ess,non_ess
0.046242774566473986,0.007779410493560376,0.13513513513513514,0.08990600735594606,0.01167883211678832,0.2786528364707389,1.5311004784688995,0.535036496350365,1.2278056951423786,YDR393W,non_ess,non_ess
0.0028901734104046237,0.0006050652606102515,0.0,0.014303228442991419,0.003846153846153847,0.12056655918931368,0.8883061834281345,0.5769230769230769,0.5769230769230769,YDR378C,non_ess,non_ess
0.0,0.0,0.0,0.018594196975888846,0.0,0.0,0.0,1.0,1.6564102564102563,YER181C,non_ess,non_ess
0.02890173410404624,0.0026795747255596854,0.16216216216216214,0.05598692276256642,0.01146788990825688,0.5500176429075512,1.7673992673992671,0.20871559633027525,0.7711864406779662,YCR016W,non_ess,non_ess
0.03468208092485549,0.007779410493560376,0.16216216216216214,0.07335512872905599,0.010647737355811893,0.3746624705559421,0.5738468049090141,0.16149068322981364,0.5321637426900584,YBR204C,non_ess,non_ess
0.05202312138728323,0.0087302273316622,0.0,0.1720474049856968,0.006987577639751553,0.23794540699575026,1.05,0.4165372670807453,1.8063973063973064,YNL201C,non_ess,non_ess
0.03757225433526011,0.007347221021695911,0.13513513513513514,0.07846342460155292,0.010815307820299502,0.8094968944888291,0.8379983036471587,0.2961730449251248,1.0,YGR111W,non_ess,non_ess
0.03757225433526011,0.004149018929898867,0.054054054054054064,0.03964037597057622,0.02056962025316456,0.6668887408394404,0.8159844054580896,0.19778481012658228,0.8561643835616438,YNR049C,non_ess,non_ess
0.0057803468208092465,0.0002593136831186792,0.0,0.01879852881078873,0.006134969325153374,0.1209601895915754,0.5919003115264797,0.8711656441717791,1.9452054794520544,YLR261C,non_ess,non_ess
0.02890173410404624,0.011669115740340566,0.08108108108108109,0.04903964037597058,0.012987012987012988,0.34977908689248904,0.5018990775908845,0.2974025974025974,1.1683673469387756,YHR022C,non_ess,non_ess
0.0722543352601156,0.012533494684069495,0.0,0.2478545157335513,0.006776904310111141,0.20982586583020307,0.8441558441558442,0.2149634047167254,1.7941176470588236,YNL257C,non_ess,non_ess
0.03468208092485549,0.021695911487596163,0.0,0.0253371475275848,0.02843601895734597,0.9401385344513308,0.9986013986013986,0.4881516587677725,1.4405594405594406,YNL205C,non_ess,non_ess
0.046242774566473986,0.039761431411530816,0.32432432432432434,0.016959542296689827,0.05351170568561873,1.5297027006416613,0.6058631921824105,0.24749163879598665,0.6666666666666667,YER188C-A,non_ess,non_ess
0.031791907514450865,0.0060506526061025155,0.08108108108108109,0.018185533306089092,0.03470031545741325,1.4833007861399028,0.9700176366843032,0.4353312302839117,1.1311475409836067,YFL015W-A,non_ess,non_ess
0.04335260115606936,0.007779410493560376,0.0,0.2315079689415611,0.0043490866917947225,0.1101918856107575,0.34500189561481115,0.4369382429689765,2.2902735562310035,YOR207C,ess,ess
0.13583815028901733,0.0236839830581727,0.0,0.11994278708622805,0.02595251242407509,0.4913382436896929,1.150659133709981,0.07399226946438432,0.5800865800865801,YCR008W,non_ess,non_ess
0.011560693641618495,0.002506698936813899,0.08108108108108109,0.018185533306089092,0.012618296529968454,0.2897701667417756,0.5612244897959183,0.35331230283911674,0.6256983240223464,YGR181W,non_ess,non_ess
0.02023121387283237,0.001901633676203648,0.0,0.0958997411796758,0.004801097393689987,0.09914604223420084,0.2382629107981221,0.38065843621399176,0.38065843621399176,YPL175W,ess,non_ess
0.0028901734104046237,0.0004321894718644654,0.0,0.020841847159787496,0.002808988764044944,0.08313681971609563,0.3703703703703705,0.8146067415730337,1.1462450592885376,YGR020C,non_ess,non_ess
0.0,0.0,0.0,0.12791172864732325,0.0,0.0,0.0,1.0,4.8810126582278475,YDR311W,ess,ess
0.0028901734104046237,0.001210130521220503,0.1891891891891892,0.016346546791990192,0.003448275862068965,0.14285714285714285,0.6428571428571429,0.6241379310344828,1.0,YDR322C-A,non_ess,non_ess
0.02890173410404624,0.003889705246780188,0.2702702702702703,0.01941152431548836,0.02985074626865672,0.6787292587342617,0.916201117318436,0.2208955223880597,0.7184466019417476,YCR060W,non_ess,non_ess
0.04335260115606936,0.007952286282306162,0.08108108108108109,0.19779321618308127,0.005077860528097495,0.1641202846156794,1.2971698113207546,0.2931618144888287,1.0408653846153846,YDL073W,non_ess,non_ess
0.0057803468208092465,0.0019880715705765406,0.0,0.06395586432366163,0.0020222446916076846,0.07857339829028404,0.2181818181818181,0.4893832153690597,1.8059701492537312,YKL018W,ess,ess
0.13872832369942195,0.038205549312818735,0.0,0.3882304863097671,0.008347826086956521,0.2613232514177693,0.7402789171452009,0.18713043478260868,1.1398305084745763,YBR275C,non_ess,non_ess
0.05780346820809248,0.012101305212205031,0.10810810810810813,0.04597466285247242,0.027586206896551724,0.8681541582150102,1.4022578728461084,0.12413793103448276,0.7758620689655172,YNL010W,non_ess,non_ess
0.023121387283237,0.003889705246780188,0.0,0.03575807110747855,0.01391304347826087,0.2951686488594268,0.642152466367713,0.3130434782608696,0.9137055837563454,YDR253C,non_ess,non_ess
0.19653179190751446,0.13942432362347654,0.13513513513513514,0.060890886800163475,0.07203389830508475,1.3103694534374406,1.4564606741573036,0.18008474576271186,1.1643835616438356,YGR096W,non_ess,non_ess
0.02023121387283237,0.0019880715705765406,0.054054054054054064,0.027176134041683696,0.0155902004454343,0.4324622091645738,1.1666666666666667,0.5812917594654788,1.4581005586592175,YLL052C,non_ess,non_ess
0.023121387283237,0.0037168294580344026,0.13513513513513514,0.1258684102983245,0.004214963119072708,0.1292681735392431,0.40850470547229,0.7781875658587988,3.9281914893617023,YDR049W,non_ess,non_ess
0.03468208092485549,0.006309966289221194,0.13513513513513514,0.0976706170821414,0.008086253369272238,0.2016711590296496,0.648,0.5822102425876011,2.279683377308708,YDR257C,non_ess,non_ess
0.04335260115606936,0.006309966289221194,0.054054054054054064,0.1620351450756028,0.006175380815150268,0.1386788643633024,0.4108391608391609,0.2301358583779333,1.6063218390804597,YGR261C,non_ess,non_ess
0.023121387283237,0.003976143141153081,0.08108108108108109,0.024928483857785046,0.019230769230769232,0.5092032967032968,1.1142857142857143,0.5,1.84070796460177,YBR269C,non_ess,non_ess
0.10404624277456646,0.04157662719336157,0.4594594594594595,0.061095218635063335,0.03801478352692714,0.4379869471684069,0.6814274550664235,0.1573389651531151,1.2521008403361344,YHL026C,non_ess,non_ess
0.031791907514450865,0.006828593655458553,0.13513513513513514,0.09440130772374336,0.007660167130919221,0.2077930394134409,0.5443805874840358,0.5285515320334262,1.632258064516129,YDR306C,non_ess,non_ess
0.0028901734104046237,0.0012965684155933962,0.0,0.03248876174908051,0.00189753320683112,0.12858159392789373,0.7925075923576674,1.0,1.0,YFL067W,non_ess,non_ess
0.02890173410404624,0.00760653470481459,0.054054054054054064,0.04188802615447487,0.015037593984962403,0.3588328619714423,1.1365953109072373,0.2,0.8012048192771085,YDR399W,non_ess,non_ess
0.008670520231213872,0.00112369262684761,0.0,0.2061708214139763,0.0009749756256093598,0.032020985189655966,0.08940092165898618,0.8836529086772831,8.444099378881987,YDR060W,ess,ess
0.026011560693641616,0.0067421557610856594,0.027027027027027032,0.09113199836534533,0.006484149855907781,0.1121968601421155,0.9787906137184116,0.2737752161383285,0.9669211195928752,YPL172C,non_ess,non_ess
0.12716763005780346,0.03578528827037773,0.5945945945945946,0.03003677973028198,0.08961303462321793,3.1326018877428115,0.936061972482368,1.0,1.0,YGR031C-A,non_ess,non_ess
0.04335260115606936,0.0087302273316622,0.0,0.19288925214548427,0.005204718945176961,0.10918080878178034,0.2781100478468899,0.3764746703678001,1.6821705426356592,YGL238W,ess,ess
0.026011560693641616,0.005704901028610943,0.027027027027027032,0.1755210461789947,0.003425961172440045,0.15518875183244374,0.6941489361702128,0.2329653597259231,1.1746641074856046,YDR285W,non_ess,non_ess
0.13583815028901733,0.04650358717261648,0.10810810810810813,0.1140171638741316,0.02726218097447796,0.6917284542183664,0.8383500557413601,0.08178654292343387,0.437888198757764,YBR296C,non_ess,non_ess
0.0028901734104046237,0.0002593136831186792,0.0,0.06763383735185942,0.0009587727708533076,0.02691305129434324,0.04464285714285714,0.7622243528283796,3.4565217391304346,YLR100W,ess,ess
0.03468208092485549,0.0033710778805428297,0.027027027027027032,0.1591744993870045,0.005027230833682447,0.13451650988307878,0.8741258741258741,0.2044407205697528,0.5327510917030567,YDR485C,non_ess,non_ess
0.0,0.0,0.0,0.05986922762566409,0.0,0.0,1.2679365079365081,1.0,1.0,YLR464W,non_ess,non_ess
0.1676300578034682,0.033019275650445164,0.08108108108108109,0.21209644462607274,0.018331226295828063,0.5125731418347116,0.9209196824414888,0.1172566371681416,0.6672661870503597,YML075C,non_ess,non_ess
0.026011560693641616,0.010026795747255596,0.027027027027027032,0.04352268083367389,0.013062409288824385,0.39289678135405104,0.8999999999999999,0.2075471698113208,0.5958333333333333,YDR486C,non_ess,non_ess
0.01445086705202312,0.0015558820987120756,0.027027027027027032,0.1213731099305272,0.002729257641921397,0.12702112592942286,0.33445945945945943,0.3766375545851529,1.4465408805031448,YHR188C,ess,non_ess
0.08670520231213873,0.025758492523122137,0.1891891891891892,0.06804250102165918,0.02859866539561488,1.539864555839032,0.990916597853014,0.1572926596758818,0.7534246575342466,YJR019C,non_ess,non_ess
0.011560693641618495,0.0010372547324747168,0.054054054054054064,0.040049039640375976,0.006269592476489028,0.2013155272074945,0.9294797687861274,0.4717868338557994,1.0273037542662116,YDR298C,non_ess,non_ess
0.06358381502890173,0.007260783127323019,0.054054054054054064,0.09644462607274214,0.01500682128240109,0.6140546259431467,0.5799319727891157,0.17257844474761255,0.17257844474761255,YPL262W,non_ess,non_ess
0.008670520231213872,0.0003457515774915723,0.0,0.0704944830404577,0.0027649769585253448,0.05130131964809385,0.10836038961038964,0.2921658986175115,1.4952830188679245,YDL055C,ess,ess
0.0028901734104046237,0.0017287578874578616,0.027027027027027032,0.07498978340825503,0.0008688097306689834,0.2616854908774978,0.15999999999999998,0.5534317984361424,1.0814940577249574,YDL248W,non_ess,non_ess
0.023121387283237,0.005704901028610943,0.0,0.029628116060482226,0.016494845360824743,0.3929654335961189,0.7294117647058824,0.4371134020618557,1.582089552238806,YPR073C,non_ess,non_ess
0.017341040462427744,0.0029388884086783643,0.027027027027027032,0.08479771148344913,0.004633204633204633,0.13264864864864864,0.327,0.3768339768339769,2.9397590361445785,YHR169W,non_ess,non_ess
0.02890173410404624,0.0044083326130175465,0.0,0.10829587249693504,0.006097560975609756,0.13471620697515388,0.38221902707884026,0.2390243902439025,1.2894736842105263,YNL154C,non_ess,non_ess
0.05491329479768786,0.008816665226035093,0.027027027027027032,0.07744176542705354,0.016006739679865205,0.3878124122437517,0.9869281045751632,0.21061499578770007,0.9765625,YGR010W,non_ess,non_ess
0.011560693641618495,0.002333823148068113,0.054054054054054064,0.0253371475275848,0.009478672985781993,0.183430390126614,0.6733137829912025,0.7630331753554502,1.1624548736462097,YAL059C-A,non_ess,non_ess
0.0028901734104046237,0.00017287578874578615,0.0,0.0696771557008582,0.0009319664492078283,0.024464119291705496,0.20988805970149246,1.0,2.3950892857142856,YER127W,ess,ess
0.017341040462427744,0.002333823148068113,0.054054054054054064,0.07723743359215368,0.005067567567567568,0.1426235727706316,0.6216577540106951,0.4628378378378378,1.3365853658536586,YPL112C,non_ess,non_ess
0.1329479768786127,0.04218169245397182,0.054054054054054064,0.19963220269718024,0.015431063401543106,0.2654949005392361,0.5606965174129354,0.10499832271049983,1.0503355704697988,YIR002C,non_ess,non_ess
0.05491329479768786,0.01927565044515516,0.0,0.018185533306089092,0.05993690851735016,2.378725129090813,1.2383612662942274,0.5552050473186121,1.0602409638554218,YNL028W,non_ess,non_ess
0.0,0.0,0.0,0.05925623212096445,0.0,0.0,0.0,1.0,1.4375,YFR004W,ess,ess
0.02023121387283237,0.003457515774915723,0.08108108108108109,0.08561503882304862,0.005355776587605203,0.30698656545373754,0.3790393013100437,0.4254016832440704,1.2086956521739132,YAR018C,non_ess,non_ess
0.04335260115606936,0.02558561673437635,0.0,0.16939109113199838,0.005912495072920773,0.20607590442902005,0.3877376628925443,0.2952305873078439,1.7178899082568808,YBR202W,ess,non_ess
0.02023121387283237,0.008211599965424842,0.0,0.06129955046996322,0.00736842105263158,0.3233802816901408,0.34917840375586856,1.0,5.0,YNR054C,ess,non_ess
0.023121387283237,0.005877776817356729,0.0,0.04474867184307317,0.011315417256011316,0.2827086280056577,1.14375,0.38896746817538896,0.9927797833935018,YIL161W,non_ess,non_ess
0.0057803468208092465,0.0009508168381018238,0.0,0.04597466285247242,0.0027586206896551718,0.0537510227936879,0.1860640301318268,0.5296551724137931,2.0104712041884816,YBL041W,ess,ess
0.3092485549132948,0.08090586913302791,0.054054054054054064,0.4753439585887481,0.015222649025465928,0.30634369169401016,0.8049088513068307,0.0505050505050505,1.2909090909090908,YJL130C,non_ess,non_ess
0.026011560693641616,0.005186273662373585,0.027027027027027032,0.05762157744176542,0.010044642857142858,0.5412778598281418,4.161654135338345,0.38950892857142855,0.8790931989924432,YNL333W,non_ess,non_ess
0.05491329479768786,0.008298037859797734,0.0,0.09092766653044546,0.013718411552346571,0.3894937643583853,1.1366978609625669,0.35379061371841153,1.967871485943775,YDR247W,non_ess,non_ess
0.026011560693641616,0.006396404183594088,0.054054054054054064,0.06252554147936247,0.009297520661157023,0.35663242095685793,0.7775229357798166,0.2458677685950413,1.676056338028169,YLR220W,non_ess,non_ess
0.04335260115606936,0.006655717866712767,0.0,0.061708214139762976,0.015690376569037656,0.3195350001283466,0.8671543180745633,0.1506276150627615,0.5538461538461539,YIL117C,non_ess,non_ess
0.0028901734104046237,0.0014694442043391822,0.027027027027027032,0.02227217000408664,0.002652519893899204,0.10344827586206896,1.1639823873502946,1.0,1.0,YNL013C,non_ess,non_ess
0.0838150289017341,0.02048578096637566,0.10810810810810813,0.10890886800163466,0.01758641600970285,0.5902987961989853,0.5117647058823529,0.08793208004851426,1.0139860139860142,YHR050W,non_ess,non_ess
0.046242774566473986,0.009075978909153772,0.08108108108108109,0.13731099305271766,0.007744433688286543,0.19304965136018634,0.5824706694271912,0.28799612778315586,1.3431151241534989,YBR259W,non_ess,non_ess
0.023121387283237,0.0036303915636615096,0.0,0.10931753167143443,0.004833836858006042,0.29845388306379955,0.8496732026143792,0.3993957703927493,0.5834068843777581,YJL110C,non_ess,non_ess
0.046242774566473986,0.006137090500475408,0.0,0.1021659174499387,0.01032258064516129,0.25870467616904225,0.4961240310077519,0.20258064516129032,1.0228013029315959,YKL047W,non_ess,non_ess
0.06936416184971098,0.012101305212205031,0.10810810810810813,0.04720065386187168,0.032301480484522214,0.8913130740714504,1.037037037037037,0.09825033647375504,0.3476190476190476,YPR015C,non_ess,non_ess
0.008670520231213872,0.0003457515774915723,0.1891891891891892,0.017776869636289334,0.00964630225080386,0.4135327834475046,0.6231884057971014,0.5691318327974276,1.1493506493506491,YBR009C,non_ess,non_ess
0.0,0.0,0.0,0.05986922762566409,0.0,0.0,1.244703442851525,1.0,1.0,YEL076C-A,non_ess,non_ess
0.046242774566473986,0.010286109430374276,0.027027027027027032,0.0190028606456886,0.0486322188449848,0.9948590941498744,0.9700176366843034,0.27051671732522803,0.7946428571428572,YLR294C,non_ess,non_ess
0.031791907514450865,0.004840522084882012,0.0,0.246832856559052,0.0029940119760479052,0.07033369159117663,0.25282975282975284,0.43549265106151336,2.3564064801178204,YOR151C,ess,ess
0.06358381502890173,0.016077448353358108,0.027027027027027032,0.09542296689824276,0.01516195727084769,0.4696130958997503,0.7049462365591398,0.1543762922122674,0.7368421052631579,YBR288C,non_ess,non_ess
0.0057803468208092465,0.004062581035525975,0.0,0.3132407029015121,0.0004302000430200043,0.08662508066250807,1.1687879747746712,1.0,1.0,YIL173W,non_ess,non_ess
0.017341040462427744,0.0027660126199325783,0.1891891891891892,0.0380057212913772,0.009868421052631578,0.2144683571276369,0.8542510121457491,0.4605263157894737,1.627906976744186,YOL114C,non_ess,non_ess
0.0,0.0,0.0,0.06620351450756028,0.0,0.0,0.0,1.0,2.9283667621776504,YLR026C,ess,ess
0.026011560693641616,0.0047540841905091185,0.027027027027027032,0.05496526358806703,0.010501750291715286,0.14927866765673067,0.7676767676767676,0.2590431738623104,1.004524886877828,YIL050W,non_ess,non_ess
0.1213872832369942,0.036131039847869306,0.08108108108108109,0.09807928075194117,0.02818791946308725,0.7661693340216831,0.7807692307692307,0.2087248322147651,1.4465116279069763,YEL071W,non_ess,non_ess
0.15028901734104044,0.03967499351715792,0.10810810810810813,0.21904372701266853,0.015921616656460504,0.27503369481975626,0.926903073286052,0.21586037966932026,1.2390158172231984,YMR196W,non_ess,non_ess
0.09826589595375723,0.022128100959460627,0.027027027027027032,0.19227625664078465,0.01183431952662722,0.2333139160560444,1.1106104978598783,0.15315001740341108,0.6250000000000001,YOL063C,non_ess,non_ess
0.04335260115606936,0.00760653470481459,0.10810810810810813,0.10359624029423783,0.009548058561425843,0.485359643539147,1.0986842105263157,0.2215149586250796,1.4146341463414631,YHR086W,non_ess,non_ess
0.0838150289017341,0.020226467283256985,0.21621621621621626,0.1248467511238251,0.015400955921402018,0.4041607294027332,0.9188118811881189,0.17206585236325014,0.7587822014051523,YER080W,non_ess,non_ess
0.0028901734104046237,0.0003457515774915723,0.0,0.08071107478545159,0.0008097165991902834,0.020716522801924986,0.2012578616352201,0.8777327935222672,2.10077519379845,YDR331W,ess,ess
0.08959537572254335,0.021868787276341943,0.10810810810810813,0.08459337964854925,0.023993808049535603,0.6742461690558577,0.8613445378151261,0.2430340557275541,2.434108527131784,YHR132C,non_ess,non_ess
0.026011560693641616,0.0050998357680006896,0.027027027027027032,0.009194932570494484,0.04864864864864865,1.5561249561249564,3.389610389610389,0.3567567567567568,0.6470588235294118,YAL016C-B,non_ess,non_ess
0.02023121387283237,0.002333823148068113,0.0,0.14221495709031468,0.003274087932647334,0.3497580021962826,0.2408317580340265,0.35640785781103834,3.3130434782608686,YDR211W,ess,ess
0.0057803468208092465,0.0007779410493560378,0.0,0.0361667347772783,0.0034423407917383822,0.09204063641324882,0.1524390243902439,0.9156626506024096,2.180327868852459,YKR068C,ess,ess
0.12716763005780346,0.04053937246088685,0.2432432432432433,0.2308949734368615,0.012790697674418604,0.16216126681242962,0.8185017596782304,0.17296511627906974,1.0365853658536586,YHL023C,non_ess,non_ess
0.08670520231213873,0.039242804045293456,0.027027027027027032,0.21127911728647325,0.00951776649746193,0.28714761602610595,0.6370656370656372,0.2265228426395939,1.562363238512035,YDR017C,non_ess,non_ess
0.0,0.0,0.027027027027027032,0.010420923579893748,0.0,0.0,0.0,1.0,1.5984251968503935,YLR264W,non_ess,non_ess
0.0028901734104046237,8.643789437289306e-05,0.027027027027027032,0.03044544340008173,0.002012072434607646,0.06869790169588963,0.1233766233766234,0.6519114688128773,2.7,YDR201W,ess,ess
0.049132947976878616,0.00959460627539113,0.027027027027027032,0.12832039231712306,0.008790072388831437,0.25854937060942124,0.6839080459770115,0.2264736297828335,1.46,YNL115C,non_ess,non_ess
0.05202312138728323,0.011323364162848992,0.054054054054054064,0.06477319166326115,0.017982017982017984,0.9813686313686314,1.136842105263158,0.2937062937062937,0.2937062937062937,YCR036W,non_ess,non_ess
0.0838150289017341,0.031722707234851766,0.16216216216216214,0.020433183489987745,0.08285714285714285,1.184964749536178,0.9925133689839574,0.7657142857142857,0.9962825278810408,YDR008C,non_ess,non_ess
0.06358381502890173,0.022300976748206414,0.10810810810810813,0.0696771557008582,0.020503261882572232,0.704664737332614,1.0058479532163742,0.16589002795899346,0.8317757009345793,YNL191W,non_ess,non_ess
0.06069364161849713,0.008470913648543521,0.16216216216216214,0.07539844707805476,0.01815038893690579,0.7258057263902559,1.408092485549133,0.2385479688850476,1.5593220338983051,YHR017W,non_ess,non_ess
0.01445086705202312,0.002506698936813899,0.027027027027027032,0.02451982018798529,0.012195121951219513,0.2413053297199639,0.462962962962963,0.4536585365853658,1.4198473282442747,YER147C-A,non_ess,non_ess
0.0,0.0,0.0,0.09113199836534533,0.0,0.0,0.0,1.0,4.463022508038585,YDR023W,ess,ess
0.07514450867052022,0.029475321981156537,0.054054054054054064,0.06477319166326115,0.025974025974025976,1.1935381691479254,1.0376940133037695,0.2437562437562437,2.346153846153846,YGR043C,non_ess,non_ess
0.023121387283237,0.00561846313423805,0.027027027027027032,0.08091540662035146,0.006462035541195477,0.20337461856040207,0.6666666666666667,0.23909531502423265,0.764857881136951,YOR051C,non_ess,non_ess
0.12716763005780346,0.03673610510847957,0.1891891891891892,0.09215365753984472,0.03136136849607983,0.780344639637751,1.0611047743197002,0.300784034212402,1.9719626168224305,YGR141W,non_ess,non_ess
0.10404624277456646,0.021782349381969053,0.054054054054054064,0.13996730690641604,0.0171021377672209,0.3640855106888361,0.7649122807017543,0.13254156769596198,1.1772151898734176,YGR266W,non_ess,non_ess
0.09248554913294796,0.02109084622698591,0.2702702702702703,0.1520228851655088,0.014022787028922,0.3504890849929987,0.6809568188878535,0.16476774758983348,1.3286219081272086,YCL045C,non_ess,non_ess
0.0057803468208092465,0.003198202091797044,0.13513513513513514,0.05006129955046997,0.0025477707006369425,0.044312337815522525,0.2888888888888888,0.6585987261146496,1.3569553805774277,YGR207C,non_ess,non_ess
0.04335260115606936,0.012965684155933962,0.16216216216216214,0.07253780138945648,0.01345291479820628,0.3968609865470853,0.7227575982209045,0.3004484304932735,0.6296992481203008,YLR216C,non_ess,non_ess
0.05780346820809248,0.020831532543867232,0.08108108108108109,0.06804250102165918,0.019065776930409915,0.5636597423903164,1.586378737541528,0.2202097235462345,0.77,YDR297W,non_ess,non_ess
0.09248554913294796,0.041922378770853135,0.2972972972972973,0.061095218635063335,0.0337909186906019,1.1659445963149742,2.89863407620417,0.16473072861668428,0.5551601423487545,YBR175W,non_ess,non_ess
0.046242774566473986,0.008470913648543521,0.054054054054054064,0.0805067429505517,0.012987012987012988,0.3021145521145521,1.3193473193473195,0.2621753246753247,0.6094339622641509,YGR193C,non_ess,non_ess
0.03757225433526011,0.009767482064136915,0.027027027027027032,0.07621577441765427,0.011120615911035072,0.2588138009694896,1.3577777777777778,0.4268605645851155,1.1497695852534564,YMR305C,non_ess,non_ess
0.0953757225433526,0.025672054628749243,0.1891891891891892,0.023498161013485903,0.08354430379746837,1.1998335356337786,0.7760273972602741,0.1569620253164557,1.0,YBL002W,non_ess,non_ess
0.026011560693641616,0.003284639986169937,0.08108108108108109,0.0606865549652636,0.009564293304994687,0.2276615389975785,1.018032786885246,0.21891604675876727,0.4161616161616162,YOR006C,non_ess,non_ess
0.03468208092485549,0.014694442043391822,0.10810810810810813,0.052717613404168376,0.014563106796116504,1.0821775312066575,1.3227513227513228,0.3288834951456311,1.8187919463087248,YLR412W,non_ess,non_ess
0.008670520231213872,0.0044083326130175465,0.0,0.009194932570494484,0.016216216216216217,0.4163226218344329,2.456692913385827,0.6378378378378379,0.944,YOL052C-A,non_ess,non_ess
0.031791907514450865,0.005877776817356729,0.10810810810810813,0.017981201471189208,0.03503184713375796,1.0475690021231423,0.6485416666666667,0.29936305732484075,1.0444444444444445,YDR048C,non_ess,non_ess
0.049132947976878616,0.006309966289221194,0.08108108108108109,0.0425010216591745,0.025222551928783383,1.1941731858645803,1.1149350649350651,0.14985163204747776,1.10989010989011,YJL037W,non_ess,non_ess
0.08092485549132948,0.012274181000950816,0.0,0.15406620351450756,0.012110726643598616,0.3640040937667528,0.7948943661971831,0.20847750865051906,1.5960264900662253,YLR131C,non_ess,non_ess
0.15028901734104044,0.09560031117641972,0.054054054054054064,0.05925623212096445,0.056521739130434775,1.1138447840925954,0.992243251628917,0.14565217391304347,0.7528089887640449,YKL183W,non_ess,non_ess
0.23121387283236994,0.09464949433831793,0.21621621621621626,0.17674703718839396,0.030245746691871456,0.5677951538064959,0.703030303030303,0.08846880907372401,0.5391705069124424,YJL078C,non_ess,non_ess
0.017341040462427744,0.010113233641628493,0.027027027027027032,0.03425963765154611,0.0108499095840868,0.21762535408544045,0.581888246628131,0.3598553345388789,1.3266666666666669,YJR094W-A,non_ess,non_ess
0.046242774566473986,0.006309966289221194,0.027027027027027032,0.07090314671025746,0.01466544454628781,0.492921886139118,1.168724279835391,0.14848762603116408,0.7297297297297298,YOL042W,non_ess,non_ess
0.02023121387283237,0.00786584838793327,0.13513513513513514,0.07069881487535759,0.006433823529411764,0.1327766699900299,1.0796610169491525,0.5689338235294118,0.6620320855614974,YDR012W,non_ess,non_ess
0.18208092485549127,0.08202956175987552,0.054054054054054064,0.08377605230894974,0.04921875,3.516975,1.08,0.14765625,1.5,YAR003W,non_ess,non_ess
0.08092485549132948,0.02005359149451119,0.0,0.0968532897425419,0.019021739130434784,0.33871134936618885,0.8759713391865979,0.1766304347826087,0.9252669039145908,YDR523C,non_ess,non_ess
0.05202312138728323,0.011928429423459244,0.027027027027027032,0.038618716796076834,0.029173419773095625,1.1481361426256078,2.8380952380952382,0.19611021069692056,0.6080402010050251,YIL089W,non_ess,non_ess
0.06936416184971098,0.02135015991010459,0.2972972972972973,0.0443400081732734,0.03423680456490728,0.9520944105822852,1.2192513368983957,0.1754636233951498,0.8785714285714287,YLL060C,non_ess,non_ess
0.06358381502890173,0.01348431152217132,0.027027027027027032,0.12076011442582756,0.012068019747668678,0.4585097937670143,0.7222715173025732,1.0,4.2995283018867925,YML071C,non_ess,non_ess
0.2254335260115607,0.08038724176679056,0.08108108108108109,0.10788720882713528,0.04773561811505509,0.9134057836628215,1.1818181818181817,0.06425948592411261,0.6907894736842106,YOR002W,non_ess,non_ess
0.0,0.0,0.0,0.06763383735185942,0.0,0.0,0.0,1.0,1.5007194244604318,YJR141W,ess,ess
0.0057803468208092465,0.0010372547324747168,0.027027027027027032,0.08030241111565183,0.0016273393002441008,0.03913514025926833,0.24110032362459544,0.9161920260374288,2.9246753246753245,YNL152W,ess,ess
0.008670520231213872,0.0020745094649494327,0.08108108108108109,0.04720065386187168,0.004037685060565276,0.3538608407148893,0.2591362126245847,0.5289367429340511,2.6734693877551017,YCL076W,non_ess,non_ess
0.008670520231213872,0.0004321894718644654,0.027027027027027032,0.012464241928892523,0.012875536480686695,0.644273948994979,2.467181467181468,0.5021459227467812,0.8796992481203009,YGL258W-A,non_ess,non_ess
0.04046242774566474,0.015645258881493648,0.13513513513513514,0.04903964037597058,0.01818181818181818,0.31755651755651754,1.3796296296296295,0.2233766233766233,1.1700680272108843,YCL005W,non_ess,non_ess
0.0,0.0,0.0,0.0741724560686555,0.0,0.0,0.9855838854049944,1.0,1.0,YBR302C,non_ess,non_ess
0.02890173410404624,0.00898954101478088,0.0,0.008173273395995098,0.05882352941176471,7.762254901960784,1.012365591397849,0.6352941176470588,0.6352941176470588,YLL066W-B,non_ess,non_ess
0.023121387283237,0.003889705246780188,0.027027027027027032,0.08990600735594606,0.00583941605839416,0.17543859649122806,0.7578947368421052,0.3722627737226277,1.9029850746268653,YPR084W,non_ess,non_ess
0.03757225433526011,0.005272711556746477,0.0,0.1565181855333061,0.005536626916524703,0.22706322165436305,0.6468599033816425,0.5907155025553663,1.8419654714475435,YMR212C,non_ess,non_ess
0.049132947976878616,0.007260783127323019,0.027027027027027032,0.10053126277073968,0.011140235910878113,0.27943813508667065,0.6128097843579015,0.17562254259501967,1.4806629834254146,YOR231W,non_ess,non_ess
0.031791907514450865,0.007260783127323019,0.0,0.042092357989374746,0.016467065868263474,0.6621354066061426,1.3433179723502304,0.2440119760479042,1.1985294117647058,YGL210W,non_ess,non_ess
0.0057803468208092465,0.0019880715705765406,0.08108108108108109,0.014303228442991419,0.007692307692307694,0.1566718995290424,0.6632653061224489,1.0,1.0,YOR161W-B,non_ess,non_ess
0.023121387283237,0.004840522084882012,0.13513513513513514,0.11626481405803026,0.004553215708594196,0.1568518981483944,0.52803738317757,0.31587933978372223,0.8894230769230769,YHR109W,non_ess,non_ess
0.04046242774566474,0.005532025239865157,0.08108108108108109,0.04658765835717205,0.019073569482288832,0.7031256687162076,0.9186736474694592,0.4087193460490463,1.6483516483516485,YIR020C-B,non_ess,non_ess
0.11560693641618495,0.013397873627798429,0.0,0.30608908868001633,0.008802816901408451,0.2672717338513842,1.078503301540719,0.18089788732394368,0.9820788530465948,YDR334W,non_ess,non_ess
0.017341040462427744,0.0026795747255596854,0.08108108108108109,0.042092357989374746,0.008982035928143712,0.22424642240941844,0.2664406779661017,0.2904191616766467,2.895522388059702,YMR202W,non_ess,non_ess
0.06069364161849713,0.020312905177629872,0.027027027027027032,0.044135676338373515,0.03008595988538682,0.5803520261972984,1.7742857142857142,0.18911174785100288,0.7333333333333334,YBL038W,non_ess,non_ess
0.04335260115606936,0.005532025239865157,0.054054054054054064,0.06048222313036373,0.015991471215351813,1.319491393208175,2.0383275261324045,0.2132196162046908,1.11731843575419,YLR308W,non_ess,non_ess
0.0,0.0,0.0,0.01941152431548836,0.0,0.0,0.5406852508927107,1.0,1.0,YHR212C,non_ess,non_ess
0.017341040462427744,0.0006915031549831446,0.08108108108108109,0.06252554147936247,0.006198347107438018,0.2894600303895045,0.4394618834080718,0.2696280991735537,1.1106382978723406,YNL284C,non_ess,non_ess
0.0,0.0,0.0,0.0022476501838986514,0.0,0.0,1.5950281618023552,1.0,1.0,YBL039C-A,non_ess,non_ess
0.017341040462427744,0.00224738525369522,0.32432432432432434,0.002451982018798529,0.06976744186046513,1.516316579144786,2.4919354838709684,0.313953488372093,0.4821428571428571,YMR182W-A,non_ess,non_ess
0.049132947976878616,0.010631861007865848,0.027027027027027032,0.07825909276665305,0.014178482068390326,0.3163320624329799,0.9638392857142858,0.19182652210175147,0.5679012345679012,YGR234W,non_ess,non_ess
0.0057803468208092465,0.0012965684155933962,0.0,0.02145484266448713,0.0054794520547945215,0.4000452847277256,0.3911845730027549,0.8109589041095892,1.5257731958762886,YML047W-A,non_ess,non_ess
0.023121387283237,0.006655717866712767,0.054054054054054064,0.0678381691867593,0.007648183556405354,0.2455645867771743,0.6916334661354581,0.5908221797323135,1.1839080459770115,YGL039W,non_ess,non_ess
0.05780346820809248,0.014521566254646038,0.21621621621621626,0.08316305680425011,0.015735641227380016,0.6315098399862443,1.403973509933775,0.15814319433516916,0.7760617760617761,YCL063W,non_ess,non_ess
0.0,0.0,0.0,0.027380465876583573,0.0,0.0,1.4836649471874233,1.0,1.0,YJL220W,non_ess,non_ess
0.01445086705202312,0.0014694442043391822,0.0,0.06620351450756028,0.004892367906066536,0.3556591062205255,0.7213114754098362,0.6301369863013698,0.9698795180722892,YML037C,non_ess,non_ess
0.02023121387283237,0.003284639986169937,0.0,0.04699632202697181,0.00945945945945946,0.20343582448845607,0.4490812830893803,0.2743243243243243,0.9902439024390244,YKR091W,non_ess,non_ess
0.05202312138728323,0.024289048318782952,0.21621621621621626,0.02063751532488762,0.05099150141643058,1.310975052545006,0.7911714770797963,0.9886685552407932,0.9886685552407932,YDL041W,non_ess,non_ess
0.13005780346820808,0.03077189039674993,0.027027027027027032,0.1409889660809154,0.02122641509433961,0.4323594064847041,0.8269764216366157,0.13867924528301884,1.1902834008097165,YOL060C,non_ess,non_ess
0.0028901734104046237,8.643789437289306e-05,0.054054054054054064,0.05094673750170277,0.0012531328320802006,0.03174197629997323,0.14805825242718446,0.6390977443609023,1.7708333333333337,YHR021C,non_ess,non_ess
0.03757225433526011,0.0060506526061025155,0.054054054054054064,0.12423375561912547,0.006937033084311633,0.16558553450729274,0.9072916666666668,0.5608324439701174,1.6499215070643642,YOR171C,non_ess,non_ess
0.06069364161849713,0.015040193620883397,0.08108108108108109,0.1013485901103392,0.01365409622886866,0.3610523455544126,0.5783582089552239,0.2678803641092328,1.609375,YCL027W,non_ess,non_ess
0.03468208092485549,0.008211599965424842,0.054054054054054064,0.058643236616264825,0.013172338090010977,0.2054451084820642,0.8543209876543209,0.2502744237102086,1.4161490683229814,YFR031C-A,non_ess,non_ess
0.008670520231213872,0.0026795747255596854,0.054054054054054064,0.07539844707805476,0.0025929127052722557,0.054398369945677885,0.8325791855203621,0.8954191875540191,0.958371877890842,YDR532C,non_ess,non_ess
0.049132947976878616,0.009421730486645344,0.0,0.1013485901103392,0.01105331599479844,0.25140875596012136,0.5053763440860215,0.2951885565669701,1.1552162849872774,YGL158W,non_ess,non_ess
0.049132947976878616,0.01884346097329069,0.054054054054054064,0.16346546791990196,0.006938775510204082,0.283718820861678,0.7323076923076923,0.19428571428571428,1.0942528735632184,YMR160W,non_ess,non_ess
0.10404624277456646,0.02048578096637566,0.0,0.06211687780956274,0.037422037422037424,2.012640332640333,0.913548387096774,0.11954261954261955,0.777027027027027,YDR033W,non_ess,non_ess
0.0028901734104046237,0.0020745094649494327,0.054054054054054064,0.06906416019615856,0.0009398496240601504,0.022353788663274952,0.09281437125748504,0.9135338345864662,3.4346289752650185,YNL229C,non_ess,ess
0.011560693641618495,0.001901633676203648,0.0,0.03473641193297916,0.0071428571428571435,0.19698660714285715,1.3055555555555556,0.5196428571428572,0.976510067114094,YLR031W,non_ess,non_ess
0.12427745664739885,0.36122396058432016,0.10810810810810813,0.016142214957090315,0.14982578397212545,2.716936465331844,1.0210880737196528,0.16376306620209058,1.205128205128205,YFR034W-A,non_ess,non_ess
0.03468208092485549,0.005359149451119371,0.16216216216216214,0.09440130772374336,0.008356545961002786,0.17604600038667825,0.6498714652956298,0.2527855153203343,0.2527855153203343,YJL123C,non_ess,non_ess
0.0838150289017341,0.02299247990318956,0.054054054054054064,0.12014711892112792,0.015986769570011026,0.2618439076542715,0.8039281705948372,0.28114663726571115,1.4613180515759314,YML057W,non_ess,non_ess
0.031791907514450865,0.008557351542916414,0.054054054054054064,0.032897425418880265,0.020637898686679174,1.720263994783974,1.7943262411347516,0.2701688555347092,0.3711340206185567,YJR025C,non_ess,non_ess
0.008670520231213872,0.0006050652606102515,0.054054054054054064,0.08520637515324889,0.0023059185242121447,0.0331018264338787,0.07142857142857141,0.8109146810146042,5.2487562189054735,YBR004C,ess,ess
0.011560693641618495,0.0009508168381018238,0.0,0.03677973028197794,0.006779661016949152,0.13195535345183962,0.7560975609756098,0.4627118644067797,1.4999999999999998,YER029C,non_ess,non_ess
0.06358381502890173,0.030339700924885468,0.13513513513513514,0.010216591744993873,0.11,2.696974358974359,1.3798816568047336,0.285,1.4999999999999998,YGR240C-A,non_ess,non_ess
0.04335260115606936,0.0076929725991874845,0.0,0.07192480588475685,0.0135623869801085,0.4265727610164652,0.9052631578947368,0.19258589511754068,0.6983606557377049,YPR065W,non_ess,non_ess
0.031791907514450865,0.007952286282306162,0.0,0.07110747854515734,0.010054844606946984,0.1728228352999834,0.8762626262626264,0.4149908592321755,0.4149908592321755,YBR065C,non_ess,non_ess
0.0057803468208092465,0.003976143141153081,0.08108108108108109,0.01941152431548836,0.005970149253731343,0.196558384547849,0.2627450980392157,0.844776119402985,2.065693430656934,YHR130C,non_ess,non_ess
0.008670520231213872,0.0013830063099662892,0.027027027027027032,0.04175180493120829,0.004524886877828055,0.11269984917043742,0.4425000000000001,0.5098039215686274,1.396694214876033,YLR388W,non_ess,non_ess
0.03468208092485549,0.005186273662373585,0.10810810810810813,0.02881078872088272,0.02536997885835095,0.7375661274430084,0.7727114514444829,0.2389006342494715,0.8014184397163121,YOR044W,non_ess,non_ess
0.017341040462427744,0.008038724176679056,0.054054054054054064,0.0190028606456886,0.0182370820668693,0.6015065415620456,2.313043478260869,1.0,1.7978142076502732,YDL068W,non_ess,non_ess
0.08092485549132948,0.021782349381969053,0.054054054054054064,0.10788720882713528,0.017135862913096694,0.6106436148510812,1.5441176470588236,0.12423500611995104,0.4645308924485126,YPL212C,non_ess,non_ess
0.03468208092485549,0.0047540841905091185,0.0,0.18062934205149164,0.0044411547002220575,0.12728288946962946,0.8520408163265305,0.2024426350851221,0.8600628930817611,YBR225W,non_ess,non_ess
0.023121387283237,0.005964214711729622,0.0,0.08908868001634655,0.005891016200294551,0.1656030109638357,0.6778900112233446,0.35640648011782033,1.2637075718015671,YGL215W,non_ess,non_ess
0.10404624277456646,0.02627711988935949,0.054054054054054064,0.20024519820187986,0.012040133779264214,0.3946488294314381,0.8067226890756302,0.1528428093645485,1.6263345195729535,YOR363C,non_ess,non_ess
0.02023121387283237,0.0029388884086783643,0.0,0.027176134041683696,0.0155902004454343,0.5020415738678545,1.3416666666666668,0.4120267260579065,0.6468531468531469,YDR063W,non_ess,non_ess
0.03757225433526011,0.005877776817356729,0.0,0.1781773600326931,0.0048762190547636895,0.10678427182553214,0.3101491101491101,0.28094523630907725,2.256024096385542,YLR045C,ess,ess
0.0028901734104046237,8.643789437289306e-05,0.054054054054054064,0.029968669118648688,0.0020408163265306124,0.06654761904761905,0.3416666666666666,0.9244897959183672,1.8489795918367349,YCR028C-A,non_ess,non_ess
0.07803468208092486,0.02956175987552943,0.08108108108108109,0.11708214139762975,0.01526286037309214,0.5023213018534333,0.8074468085106383,0.1695873374788016,1.1152416356877324,YGR287C,non_ess,non_ess
0.04046242774566474,0.005791338922983836,0.32432432432432434,0.09705762157744176,0.009491525423728813,0.16982255112596484,1.0187793427230047,0.2128813559322034,0.6555323590814196,YOL062C,non_ess,non_ess
0.011560693641618495,0.003025326303051257,0.13513513513513514,0.003882304863097671,0.037383177570093455,0.8011927706462052,0.7937743190661478,0.35514018691588783,1.0857142857142856,YMR315W-A,non_ess,non_ess
0.011560693641618495,0.0026795747255596854,0.13513513513513514,0.03248876174908051,0.007590132827324478,0.4319650277424159,0.9186256781193493,0.4326375711574952,1.1875,YDR469W,non_ess,non_ess
0.023121387283237,0.008643789437289308,0.027027027027027032,0.07355946056395588,0.007079646017699116,0.6019894354119504,0.9844961240310078,0.33893805309734515,0.748046875,YOR193W,non_ess,non_ess
0.15028901734104044,0.04451551560203993,0.054054054054054064,0.5582345729464652,0.0063060878001455255,0.19650826893387613,0.605455755156354,0.1418869755032743,0.9940526762956668,YDR150W,non_ess,non_ess
0.02890173410404624,0.005704901028610943,0.0,0.07928075194115244,0.008237232289950576,0.1922486248010499,0.27037933817594834,0.29654036243822074,1.2857142857142856,YHL020C,non_ess,non_ess
0.049132947976878616,0.011582677845967672,0.2972972972972973,0.04713254325023839,0.02291105121293801,0.603679558703692,0.8283499446290142,0.16442048517520216,0.9838709677419356,YDR305C,non_ess,non_ess
0.15606936416184972,0.02809231567119025,0.0,0.413363302002452,0.008824971400555647,0.2533537905965344,0.8058252427184465,0.12224219643732635,1.5550935550935554,YGR217W,non_ess,non_ess
0.08959537572254335,0.04252744403146338,0.054054054054054064,0.06824683285655905,0.029467680608365018,0.7099032146560664,0.9393939393939394,0.1596958174904943,1.005988023952096,YOR085W,non_ess,non_ess
0.023121387283237,0.003976143141153081,0.0,0.06579485083776053,0.007874015748031496,0.1804362823227157,0.6745399615490251,0.3021653543307087,1.0549828178694158,YOR313C,non_ess,non_ess
0.07803468208092486,0.03059901460800415,0.10810810810810813,0.1937065794850838,0.009329647546648235,0.2362611901841961,0.84375,0.2404975812024879,1.9495798319327733,YIL130W,non_ess,non_ess
0.008670520231213872,0.0009508168381018238,0.10810810810810813,0.04086636697997549,0.004615384615384616,0.2456868131868132,0.6696428571428571,0.6384615384615384,1.0723514211886305,YIR024C,non_ess,non_ess
0.05780346820809248,0.024289048318782952,0.054054054054054064,0.027584797711483453,0.04395604395604396,0.9047817047817048,1.6117936117936118,0.1868131868131868,1.0625,YOR298C-A,non_ess,non_ess
0.17052023121387286,0.06915031549831446,0.08108108108108109,0.1060482223130364,0.03671437461107654,0.8151092383790199,0.9954279090733466,0.1910392034847542,1.242914979757085,YGR177C,non_ess,non_ess
0.06647398843930635,0.020140029388884085,0.054054054054054064,0.02227217000408664,0.0610079575596817,1.5017862910724598,1.5045286816504528,1.0,2.5302013422818788,YKR012C,non_ess,non_ess
0.13583815028901733,0.04382401244705679,0.054054054054054064,0.16796076828769926,0.018680445151033388,0.4743899046104929,1.0105000000000002,0.12400635930047695,1.1512915129151293,YML029W,non_ess,non_ess
0.05202312138728323,0.006915031549831446,0.0,0.15590519002860648,0.007695596408721676,0.2451802631526373,0.6168224299065421,0.4390765284309534,2.474698795180723,YLR144C,non_ess,non_ess
0.023121387283237,0.007779410493560376,0.0,0.02227217000408664,0.02122015915119364,0.7734382145797127,3.117241379310345,1.0,2.25748502994012,YLR122C,non_ess,non_ess
0.046242774566473986,0.02273316622007088,0.08108108108108109,0.0670208418471598,0.015473887814313346,0.6136922854248081,0.9931972789115644,0.2011605415860735,0.753623188405797,YDR541C,non_ess,non_ess
0.02890173410404624,0.010113233641628493,0.054054054054054064,0.017776869636289334,0.03215434083601286,1.0172237593160347,1.7958656330749352,1.0,1.1561338289962826,YGL193C,non_ess,non_ess
0.1936416184971098,0.05125767136312559,0.0,0.5053126277073968,0.008970411032266703,0.3024721727988403,0.7958594943152894,0.0785915115812023,1.0103270223752152,YPR117W,non_ess,non_ess
0.0,0.0,0.0,0.017572537801389457,0.0,0.0,1.900952380952381,1.0,1.0,YLR465C,non_ess,non_ess
0.02890173410404624,0.0067421557610856594,0.027027027027027032,0.043114017163874134,0.014641288433382138,0.5253638790801826,0.8088235294117646,0.2928257686676428,1.3513513513513509,YMR090W,non_ess,non_ess
0.03757225433526011,0.005445587345492263,0.2432432432432433,0.021250510829587253,0.03591160220994475,0.9705990683566244,1.6386554621848741,0.30386740331491713,0.88,YGL220W,non_ess,non_ess
0.02023121387283237,0.0013830063099662892,0.0,0.2194523906824684,0.002139364303178484,0.06505493768262867,0.21833958724202626,0.35574572127139364,1.0355871886120998,YPL160W,ess,ess
0.12427745664739885,0.06595211340651741,0.0,0.01941152431548836,0.12835820895522387,6.3874094872173774,2.2807637906647806,0.14328358208955225,0.294478527607362,YBL109W,non_ess,non_ess
0.03757225433526011,0.006137090500475408,0.027027027027027032,0.16775643645279936,0.005173099880620772,0.14748507759649826,0.2360526315789474,0.2717867091126144,1.0738993710691822,YAL021C,non_ess,non_ess
0.03757225433526011,0.006915031549831446,0.0,0.13506334286881894,0.006394490900147565,0.2147093285984508,0.7457091237579042,0.37973438268568616,2.2247838616714697,YMR232W,non_ess,non_ess
0.0028901734104046237,0.001210130521220503,0.027027027027027032,0.0036779730281977937,0.009615384615384616,0.5663283475783476,0.5231481481481483,1.0,1.0,YDR371C-A,non_ess,non_ess
0.01445086705202312,0.0027660126199325783,0.0,0.03575807110747855,0.008695652173913044,0.32966577935522035,0.5064247921390779,0.5495652173913044,2.2411347517730498,YER115C,non_ess,non_ess
0.07514450867052022,0.009335292592272452,0.16216216216216214,0.07948508377605233,0.021364009860312245,0.43586452745223137,0.9795628221076952,0.15201314708299096,1.069364161849711,YMR010W,non_ess,non_ess
0.06069364161849713,0.014175814677154463,0.0,0.20698814875357585,0.006798316607316285,0.24136618733303844,0.6984732824427481,0.2502427970216899,2.1005434782608696,YFL025C,non_ess,non_ess
0.02890173410404624,0.007260783127323019,0.1891891891891892,0.04658765835717205,0.013623978201634877,1.0673082497536088,0.6524822695035459,0.34877384196185285,1.0,YJR024C,non_ess,non_ess
0.19942196531791906,0.06517417235716137,0.054054054054054064,0.1810380057212914,0.025480059084194977,1.0819399310684392,0.5797260273972602,0.08567208271787298,1.1153846153846154,YPR160W,non_ess,non_ess
0.046242774566473986,0.014521566254646038,0.13513513513513514,0.022067838169186758,0.0427807486631016,0.7435414626798222,0.9915492957746479,0.37433155080213903,1.647058823529412,YFR036W,non_ess,non_ess
0.03757225433526011,0.012014867317832138,0.0,0.10359624029423783,0.008274984086569064,0.21756312327604496,0.9444444444444444,0.22915340547422025,0.9782608695652174,YBR184W,non_ess,non_ess
0.05491329479768786,0.019362088339528048,0.10810810810810813,0.06436452799346139,0.019095477386934675,0.5072817269869949,0.8664904163912757,0.2221105527638191,0.8769841269841271,YJL213W,non_ess,non_ess
0.049132947976878616,0.01374362520529,0.16216216216216214,0.12872905598692275,0.008762886597938144,0.31948359027712103,0.9791029561671762,0.36237113402061855,0.8034285714285714,YGL107C,non_ess,non_ess
0.026011560693641616,0.0027660126199325783,0.1891891891891892,0.07887208827135267,0.0074503311258278145,0.1770166105743133,1.2688524590163934,0.4437086092715232,0.7859237536656891,YJL193W,non_ess,non_ess
0.03757225433526011,0.004667646296136226,0.1891891891891892,0.016550878626890073,0.044368600682593864,1.9195257768995868,0.6578947368421053,0.25597269624573377,0.986842105263158,YCL057C-A,non_ess,non_ess
0.026011560693641616,0.005186273662373585,0.0,0.10461789946873724,0.005674653215636823,0.14476717923622745,0.2686567164179105,0.626733921815889,2.9235294117647057,YKL045W,ess,ess
0.02023121387283237,0.003111764197424151,0.10810810810810813,0.034123416428279534,0.012704174228675136,0.29186343725354186,1.099476439790576,0.3248638838475499,0.6654275092936802,YMR072W,non_ess,non_ess
0.04335260115606936,0.009075978909153772,0.08108108108108109,0.05537392725786678,0.01738122827346466,0.7931463431258946,0.8823529411764706,0.3325608342989571,1.8636363636363635,YIL034C,non_ess,non_ess
0.02890173410404624,0.007952286282306162,0.21621621621621626,0.03514507560277892,0.0176678445229682,0.321786479754388,0.9914129586260736,0.3339222614840989,1.055865921787709,YER152W-A,non_ess,non_ess
0.0,0.0,0.027027027027027032,0.002656313853698407,0.0,0.0,0.0,1.0,1.0,YMR242W-A,non_ess,non_ess
0.023121387283237,0.003976143141153081,0.027027027027027032,0.10441356763383736,0.0050536955148452285,0.10219339980968678,0.3652802893309223,0.3272267845862287,2.0077519379844957,YER052C,non_ess,non_ess
0.04335260115606936,0.01184199152908635,0.13513513513513514,0.06865549652635881,0.014177693761814743,0.856548270487182,1.6666666666666663,0.15311909262759926,0.525974025974026,YOL104C,non_ess,non_ess
0.0,0.0,0.054054054054054064,0.004290968532897425,0.0,0.0,0.4315684315684316,1.0,1.0,YMR272W-A,non_ess,non_ess
0.06069364161849713,0.016250324142103898,0.21621621621621626,0.07928075194115244,0.01729818780889621,0.3201505689437186,0.7976744186046513,0.19110378912685336,0.8140350877192982,YNR021W,non_ess,non_ess
0.0057803468208092465,0.0013830063099662892,0.027027027027027032,0.017436316578122873,0.006535947712418301,0.21367521367521367,0.6923076923076922,0.937908496732026,1.091254752851711,YDR139C,non_ess,non_ess
0.046242774566473986,0.0050998357680006896,0.08108108108108109,0.09991826726604006,0.01054713249835201,0.2903148604562306,0.8832271762208067,0.2762030323005933,1.4349315068493151,YER064C,non_ess,non_ess
0.01445086705202312,0.0050998357680006896,0.21621621621621626,0.013894564773191663,0.01968503937007874,0.9353143007961994,0.8020750199521149,0.8188976377952756,1.3164556962025316,YCR018C-A,non_ess,non_ess
0.04046242774566474,0.016077448353358108,0.2432432432432433,0.06885982836125869,0.013195098963242223,0.3781078358087686,0.7748478701825559,0.1828463713477851,0.6139240506329114,YDR451C,non_ess,non_ess
0.017341040462427744,0.001901633676203648,0.16216216216216214,0.05762157744176542,0.006696428571428571,0.18512450851900392,0.38390966831333795,0.20200892857142846,1.1602564102564104,YJR150C,non_ess,non_ess
0.03757225433526011,0.005445587345492263,0.027027027027027032,0.08479771148344913,0.01003861003861004,0.4500066569032087,1.304075235109718,0.2084942084942085,0.5521472392638037,YFL026W,non_ess,non_ess
0.008670520231213872,0.001210130521220503,0.027027027027027032,0.0380057212913772,0.004934210526315789,0.11538319913589945,0.1431657501963865,0.5608552631578947,2.185897435897436,YJR102C,non_ess,non_ess
0.04335260115606936,0.003457515774915723,0.21621621621621626,0.15406620351450756,0.006487889273356401,0.3216291338136026,0.7131147540983606,0.19636678200692045,1.4598070739549842,YPR091C,non_ess,non_ess
0.05202312138728323,0.009162416803526663,0.027027027027027032,0.1076828769922354,0.011036174126302879,0.2382065306469335,0.8168316831683168,0.1630901287553648,0.5507246376811594,YJL058C,non_ess,non_ess
0.017341040462427744,0.0036303915636615096,0.08108108108108109,0.03391908459337965,0.010948905109489052,0.2303382337822556,0.4609475032010243,0.2883211678832117,0.8586956521739131,YML078W,non_ess,non_ess
0.017341040462427744,0.002160947359322327,0.0,0.08745402533714754,0.004497751124437782,0.2190840063839048,0.6221198156682027,0.4152923538230884,2.3776824034334765,YHR190W,ess,ess
0.04335260115606936,0.01486731783213761,0.08108108108108109,0.0335104209235799,0.027675276752767528,0.40507568340989536,1.4387755102040818,0.30996309963099633,0.5544554455445545,YAL055W,non_ess,non_ess
0.049132947976878616,0.00898954101478088,0.10810810810810813,0.17041275030649775,0.0066614420062695925,0.15430776929077075,0.4107981220657277,0.3945924764890282,2.48641975308642,YMR302C,non_ess,non_ess
0.0057803468208092465,0.0017287578874578616,0.054054054054054064,0.011442582754393136,0.009174311926605505,0.3482763413956075,0.6666666666666666,0.4587155963302753,0.7407407407407408,YNL024C-A,non_ess,non_ess
0.011560693641618495,0.0036303915636615096,0.027027027027027032,0.013077237433592155,0.016528925619834708,0.40812963471573743,0.2984894259818731,0.3636363636363637,0.7096774193548387,YIR020W-A,non_ess,non_ess
0.06936416184971098,0.014694442043391822,0.16216216216216214,0.07498978340825503,0.0208514335360556,0.4817728479106912,1.9287671232876715,0.2354474370112945,0.633177570093458,YDR309C,non_ess,non_ess
0.05202312138728323,0.006223528394848302,0.0,0.12770739681242338,0.00935064935064935,0.2235350299924291,0.6053811659192825,0.17194805194805196,0.17194805194805196,YGL060W,non_ess,non_ess
0.0722543352601156,0.030685452502377038,0.13513513513513514,0.011646914589293013,0.11312217194570134,2.7842035690680764,0.9959141981613892,0.2262443438914027,1.1111111111111112,YER091C-A,non_ess,non_ess
0.3786127167630058,0.26190681994986603,0.13513513513513514,0.0723334695545566,0.11780575539568346,2.881982967842594,1.1837349397590364,0.06654676258992806,1.3454545454545457,YGL063W,non_ess,non_ess
0.08092485549132948,0.014002938888408678,0.0,0.2290559869227625,0.008203926164664518,0.23686578010225226,0.7334206453149185,0.16056255493700558,1.73968253968254,YOR188W,non_ess,non_ess
0.01445086705202312,0.003111764197424151,0.027027027027027032,0.02118240021795396,0.013850415512465374,0.3712817106584042,1.8460490463215256,0.4764542936288089,0.6564885496183207,YPR010C-A,non_ess,non_ess
0.0838150289017341,0.013916500994035784,0.0,0.2738046587658357,0.007125307125307125,0.2470453200380208,0.852007299270073,0.21154791154791155,1.618421052631579,YLR371W,non_ess,non_ess
0.031791907514450865,0.009853919958509807,0.08108108108108109,0.10461789946873724,0.006935687263556117,0.3133903133903134,0.8283950617283953,0.2572509457755359,1.088,YAL028W,non_ess,non_ess
0.10982658959537572,0.016768951508341255,0.0,0.2948508377605231,0.008677780315140445,0.21834205302289705,0.8979846620296059,0.20666818908426585,1.2329700272479565,YEL022W,non_ess,non_ess
0.011560693641618495,0.004840522084882012,0.0,0.040049039640375976,0.006269592476489028,0.3833525820821647,0.42105263157894735,0.4529780564263322,1.12890625,YFL056C,non_ess,non_ess
0.05780346820809248,0.0112369262684761,0.054054054054054064,0.1285247241520229,0.010325245224574084,0.3053110788893198,0.8413078149920254,0.17449664429530198,0.9740634005763688,YJL106W,non_ess,non_ess
0.049132947976878616,0.0045812084017633325,0.027027027027027032,0.055782590927666534,0.01956271576524741,0.7967360602573491,0.8366370471633631,0.3705408515535098,0.3705408515535098,YFL028C,non_ess,non_ess
0.0028901734104046237,0.0010372547324747168,0.0,0.06313853698406212,0.001023541453428864,0.03841988933885157,0.0661231884057971,0.9887410440122824,4.218340611353711,YPR176C,ess,ess
0.2745664739884393,0.11219638689601524,0.10810810810810813,0.04781364936657132,0.12632978723404256,2.451674609034164,1.5571843879507643,0.535904255319149,0.7810077519379846,YKR041W,non_ess,non_ess
0.026011560693641616,0.004926959979254904,0.0,0.05230894973436862,0.011002444987775063,0.3795843520782396,1.1965909090909088,0.5061124694376528,1.6967213114754098,YNR068C,non_ess,non_ess
0.0,0.0,0.0,0.01941152431548836,0.0,0.0,0.1778061224489796,1.0,1.0,YAR060C,non_ess,non_ess
0.03468208092485549,0.007779410493560376,0.0,0.07090314671025746,0.010999083409715857,0.4412751536760315,0.6165137614678898,0.17323556370302476,0.7941176470588236,YCR019W,non_ess,non_ess
0.0028901734104046237,0.0012965684155933962,0.027027027027027032,0.13322435635472007,0.0004985044865403788,0.01597243154258156,0.07245080500894455,0.944666001994018,2.4017743979721167,YGL113W,ess,ess
0.05491329479768786,0.012274181000950816,0.08108108108108109,0.10053126277073968,0.012450851900393184,0.20341540672999686,0.6084130922840599,0.5117955439056356,0.961822660098522,YMR020W,non_ess,non_ess
0.017341040462427744,0.011064050479730312,0.10810810810810813,0.01838986514098897,0.01875,0.4275528169014085,0.602112676056338,0.4625,1.383177570093458,YBL070C,non_ess,non_ess
0.02023121387283237,0.009767482064136915,0.13513513513513514,0.024928483857785046,0.016826923076923076,0.3184534507548526,0.8691588785046728,0.3125,0.9420289855072465,YOR333C,non_ess,non_ess
0.0,0.0,0.0,0.004290968532897425,0.0,0.0,0.0,1.0,1.0,YDL114W-A,non_ess,non_ess
0.026011560693641616,0.008125162071051949,0.0,0.02881078872088272,0.019027484143763214,1.5634249471458774,1.2692307692307692,0.5877378435517969,0.5877378435517969,YAR075W,non_ess,non_ess
0.13872832369942195,0.03958855562278503,0.1891891891891892,0.05046996322026972,0.0606826801517067,1.2467813927087903,1.3903884134298878,0.09355246523388117,0.8314606741573034,YDR405W,non_ess,non_ess
0.0722543352601156,0.014780879937764715,0.10810810810810813,0.05598692276256642,0.028669724770642207,1.2846863289830728,0.9419014084507044,0.11353211009174312,0.5439560439560439,YNR064C,non_ess,non_ess
0.06069364161849713,0.01754689255769729,0.10810810810810813,0.06211687780956274,0.02182952182952183,0.4744710774122539,0.4815126050420168,0.3295218295218295,1.7228260869565215,YMR180C,non_ess,non_ess
0.04046242774566474,0.007087907338577231,0.16216216216216214,0.1330200245198202,0.006989515726410384,0.15474384576980682,0.9198717948717948,0.20668996505242127,1.5862068965517242,YJL057C,non_ess,non_ess
0.9335260115606936,1.0,0.16216216216216214,0.1319983653453208,0.1624748490945674,3.928189389501567,1.404803635183382,0.05432595573440644,0.7659574468085106,YKL198C,non_ess,non_ess
0.04046242774566474,0.010286109430374276,0.054054054054054064,0.026563138536984058,0.031818181818181815,0.5356484848484848,0.806974358974359,0.2659090909090909,1.4810126582278482,YNR004W,non_ess,non_ess
0.02023121387283237,0.002333823148068113,0.027027027027027032,0.03821005312627708,0.011456628477905071,0.5552249169270446,0.7186147186147186,0.265139116202946,0.5625,YBR014C,non_ess,non_ess
0.06647398843930635,0.01037254732474717,0.054054054054054064,0.10829587249693504,0.014024390243902441,0.2691604127579737,1.1389423076923078,0.16707317073170733,0.8698412698412699,YMR199W,non_ess,non_ess
0.023121387283237,0.004926959979254904,0.0,0.12975071516142214,0.004092071611253197,0.08981800659772415,0.2961562696912413,0.3069053708439898,1.3157894736842106,YGR083C,ess,ess
0.08092485549132948,0.026622871466851068,0.08108108108108109,0.10809154066203516,0.017104459376908982,0.4410154597998214,0.8203124999999999,0.18142944410507025,1.8109756097560967,YDL085W,non_ess,non_ess
0.023121387283237,0.003457515774915723,0.027027027027027032,0.054352268083367385,0.009433962264150943,0.4456424079065589,2.4353741496598644,0.31014150943396224,0.6813471502590673,YHR090C,non_ess,non_ess
0.17630057803468208,0.04702221453885383,0.054054054054054064,0.2785042909685329,0.0147378593863252,0.3969864663268867,0.9596088435374148,0.16719014254650882,1.0846394984326018,YGR270W,non_ess,non_ess
0.02890173410404624,0.011323364162848992,0.0,0.05353494074376789,0.011961722488038276,0.357231054175027,0.6543778801843317,0.18421052631578946,0.7129629629629629,YBR146W,non_ess,non_ess
0.0028901734104046237,8.643789437289306e-05,0.0,0.016959542296689827,0.0033444816053511705,1.4787754051968098,0.03205128205128205,1.0,3.322222222222221,YHR213W-B,non_ess,non_ess
0.06358381502890173,0.011928429423459244,0.027027027027027032,0.106661217817736,0.013613861386138614,0.30317022086824064,0.6671597633136094,1.0,6.5425101214574894,YIL045W,non_ess,non_ess
0.12716763005780346,0.05895064396231307,0.13513513513513514,0.11156518185533308,0.026066350710900472,0.755514751495,1.7382198952879582,0.13329383886255924,0.6446991404011461,YKR072C,non_ess,non_ess
0.008670520231213872,0.0020745094649494327,0.08108108108108109,0.02574581119738456,0.0070093457943925215,0.2533177570093458,1.34,0.6705607476635514,1.2058823529411766,YBR210W,non_ess,non_ess
0.02023121387283237,0.005964214711729622,0.027027027027027032,0.09072333469554557,0.005065123010130246,0.09174132912730287,0.43359262460386055,0.2865412445730825,0.8461538461538461,YLR210W,non_ess,non_ess
0.0953757225433526,0.044774829285158614,0.13513513513513514,0.023906824683285657,0.08229426433915213,3.216253483937217,1.6461176470588237,0.11221945137157108,0.6428571428571429,YDR157W,non_ess,non_ess
0.10404624277456646,0.028870256720546286,0.027027027027027032,0.15324887617490807,0.015652173913043483,0.5489309462915601,0.8380475594493116,0.18782608695652173,1.862068965517241,YDR490C,non_ess,non_ess
0.031791907514450865,0.003025326303051257,0.054054054054054064,0.12014711892112792,0.006063947078280044,0.20189049492732367,0.3842625264643613,0.5992282249173098,1.7646103896103895,YDR200C,non_ess,non_ess
0.0953757225433526,0.02195522517071484,0.08108108108108109,0.16326113608500206,0.013485901103391908,0.395889000660149,0.8054733727810649,0.11728647323252962,0.5125,YDR422C,non_ess,non_ess
0.04046242774566474,0.007952286282306162,0.1891891891891892,0.0823457294646506,0.011119936457505955,0.2960571882446386,0.8138666666666667,0.26131850675139,1.183453237410072,YBR271W,non_ess,non_ess
0.031791907514450865,0.005445587345492263,0.10810810810810813,0.2053534940743768,0.003588907014681892,0.1232068078236155,0.6426116838487973,0.5008156606851549,2.986381322957198,YGR188C,non_ess,non_ess
0.06069364161849713,0.017633330452070186,0.0,0.19431957498978344,0.007233895969686531,0.2196766488031036,0.601967213114754,0.2714433344815708,1.3288364249578413,YOL155C,non_ess,non_ess
0.0,0.0,0.0,0.022067838169186758,0.0,0.0,0.0,1.0,1.0,YIR041W,non_ess,non_ess
0.031791907514450865,0.0036303915636615096,0.054054054054054064,0.1060482223130364,0.006845052893590543,0.1639061980547434,0.4229752463350157,0.1922837585563161,1.02317880794702,YML115C,non_ess,non_ess
0.023121387283237,0.0018151957818307548,0.0,0.048630976706170816,0.010471204188481676,0.2232210477789852,0.4132973944294701,0.4816753926701571,3.607843137254902,YOR004W,ess,non_ess
0.06069364161849713,0.017633330452070186,0.32432432432432434,0.06211687780956274,0.02182952182952183,1.1044014662435715,0.4994939271255061,0.2276507276507277,1.6590909090909092,YIL077C,non_ess,non_ess
0.0,0.0,0.16216216216216214,0.014507560277891298,0.0,0.0,0.0,1.0,1.5202312138728324,YJR135W-A,non_ess,non_ess
0.026011560693641616,0.014089376782781571,0.054054054054054064,0.008990600735594606,0.04945054945054945,1.9282951685186325,3.1675977653631286,1.0,2.0919540229885056,YHR180W-A,non_ess,non_ess
0.03757225433526011,0.003803267352407295,0.0,0.3539027380465877,0.002478078536027449,0.07263333640080455,0.2694991789819376,0.2689668318719024,1.8043478260869563,YNL172W,ess,ess
0.02023121387283237,0.004926959979254904,0.0,0.022067838169186758,0.01871657754010695,0.5296378578169235,1.3845588235294115,0.7967914438502673,1.1417624521072796,YMR119W-A,non_ess,non_ess
0.15028901734104044,0.026795747255596854,0.32432432432432434,0.17306906416019618,0.020069471246622925,0.5417551862939745,0.7748880956428127,0.1883442686221536,1.2642487046632125,YER069W,non_ess,non_ess
0.0722543352601156,0.033624340911055414,0.027027027027027032,0.14957090314671026,0.011130899376669634,0.33050208918419066,0.9565304487179486,0.1558325912733749,0.779510022271715,YPR031W,non_ess,non_ess
0.023121387283237,0.009940357852882704,0.054054054054054064,0.03044544340008173,0.01609657947686117,0.7879778672032194,1.0989583333333337,0.4748490945674044,0.7840531561461794,YGL259W,non_ess,non_ess
0.017341040462427744,0.001901633676203648,0.0,0.21965672251736826,0.0018320610687022891,0.06446765769385296,0.4671052631578948,0.8030534351145038,1.0,YDR038C,non_ess,non_ess
0.12427745664739885,0.013397873627798429,0.027027027027027032,0.4305271761340417,0.006749332914770053,0.2447115276812341,0.8381355932203389,0.13341704598964055,1.8240343347639485,YMR207C,non_ess,non_ess
0.3265895953757225,0.1682945803440228,0.054054054054054064,0.11646914589293013,0.06420454545454546,1.6382254145225843,1.2395787626151822,1.0,13.75,YGR068C,non_ess,non_ess
0.05491329479768786,0.013830063099662893,0.054054054054054064,0.09726195341234163,0.012855209742895805,0.3124020018471981,0.5724573780129336,0.17456021650879566,1.2285714285714284,YOL112W,non_ess,non_ess
0.06069364161849713,0.028178753565563142,0.0,0.01941152431548836,0.0626865671641791,1.4735310787832985,1.164929262844378,0.19402985074626866,0.9701492537313432,YGR069W,non_ess,non_ess
0.05202312138728323,0.0075200968104416985,0.2702702702702703,0.10257458111973848,0.011568123393316195,0.4113814839595732,1.0983810709838109,0.24357326478149105,1.2467105263157896,YHR168W,non_ess,non_ess
0.06358381502890173,0.040020745094649486,0.0,0.06259365209099578,0.022703818369453045,0.6925213004093068,1.1918564527260178,0.5902992776057792,0.9947826086956522,YER014C-A,non_ess,non_ess
0.03757225433526011,0.005272711556746477,0.0,0.07212913771965672,0.011722272317403066,0.21896531639780656,0.6122906698564593,0.2254283137962128,1.0548523206751057,YDL134C,non_ess,non_ess
0.01445086705202312,0.0017287578874578616,0.16216216216216214,0.06620351450756028,0.004892367906066536,0.2074034169616746,0.432152117545376,0.3561643835616438,1.6470588235294117,YLR151C,non_ess,non_ess
0.026011560693641616,0.003457515774915723,0.21621621621621626,0.031467102574581116,0.017578125,0.3348418445121951,0.3658536585365854,0.3359375,1.6699029126213591,YAL044C,non_ess,non_ess
0.031791907514450865,0.009075978909153772,0.13513513513513514,0.040049039640375976,0.017241379310344827,0.33365355445444433,1.0286738351254479,0.7789968652037618,1.004040404040404,YAL059W,non_ess,non_ess
0.08670520231213873,0.035439536692886166,0.10810810810810813,0.09746628524724152,0.02025658338960162,0.5214337245156007,1.0580831257375116,0.16205266711681296,0.16205266711681296,YEL016C,non_ess,non_ess
0.05780346820809248,0.02256029043132509,0.10810810810810813,0.02615447486718431,0.04608294930875576,1.2882867877038109,0.9103078982597056,0.2119815668202765,1.6140350877192984,YOR186W,non_ess,non_ess
0.01445086705202312,0.008816665226035093,0.1891891891891892,0.02595014303228444,0.011600928074245941,0.7500116787866519,0.37522879804759,0.6218097447795824,1.9705882352941173,YDR100W,non_ess,non_ess
0.023121387283237,0.006223528394848302,0.13513513513513514,0.022476501838986515,0.021052631578947368,0.4318325935320228,2.0240963855421685,1.0,1.0,YBL062W,non_ess,non_ess
0.03757225433526011,0.007347221021695911,0.0,0.17061708214139765,0.005088062622309198,0.14368768972371607,0.3733209819360816,0.6857142857142857,2.720496894409938,YOR373W,ess,ess
0.03757225433526011,0.005013397873627798,0.08108108108108109,0.02451982018798529,0.03170731707317073,1.4052618546490032,2.243654822335025,0.2975609756097561,0.4621212121212121,YNL031C,non_ess,non_ess
0.04046242774566474,0.012533494684069495,0.027027027027027032,0.061095218635063335,0.014783526927138331,0.5172981583233405,0.8933200398803591,0.20696937697993664,0.8909090909090909,YPR114W,non_ess,non_ess
0.05202312138728323,0.010891174690984528,0.027027027027027032,0.08541070698814876,0.013803680981595092,0.33963628396143736,0.8255639097744362,0.22469325153374234,0.9766666666666668,YMR034C,non_ess,non_ess
0.008670520231213872,0.002333823148068113,0.0,0.029015120555782595,0.0063025210084033615,0.12704218743334894,0.2768804799261652,0.5861344537815126,2.036496350364964,YBL018C,ess,ess
0.008670520231213872,0.0014694442043391822,0.0,0.05455659991826727,0.0035252643948296123,0.1250209837166359,0.2142857142857143,0.372502937720329,1.3045267489711934,YDR472W,ess,ess
0.03757225433526011,0.007174345232950125,0.0,0.08561503882304862,0.00994644223412395,0.36290570543943823,0.6306186025812194,0.5761285386381025,2.3904761904761904,YMR091C,non_ess,non_ess
0.02890173410404624,0.003803267352407295,0.08108108108108109,0.15631385369840622,0.004264392324093817,0.12759730757974833,0.27305737109658684,0.3074626865671642,3.004166666666667,YBR058C,non_ess,non_ess
0.0,0.0,0.16216216216216214,0.014711892112791171,0.0,0.0,0.0,1.0,1.8095238095238089,YCR020C-A,non_ess,non_ess
0.023121387283237,0.003111764197424151,0.08108108108108109,0.06477319166326115,0.007992007992007992,0.4044104044104044,0.6000000000000001,0.3096903096903097,1.023102310231023,YER161C,non_ess,non_ess
0.0057803468208092465,0.0005186273662373584,0.0,0.057212913771965676,0.0022471910112359553,0.06308407593955832,0.22068965517241385,0.5988764044943821,2.1755102040816325,YGL044C,ess,ess
0.15606936416184972,0.0987985132682168,0.1891891891891892,0.022680833673886392,0.1409921671018277,4.235639686684074,0.9223602484472052,0.1174934725848564,1.4516129032258065,YKL086W,non_ess,non_ess
0.11271676300578035,0.05592531765926182,0.054054054054054064,0.09971393543114017,0.025759577278731842,0.4833278030639779,0.9010663507109004,0.12549537648612946,1.2925170068027212,YMR065W,non_ess,non_ess
0.0057803468208092465,0.00017287578874578615,0.054054054054054064,0.04297779594060755,0.002936857562408223,0.04965830791821981,0.75,0.6328928046989721,1.7883817427385895,YPR043W,non_ess,non_ess
0.0838150289017341,0.03103120407986861,0.21621621621621626,0.024315488353085408,0.07125307125307126,1.7759151556619912,1.3110307414104885,0.13022113022113022,0.13022113022113022,YDR482C,non_ess,non_ess
0.0,0.0,0.0,0.010420923579893748,0.0,0.0,5.524549019607843,1.0,1.0,YLR154W-E,non_ess,non_ess
0.02023121387283237,0.008557351542916414,0.027027027027027032,0.03044544340008173,0.014084507042253518,0.31320659382302785,0.5165103954341623,0.2635814889336016,1.1196581196581197,YMR022W,non_ess,non_ess
0.008670520231213872,0.0009508168381018238,0.0,0.026563138536984058,0.006818181818181818,0.16118181818181818,0.424,0.7454545454545455,1.6565656565656566,YGR243W,non_ess,non_ess
0.1184971098265896,0.020658656755121445,0.2432432432432433,0.1103391908459338,0.02455089820359281,0.8122690788635495,1.3854818523153944,0.1191616766467066,0.8766519823788546,YOR205C,non_ess,non_ess
0.0,0.0,0.054054054054054064,0.003064977523498161,0.0,0.0,0.568791402698883,1.0,1.0,YBR141W-A,non_ess,non_ess
0.017341040462427744,0.0012965684155933962,0.13513513513513514,0.02778912954638333,0.013100436681222708,0.5716068086623296,0.2328931572629052,0.3231441048034934,1.3214285714285714,YCL058C,non_ess,non_ess
0.0028901734104046237,0.0006050652606102515,0.0,0.08561503882304862,0.0007651109410864575,0.022522953328232592,0.08522727272727272,0.6595256312165264,2.55786350148368,YOR110W,ess,ess
0.011560693641618495,0.0010372547324747168,0.0,0.09930527176134042,0.002652519893899204,0.08150320444173517,0.334448160535117,0.4920424403183024,1.4352030947775631,YKR063C,ess,ess
0.031791907514450865,0.010199671536001384,0.08108108108108109,0.03882304863097672,0.017741935483870968,0.4348723856788373,0.6518838304552591,0.36774193548387096,1.1176470588235294,YPL229W,non_ess,non_ess
0.049132947976878616,0.01633676203647679,0.054054054054054064,0.022885165508786283,0.04404145077720207,1.2581071777962969,0.8990384615384615,0.3160621761658031,0.8472222222222223,YER084W,non_ess,non_ess
0.04335260115606936,0.007001469444204339,0.054054054054054064,0.10093992644053944,0.0097911227154047,0.1821916756258639,0.6512605042016806,0.29699738903394257,1.6192170818505338,YFR039C,non_ess,non_ess
0.017341040462427744,0.008038724176679056,0.027027027027027032,0.023498161013485903,0.015189873417721518,0.5857745629897528,1.1031746031746033,0.4962025316455696,0.7,YKL138C,non_ess,non_ess
0.046242774566473986,0.011928429423459244,0.13513513513513514,0.05108295872496935,0.02,0.5835087719298245,0.6343859649122806,0.27875,1.4671052631578947,YLL041C,non_ess,non_ess
0.031791907514450865,0.0067421557610856594,0.0,0.04699632202697181,0.014864864864864866,0.4963369029406766,0.940880503144654,0.3310810810810811,1.5605095541401277,YNL200C,non_ess,non_ess
0.0,0.0,0.0,0.017572537801389457,0.0,0.0,0.7322396494060662,1.0,1.0,YFL065C,non_ess,non_ess
0.06647398843930635,0.017201140980205722,0.054054054054054064,0.04822231303637107,0.03034300791556728,1.669484680415702,0.9585392051557464,0.21635883905013192,1.0718954248366013,YPR158W,non_ess,non_ess
0.049132947976878616,0.00786584838793327,0.0,0.16244380874540254,0.006981519507186858,0.2362403985093923,0.5279706790123456,0.21724845995893224,0.21724845995893224,YKR099W,non_ess,non_ess
0.0057803468208092465,0.0007779410493560378,0.0,0.01409889660809154,0.007782101167315175,0.20359416117496232,1.699421965317919,1.0,1.0,YJL020W-A,non_ess,non_ess
0.031791907514450865,0.009940357852882704,0.0,0.1765427053534941,0.004163512490537472,0.11234466568568248,0.3580634500991409,0.4277062831188493,1.961805555555556,YNL112W,ess,ess
0.03757225433526011,0.010286109430374276,0.1891891891891892,0.028606456885982838,0.027659574468085105,0.5039228723404255,1.2488425925925926,0.3638297872340426,0.868020304568528,YOR226C,non_ess,non_ess
0.0057803468208092465,0.00017287578874578615,0.0,0.08745402533714754,0.0014992503748125937,0.04668746707727217,0.7135135135135134,1.0,1.2888888888888892,YMR268C,ess,non_ess
0.0,0.0,0.0,0.3823729737093039,0.0,0.0,1.048945981554677,1.0,1.0,YJL225C,non_ess,non_ess
0.09826589595375723,0.0199671536001383,0.0,0.15937883122190438,0.014225941422594144,0.4817906982368733,0.8724094177357958,0.1297071129707113,1.4485981308411215,YHR204W,non_ess,non_ess
0.0057803468208092465,0.002333823148068113,0.0,0.010829587249693505,0.009569377990430622,0.19867044925265687,1.7345132743362832,0.971291866028708,0.971291866028708,YOR329W-A,non_ess,non_ess
0.02890173410404624,0.0037168294580344026,0.08108108108108109,0.08827135267674703,0.007429420505200594,0.1955762362816402,0.4361598440545809,0.2637444279346211,0.9594594594594594,YGR223C,non_ess,non_ess
0.05491329479768786,0.012879246261561068,0.027027027027027032,0.12157744176542705,0.010354223433242507,0.3575840145322434,1.4487179487179491,0.19455040871934606,0.5158959537572254,YFR023W,non_ess,non_ess
0.0057803468208092465,0.0003457515774915723,0.0,0.01941152431548836,0.005970149253731343,0.10568937490764002,0.4257425742574257,1.0,1.0,YDR521W,non_ess,non_ess
0.017341040462427744,0.003889705246780188,0.0,0.07478545157335513,0.005226480836236934,0.1491289198606272,0.9875,1.0,2.3670103092783505,YDR088C,ess,ess
0.01445086705202312,0.0009508168381018238,0.0,0.02778912954638333,0.010917030567685587,0.2792680390933666,0.5922619047619049,0.6004366812227074,1.6768292682926829,YLL053C,non_ess,non_ess
0.0028901734104046237,0.0002593136831186792,0.0,0.06661217817736004,0.0009727626459143967,0.020857433308795168,0.14264264264264262,0.9523346303501944,3.1682847896440127,YNR035C,ess,ess
0.04335260115606936,0.00786584838793327,0.08108108108108109,0.09562729873314264,0.010316368638239341,0.31464924346629985,0.6049213943950785,0.202888583218707,1.0314685314685317,YOL030W,non_ess,non_ess
0.031791907514450865,0.008038724176679056,0.0,0.25766244380874537,0.002869814766501436,0.07415767722713128,0.34999167083125104,0.25671797547612835,1.1220068415051307,YMR076C,ess,ess
0.07803468208092486,0.03699541879159824,0.1891891891891892,0.05149162239476912,0.03349875930521092,0.6064864308202316,0.6826359547498977,0.26054590570719605,2.07920792079208,YDL049C,non_ess,non_ess
0.02023121387283237,0.0050998357680006896,0.0,0.017572537801389457,0.022727272727272728,1.0138888888888888,1.2152777777777777,0.762987012987013,0.762987012987013,YDL158C,non_ess,non_ess
0.023121387283237,0.003111764197424151,0.08108108108108109,0.018594196975888846,0.02476780185758514,0.5394841153939232,0.5665278118108307,1.0,1.0,YER067C-A,non_ess,non_ess
0.28323699421965315,0.25914080732993344,0.2972972972972973,0.04515733551287291,0.13744740532959324,4.3154884031431235,1.45026686074721,1.0,9.381578947368421,YOL110W,non_ess,non_ess
0.12716763005780346,0.04382401244705679,0.10810810810810813,0.23130363710666124,0.012768427161926872,0.2641832949848423,0.639394844232109,0.12188044109112015,1.30030959752322,YBL066C,non_ess,non_ess
0.05202312138728323,0.011150488374103209,0.2432432432432433,0.043931344503473635,0.025899280575539568,0.4086038783186649,0.4486947063089195,0.12661870503597122,0.8979591836734694,YER004W,non_ess,non_ess
0.011560693641618495,0.0036303915636615096,0.08108108108108109,0.031467102574581116,0.0078125,0.15680679287305122,0.7542687453600594,0.6484375,1.3949579831932772,YHL043W,non_ess,non_ess
0.02023121387283237,0.0036303915636615096,0.0,0.07519411524315489,0.00606585788561525,0.25731544972747594,0.7383252818035426,0.4653379549393414,0.8788870703764321,YHR129C,non_ess,non_ess
0.06936416184971098,0.01434869046590025,0.027027027027027032,0.07866775643645281,0.019917012448132786,0.4364945258211269,0.7478188616535106,0.13609958506224065,0.9479768786127168,YLR328W,non_ess,non_ess
0.0028901734104046237,0.0002593136831186792,0.0,0.01982018798528811,0.0029325513196480947,0.17315629412403608,0.34876543209876537,0.7008797653958945,0.991701244813278,YER133W-A,non_ess,non_ess
0.008670520231213872,0.0008643789437289308,0.08108108108108109,0.009194932570494484,0.016216216216216217,0.4915997078159241,2.5270270270270268,0.4972972972972973,0.5542168674698795,YOR045W,non_ess,non_ess
0.008670520231213872,0.0004321894718644654,0.027027027027027032,0.011442582754393136,0.013761467889908258,0.26894018016522064,0.8190045248868777,0.8211009174311926,1.6886792452830186,YDR079C-A,non_ess,non_ess
0.01445086705202312,0.0036303915636615096,0.054054054054054064,0.012872905598692277,0.02092050209205021,0.7281847053485909,0.8433734939759037,1.0,1.0,YDR015C,non_ess,non_ess
0.07803468208092486,0.017806206240815973,0.1891891891891892,0.10237024928483858,0.017385705086928525,1.061947251534226,0.9183673469387754,0.15904700579523506,0.98015873015873,YIL085C,non_ess,non_ess
0.10115606936416184,0.026795747255596854,0.0,0.16387413158970168,0.014250814332247556,0.4340148998613216,0.9405940594059404,0.2178338762214984,1.4657534246575343,YGL229C,non_ess,non_ess
0.008670520231213872,0.001901633676203648,0.10810810810810813,0.00939926440539436,0.015957446808510637,0.4830249768732655,2.8434782608695657,0.6436170212765957,0.6436170212765957,YLR146W-A,non_ess,non_ess
0.008670520231213872,0.0015558820987120756,0.027027027027027032,0.07580711074785453,0.002579535683576957,0.05439595872742907,1.5750000000000002,0.6526225279449699,0.7080223880597015,YGR072W,non_ess,non_ess
0.049132947976878616,0.009335292592272452,0.08108108108108109,0.05803024111156519,0.018847006651884702,0.3185208890514397,0.6572164948453607,0.2771618625277162,1.0460251046025104,YER053C,non_ess,non_ess
0.031791907514450865,0.005445587345492263,0.2432432432432433,0.09460563955864323,0.0076441973592772765,0.3399279013203613,0.44951923076923067,0.2675469075747047,1.8599033816425123,YLR367W,non_ess,non_ess
0.06358381502890173,0.012447056789696605,0.2702702702702703,0.09705762157744176,0.014915254237288138,0.3737171244886032,0.9482758620689656,0.12203389830508475,0.8181818181818181,YGL059W,non_ess,non_ess
0.07514450867052022,0.01521306940962918,0.08108108108108109,0.0815284021250511,0.02085004009623096,0.3616497182815304,0.6775244299674267,0.2967121090617482,0.9711286089238846,YAL042W,non_ess,non_ess
0.049132947976878616,0.005445587345492263,0.08108108108108109,0.08111973845525132,0.0136986301369863,0.6073566717402333,0.5876543209876542,0.2167606768734892,1.0386100386100383,YPL060W,non_ess,non_ess
0.03468208092485549,0.007433658916068805,0.054054054054054064,0.058643236616264825,0.013172338090010977,0.4332949586356456,1.095684803001876,1.0,4.1981566820276495,YBR231C,non_ess,non_ess
0.017341040462427744,0.0025931368311867924,0.0,0.0860237024928484,0.00456968773800457,0.0985574123023162,1.0897058823529409,0.2817974105102818,0.6560283687943262,YMR323W,non_ess,non_ess
0.14739884393063582,0.0787449217737056,0.1891891891891892,0.031467102574581116,0.099609375,4.730328615470851,0.9930375265518055,0.16015625,1.74468085106383,YDR260C,non_ess,non_ess
0.011560693641618495,0.003111764197424151,0.027027027027027032,0.027993461381283204,0.008676789587852495,0.2752985278941937,0.8058252427184467,0.37093275488069416,0.5570032573289903,YEL028W,non_ess,non_ess
0.0028901734104046237,8.643789437289306e-05,0.13513513513513514,0.053739272578667764,0.0011918951132300355,0.029536430379925382,0.13905325443786984,0.5125148986889154,2.3888888888888893,YLR393W,non_ess,non_ess
0.03468208092485549,0.019621402022646728,0.10810810810810813,0.0361667347772783,0.02065404475043029,0.6338148803745789,1.69478672985782,0.3287435456110155,0.560117302052786,YCL026C-A,non_ess,non_ess
0.13583815028901733,0.0337107788054283,0.027027027027027032,0.2255823457294647,0.013979773944080905,0.4598779972009504,0.8189662394236407,0.21326591314693635,1.4722792607802877,YBR235W,non_ess,non_ess
0.01445086705202312,0.002420261042441006,0.0,0.18573763792398856,0.0018005041411595247,0.035584509117098234,0.3696969696969697,0.4900972272236226,1.23502722323049,YDR081C,ess,ess
0.0,0.0,0.0,0.049856967715570084,0.0,0.0,0.7520987654320987,1.0,1.0,YCL068C,non_ess,non_ess
0.01445086705202312,0.00224738525369522,0.1891891891891892,0.052104617899468735,0.006134969325153374,0.3255449680198408,0.422872340425532,0.35092024539877303,1.0514705882352942,YGR042W,non_ess,non_ess
0.01445086705202312,0.0025931368311867924,0.10810810810810813,0.018594196975888846,0.015479876160990712,0.4427152713342092,0.6172106824925817,0.33126934984520123,0.732876712328767,YEL073C,non_ess,non_ess
0.008670520231213872,0.008643789437289308,0.0,0.041070698814875364,0.004594180704441043,0.17692589386776753,1.2934782608695652,0.555895865237366,0.7007722007722008,YOR258W,non_ess,non_ess
0.1329479768786127,0.06163021868787276,0.027027027027027032,0.0659991826726604,0.045142296368989206,0.8652273470722932,0.7407407407407408,0.06869479882237488,0.7692307692307692,YJR129C,non_ess,non_ess
0.02890173410404624,0.007260783127323019,0.054054054054054064,0.02227217000408664,0.026525198938992044,0.4447074884006256,0.6747324336900885,0.206896551724138,0.951219512195122,YAL042C-A,non_ess,non_ess
0.14161849710982655,0.07381796179445069,0.027027027027027032,0.059460563955864326,0.05308775731310944,1.180558331317254,0.9884573894282634,0.21451787648970747,1.6638655462184873,YOR222W,non_ess,non_ess
0.02023121387283237,0.01097761258535742,0.0,0.022476501838986515,0.018421052631578942,0.3170430622009569,1.3299999999999998,1.0,1.0,YDL118W,non_ess,non_ess
0.02890173410404624,0.02411617253003717,0.027027027027027032,0.009194932570494484,0.054054054054054064,1.713813813813814,1.6269841269841268,1.0,1.0,YPR170W-A,non_ess,non_ess
0.04046242774566474,0.030253263030512574,0.08108108108108109,0.09011033919084592,0.010196649672250544,0.4344990270787361,0.95873573309921,0.21412964311726146,1.4134615384615383,YMR209C,non_ess,non_ess
0.1184971098265896,0.029475321981156537,0.0,0.380057212913772,0.007282415630550622,0.18802417969578025,0.5742545664572954,0.14547069271758434,1.486388384754991,YLR342W,non_ess,non_ess
0.13872832369942195,0.07546028178753565,0.5135135135135136,0.11156518185533308,0.02843601895734597,0.7310808744840238,1.3362007168458778,0.18424170616113744,0.8337801608579088,YDL042C,non_ess,non_ess
0.06358381502890173,0.013570749416544212,0.0,0.1665304454434001,0.008817635270541082,0.23839874871694605,1.0433604336043358,0.20761523046092184,0.5742793791574279,YBL052C,non_ess,non_ess
0.03757225433526011,0.008211599965424842,0.08108108108108109,0.09276665304454433,0.009206798866855524,0.23078581106047544,0.3982608695652174,0.19405099150141644,0.9072847682119206,YEL047C,non_ess,non_ess
0.04046242774566474,0.02705506093871553,0.08108108108108109,0.01920719248058848,0.042168674698795185,2.1750779341140785,0.679195804195804,0.3975903614457832,1.1891891891891893,YDR102C,non_ess,non_ess
0.04335260115606936,0.006137090500475408,0.10810810810810813,0.0588475684511647,0.01641137855579869,0.4846183550006436,1.7536764705882355,0.2450765864332604,0.4274809160305344,YBR228W,non_ess,non_ess
0.017341040462427744,0.00224738525369522,0.0,0.11074785451573356,0.0035799522673031032,0.0922980246788199,0.12688116242864558,0.3818615751789976,3.5955056179775284,YMR296C,ess,ess
0.023121387283237,0.006223528394848302,0.054054054054054064,0.007560277891295466,0.049689440993788817,2.2662065792500568,1.5407407407407403,0.3975155279503105,1.1636363636363636,YHR086W-A,non_ess,non_ess
0.10404624277456646,0.022646728325697984,0.0,0.22496935022476505,0.010736653742916793,0.4141102379680813,0.7674418604651163,0.15419027736355506,0.903846153846154,YNR067C,non_ess,non_ess
0.03468208092485549,0.0047540841905091185,0.027027027027027032,0.10012259910093993,0.007894736842105262,0.2422234156820623,0.7137026239067057,0.34342105263157896,1.6160990712074303,YPL140C,non_ess,non_ess
0.0,0.0,0.0,0.07539844707805476,0.0,0.0,0.0,1.0,2.0017301038062283,YGR046W,ess,ess
0.0057803468208092465,0.0019880715705765406,0.027027027027027032,0.01941152431548836,0.005970149253731343,0.13297526209781546,0.5928489042675894,0.6805970149253732,1.1014492753623188,YGR151C,non_ess,non_ess
0.0722543352601156,0.01901633676203648,0.027027027027027032,0.0913363302002452,0.017972681524083392,0.547548293395658,1.150649904112508,0.1588785046728972,0.973568281938326,YHR018C,non_ess,non_ess
0.13005780346820808,0.029648197769902324,0.027027027027027032,0.2811606048222313,0.01077070368597415,0.20930097162744365,0.7314507904130546,0.09502154140737194,0.6098310291858678,YBR115C,non_ess,non_ess
0.06069364161849713,0.01037254732474717,0.027027027027027032,0.17756436452799348,0.007903650733910425,0.2649909112020436,0.7767594108019641,0.2965750846819721,1.244865718799368,YOR058C,non_ess,non_ess
0.14161849710982655,0.024461924107528742,0.0,0.23007764609726197,0.014294049008168028,0.37392492858005066,0.8448275862068965,0.0910151691948658,0.5611510791366907,YER129W,non_ess,non_ess
0.11271676300578035,0.04728152822197251,0.027027027027027032,0.1068655496526359,0.024088943792464484,0.7421783674240298,1.1280991735537191,0.17541692402717726,0.5831622176591376,YBR078W,non_ess,non_ess
0.09826589595375723,0.0174604546633244,0.027027027027027032,0.09889660809154067,0.022636484687083888,0.9433508944595612,1.2034559643255296,0.23235685752330226,1.1711409395973154,YFR021W,non_ess,non_ess
0.011560693641618495,0.0012965684155933962,0.2702702702702703,0.02595014303228444,0.009280742459396751,0.2660688530758136,0.6216216216216216,0.7424593967517401,1.7777777777777777,YPR017C,non_ess,non_ess
0.09248554913294796,0.02160947359322327,0.16216216216216214,0.04699632202697181,0.04324324324324325,1.5944001555512348,0.9906256812731632,0.1581081081081081,1.125,YNL024C,non_ess,non_ess
0.008670520231213872,0.0007779410493560378,0.0,0.005516959542296689,0.022900763358778626,0.9428411841370322,0.6128048780487806,0.6412213740458015,1.8666666666666665,YDL159W-A,non_ess,non_ess
0.031791907514450865,0.004926959979254904,0.054054054054054064,0.09337964854924398,0.0077410274454609435,0.2897944210699687,0.4856382978723404,0.17874736101337085,1.1091703056768558,YDR105C,non_ess,non_ess
0.008670520231213872,0.0005186273662373584,0.0,0.03044544340008173,0.0060362173038229355,0.27350897839869404,0.9339622641509432,1.0,1.0,YDR418W,non_ess,non_ess
0.07803468208092486,0.011928429423459244,0.1891891891891892,0.08663669799754803,0.02042360060514372,0.4332304177344161,0.6681122448979591,0.15809379727685324,1.0245098039215683,YCL029C,non_ess,non_ess
0.03757225433526011,0.011755553634713456,0.054054054054054064,0.12545974662852474,0.006871035940803382,0.17984382459251175,0.8023655913978495,0.2124735729386892,1.381443298969072,YKL062W,non_ess,non_ess
0.01445086705202312,0.0018151957818307548,0.054054054054054064,0.03003677973028198,0.010183299389002035,0.1952283968577248,0.5214285714285715,0.615071283095723,1.023728813559322,YPR188C,non_ess,non_ess
0.05202312138728323,0.017114703085832832,0.054054054054054064,0.04842664487127095,0.02365308804204994,0.6501566764378854,1.5384615384615388,0.21287779237844945,0.7641509433962266,YKL207W,non_ess,non_ess
0.011560693641618495,0.002506698936813899,0.0,0.0063342868818962,0.02797202797202797,0.7222570532915358,3.2137931034482765,0.4755244755244755,0.5619834710743802,YMR247W-A,non_ess,non_ess
0.03468208092485549,0.0037168294580344026,0.054054054054054064,0.09154066203514508,0.00860832137733142,0.29369567052071904,0.8382352941176471,0.27259684361549497,1.2582781456953642,YOR123C,non_ess,non_ess
0.0,0.0,0.0,0.0860237024928484,0.0,0.0,0.0,1.0,2.4867424242424243,YBR143C,ess,ess
0.0057803468208092465,0.0003457515774915723,0.054054054054054064,0.05455659991826727,0.002350176263219741,0.12781970208459276,0.07304256437204415,0.5875440658049353,3.5460992907801416,YNL055C,non_ess,non_ess
0.031791907514450865,0.002420261042441006,0.054054054054054064,0.09092766653044546,0.007942238267148016,0.1918213101948614,0.32163742690058483,0.2743682310469314,0.9405940594059408,YPL201C,non_ess,non_ess
0.008670520231213872,0.0014694442043391822,0.054054054054054064,0.04120692003814195,0.004580152671755725,0.10495781438328647,0.4605263157894737,0.4015267175572519,1.413978494623656,YDR500C,non_ess,non_ess
0.01445086705202312,0.003976143141153081,0.0,0.02595014303228444,0.011600928074245941,0.4231522987858446,0.5582524271844661,0.4733178654292343,0.7285714285714285,YOL165C,non_ess,non_ess
0.05491329479768786,0.015558820987120752,0.027027027027027032,0.030241111565181864,0.038461538461538464,0.655185610409491,1.8019278606965168,0.1659919028340081,0.5157232704402517,YIL057C,non_ess,non_ess
0.06069364161849713,0.011928429423459244,0.10810810810810813,0.08908868001634655,0.015463917525773196,0.3954896907216495,1.547,0.18483063328424154,0.8019169329073482,YNL074C,non_ess,non_ess
0.0,0.0,0.0,0.048630976706170816,0.0,0.0,0.0,1.0,1.5098814229249011,YFL045C,ess,ess
0.0028901734104046237,0.00017287578874578615,0.0,0.029219452390682483,0.0020876826722338203,0.0804521615153521,0.06585365853658535,0.534446764091858,2.6391752577319587,YFL017C,ess,ess
0.01445086705202312,0.0042354568242717605,0.0,0.02595014303228444,0.011600928074245941,0.3709707490884985,0.5707908163265306,0.5220417633410673,0.5220417633410673,YER046W,non_ess,non_ess
0.0953757225433526,0.03319215143919094,0.0,0.05006129955046997,0.04203821656050955,1.593027153871941,1.4654605263157894,0.22038216560509555,0.8009259259259259,YNL195C,non_ess,non_ess
0.10404624277456646,0.029388884086783643,0.0,0.13731099305271766,0.017424975798644726,0.33394371289611496,0.7048192771084338,0.13746369796708616,0.7654986522911049,YJR110W,non_ess,non_ess
0.03468208092485549,0.01754689255769729,0.0,0.11667347772783,0.006806579693703914,0.2205593612286749,1.8269230769230769,0.4316505955757232,1.156534954407295,YOR308C,non_ess,non_ess
0.0953757225433526,0.021004408332613016,0.027027027027027032,0.07478545157335513,0.02874564459930314,0.5562830167472181,0.8959417273673257,0.12369337979094075,1.0364963503649631,YAL060W,non_ess,non_ess
0.0057803468208092465,0.001210130521220503,0.0,0.017572537801389457,0.006493506493506494,0.13104304072890466,1.5392670157068065,0.5454545454545454,0.5833333333333333,YMR316C-B,non_ess,non_ess
0.046242774566473986,0.015991010458985218,0.21621621621621626,0.008173273395995098,0.09411764705882353,2.2620275344180225,1.7021276595744683,0.6823529411764706,2.5217391304347827,YPR074W-A,non_ess,non_ess
0.011560693641618495,0.005445587345492263,0.027027027027027032,0.09624029423784226,0.002734107997265892,0.08385246519728633,0.6334519572953736,0.4545454545454545,0.7059447983014862,YOR009W,non_ess,non_ess
0.04046242774566474,0.00561846313423805,0.0,0.12893338782182265,0.007205352547606794,0.31249613998970666,1.1523076923076925,0.3993823983530623,1.173978819969743,YNL167C,non_ess,non_ess
0.03468208092485549,0.006655717866712767,0.16216216216216214,0.03882304863097672,0.01935483870967742,0.4244801047977729,1.199238578680203,0.2306451612903226,0.5674603174603176,YKL065C,non_ess,non_ess
0.04046242774566474,0.02696862304434264,0.054054054054054064,0.020841847159787496,0.03932584269662921,1.4153942187650053,2.393162393162393,0.26685393258426965,1.0674157303370786,YDL162C,non_ess,non_ess
0.05780346820809248,0.01045898521912006,0.08108108108108109,0.032080098079280764,0.03838771593090212,0.531080447957441,1.1023622047244095,0.18234165067178504,0.5688622754491018,YPR149W,non_ess,non_ess
0.026011560693641616,0.0042354568242717605,0.0,0.0976706170821414,0.006064690026954178,0.19388740947617966,0.6822289156626505,0.7998652291105122,3.0751295336787567,YGR091W,ess,non_ess
0.0028901734104046237,8.643789437289306e-05,0.0,0.13281569268492033,0.0005,0.015169683257918553,0.13273001508295626,0.9570000000000001,1.842155919153032,YJL010C,ess,ess
0.1329479768786127,0.05774051344109257,0.16216216216216214,0.02451982018798529,0.11219512195121953,2.3565555002488803,1.3529411764705883,0.1,0.9111111111111112,YKL097C,non_ess,non_ess
0.08092485549132948,0.020658656755121445,0.027027027027027032,0.1230077646097262,0.015086206896551725,0.33736530172413803,0.8458333333333333,0.21767241379310345,1.4027777777777777,YJL103C,non_ess,non_ess
0.049132947976878616,0.007433658916068805,0.08108108108108109,0.04270535349407438,0.025110782865583457,0.6616399299233967,0.7906976744186047,0.16395864106351551,0.9327731092436976,YDR304C,non_ess,non_ess
0.1791907514450867,0.1912870602472124,0.2432432432432433,0.032897425418880265,0.11632270168855535,4.305822206840441,0.9520908687099436,0.09193245778611632,1.0425531914893615,YMR042W,non_ess,non_ess
0.011560693641618495,0.0009508168381018238,0.0,0.0860237024928484,0.0030464584920030465,0.11560999114040132,0.3893249607535321,0.69002284843869,3.3431734317343174,YOR259C,ess,ess
0.049132947976878616,0.008470913648543521,0.10810810810810813,0.14078463424601553,0.00803023145961266,0.15304676428908834,0.8888888888888891,0.3764761454888994,1.0337224383916992,YMR186W,non_ess,non_ess
0.10404624277456646,0.02610424410061371,0.054054054054054064,0.1920719248058848,0.012543554006968641,0.3007208939084465,0.7993730407523509,0.3979094076655052,1.059369202226345,YEL043W,non_ess,non_ess
0.017341040462427744,0.0019880715705765406,0.0,0.20004086636698,0.0020087043856712424,0.09236285586450944,0.5467289719626168,0.5969199866086374,2.8528,YDL031W,ess,ess
0.023121387283237,0.003111764197424151,0.027027027027027032,0.05149162239476912,0.009925558312655087,0.20326276331767068,0.5067698259187622,0.4267990074441687,1.5288888888888887,YPR009W,non_ess,non_ess
0.40462427745664736,0.17045552770334513,0.027027027027027032,0.07437678790355537,0.12259194395796848,2.64281125416927,1.3272548308553074,0.11120840630472854,0.9548872180451128,YGL126W,non_ess,non_ess
0.2167630057803468,0.319301581813467,0.4594594594594595,0.02881078872088272,0.15856236786469344,3.107822410147991,1.2913043478260866,0.08456659619450317,1.0,YCR006C,non_ess,non_ess
0.046242774566473986,0.015040193620883397,0.08108108108108109,0.2760523089497344,0.0038995856690226655,0.07814863835707396,0.4605021432945498,0.4906166219839142,1.219261053906723,YIR019C,non_ess,non_ess
0.12427745664739885,0.03405653038291987,0.054054054054054064,0.11360850020433184,0.025029103608847497,0.6097837840077224,1.0891773079338498,1.0,6.955465587044535,YGR124W,non_ess,non_ess
0.03468208092485549,0.007779410493560376,0.054054054054054064,0.015937883122190438,0.04225352112676056,1.5694435672329945,0.5304292120435617,1.0,1.0,YPR160C-A,non_ess,non_ess
0.05780346820809248,0.008038724176679056,0.0,0.08786268900694727,0.01492537313432836,0.3111323083828976,0.7669172932330829,0.13656716417910447,0.8394495412844037,YFR014C,non_ess,non_ess
0.011560693641618495,0.0028524505143054713,0.5675675675675675,0.033714752758479766,0.007339449541284405,0.182853527364758,0.3486590038314176,0.4678899082568808,0.9444444444444444,YPR046W,non_ess,non_ess
0.02023121387283237,0.0067421557610856594,0.0,0.029219452390682483,0.014613778705636744,0.5718790603968057,0.5785123966942148,0.4237995824634656,1.0972972972972972,YHR126C,non_ess,non_ess
0.07514450867052022,0.01322499783905264,0.13513513513513514,0.052104617899468735,0.03190184049079755,0.6328387463493993,1.0521831735889244,1.0,7.212389380530973,YKR043C,non_ess,non_ess
0.08959537572254335,0.02238741464257931,0.10810810810810813,0.058983789674431276,0.03384279475982533,0.6534660737417038,0.8496998527579568,0.1331877729257642,1.0517241379310347,YDL137W,non_ess,non_ess
0.0,0.0,0.0,0.031671434409481,0.0,0.0,0.0,1.0,1.7109634551495014,YKL013C,ess,ess
0.0,0.0,0.0,0.018594196975888846,0.0,0.0,0.988154761904762,1.0,1.0,YIR023C-A,non_ess,non_ess
0.10693641618497107,0.0224738525369522,0.054054054054054064,0.1456885982836126,0.016902695294655094,0.5717445034027949,1.1787101787101788,0.13704888076747376,0.7712082262210797,YGL203C,non_ess,non_ess
0.0722543352601156,0.011755553634713456,0.13513513513513514,0.19288925214548427,0.008674531575294934,0.15932589007282216,0.596745027124774,0.2772380291464261,1.7072649572649572,YMR086W,non_ess,non_ess
0.06358381502890173,0.013052122050306857,0.027027027027027032,0.09664895790764202,0.014976174268209666,0.6046630360789652,0.6329365079365078,0.15180394826412524,1.2054054054054053,YDL238C,non_ess,non_ess
0.04046242774566474,0.005445587345492263,0.2702702702702703,0.04781364936657132,0.018617021276595744,0.3773245099681689,1.9291338582677169,0.18085106382978725,0.5112781954887218,YCR076C,non_ess,non_ess
0.03468208092485549,0.00561846313423805,0.08108108108108109,0.08316305680425011,0.00944138473642801,0.3492568936357385,0.7307086614173227,0.3013375295043273,1.4507575757575757,YDR218C,non_ess,non_ess
0.10693641618497107,0.03734117036908981,0.13513513513513514,0.16387413158970168,0.01506514657980456,0.5650096566832896,1.1343236409608093,0.10993485342019543,0.8132530120481927,YJR059W,non_ess,non_ess
0.07514450867052022,0.013657187310917106,0.027027027027027032,0.0968532897425419,0.017663043478260868,0.9520871074879226,0.9569444444444444,0.15828804347826084,0.6619318181818181,YIL088C,non_ess,non_ess
0.0953757225433526,0.14590716570144352,0.2432432432432433,0.02227217000408664,0.08753315649867374,1.677718832891247,1.0150842945874003,0.2917771883289125,1.0679611650485437,YGL007W,non_ess,non_ess
0.026011560693641616,0.003284639986169937,0.1891891891891892,0.024315488353085408,0.022113022113022112,0.4033783783783784,1.8,0.24815724815724816,0.5804597701149425,YDR519W,non_ess,non_ess
0.09826589595375723,0.02160947359322327,0.027027027027027032,0.2611360850020433,0.008753861997940269,0.3110322818527419,0.9057829759584148,0.19618949536560248,2.134453781512605,YOL075C,non_ess,non_ess
0.0057803468208092465,0.0010372547324747168,0.0,0.15345320800980794,0.0008684324793747286,0.04072822468487858,0.2106280193236715,0.5345201910551455,2.381044487427466,YNL247W,ess,ess
0.023121387283237,0.0025931368311867924,0.0,0.1620351450756028,0.003293536434746809,0.12909371241291906,0.3050108932461873,0.3046521202140799,2.578397212543554,YER125W,ess,ess
0.011560693641618495,0.005791338922983836,0.054054054054054064,0.007968941561095219,0.023952095808383242,0.8569101796407187,0.6752000000000001,0.6287425149700598,1.3636363636363635,YOR381W-A,non_ess,non_ess
0.008670520231213872,0.007433658916068805,0.027027027027027032,0.01961585615038824,0.008875739644970414,0.4692906898359674,0.5506329113924051,1.0,1.0,YKL177W,non_ess,non_ess
0.21098265895953755,0.0648284207796698,0.1891891891891892,0.18859828361258685,0.02589570769776517,0.8225782680155435,0.9972013060571736,0.0535650940049663,0.5763358778625954,YHL007C,non_ess,non_ess
0.049132947976878616,0.015299507304002076,0.3783783783783784,0.043114017163874134,0.02489019033674964,0.40968247630033866,0.5035936285936286,0.18594436310395315,1.1651376146788992,YJL158C,non_ess,non_ess
0.0057803468208092465,0.0015558820987120756,0.0,0.08357172047404986,0.0015661707126076742,0.0442443226311668,0.17224880382775118,0.913077525450274,2.480851063829787,YNL207W,ess,ess
0.02023121387283237,0.005272711556746477,0.08108108108108109,0.013485901103391913,0.028225806451612906,0.6893394165274387,1.464143426294821,0.3064516129032258,0.8085106382978724,YDL022C-A,non_ess,non_ess
0.05491329479768786,0.013570749416544212,0.0,0.10502656313853698,0.01193467336683417,0.5369011725293132,1.413333333333333,0.22738693467336685,1.4655870445344132,YLR313C,non_ess,non_ess
0.1791907514450867,0.11530815109343935,0.16216216216216214,0.02165917449938701,0.16847826086956522,3.4142289174204845,1.4282604752403412,0.08152173913043477,0.6976744186046512,YBL044W,non_ess,non_ess
0.0,0.0,0.027027027027027032,0.05203650728783545,0.0,0.0,0.0,1.0,1.1448663853727146,YKL006W,non_ess,non_ess
0.02023121387283237,0.003025326303051257,0.054054054054054064,0.022476501838986515,0.018421052631578942,0.5097843728263389,1.4262114537444932,0.8605263157894737,0.9561403508771932,YKL123W,non_ess,non_ess
0.03757225433526011,0.006137090500475408,0.10810810810810813,0.02697180220678382,0.02914798206278027,2.016157896902127,0.7436589314624933,0.31390134529147984,0.31390134529147984,YER137C,non_ess,non_ess
0.0838150289017341,0.0337107788054283,0.054054054054054064,0.059460563955864326,0.0314192849404117,0.6847521313417816,1.4825842696629212,0.17009750812567714,0.6624472573839663,YNL072W,non_ess,non_ess
0.031791907514450865,0.0050998357680006896,0.027027027027027032,0.12382509194932573,0.005888650963597432,0.10280081097088706,0.3984295845997974,0.4004282655246253,1.040333796940195,YNR006W,non_ess,non_ess
0.08670520231213873,0.021523035698850376,0.0,0.10175725378013896,0.019430051813471502,0.6578210334687019,1.2412412412412412,0.12953367875647667,0.7518796992481203,YKL103C,non_ess,non_ess
0.09826589595375723,0.0761517849425188,0.5405405405405406,0.011646914589293013,0.15384615384615385,2.667917448405253,1.1732261640798227,0.14027149321266968,0.9117647058823528,YJL156W-A,non_ess,non_ess
0.049132947976878616,0.006482842077966981,0.10810810810810813,0.15937883122190438,0.00711297071129707,0.1612273361227336,0.5271317829457364,0.37489539748953976,3.3684210526315788,YCR077C,non_ess,non_ess
0.017341040462427744,0.002420261042441006,0.0,0.049856967715570084,0.007672634271099744,0.26218487394957984,0.4171428571428572,0.3375959079283887,0.9814126394052044,YPL163C,non_ess,non_ess
0.10693641618497107,0.032154896706716216,0.08108108108108109,0.09174499387004496,0.02648532569792412,0.5702726457236573,1.2879746835443036,0.16893342877594847,0.7788778877887789,YGL184C,non_ess,non_ess
0.01445086705202312,0.0012965684155933962,0.0,0.020228851655087858,0.01440922190201729,0.4502573955023522,1.531339031339031,1.0,1.0,YEL053W-A,non_ess,non_ess
0.046242774566473986,0.004062581035525975,0.10810810810810813,0.06007355946056396,0.017167381974248927,0.3752897369562291,1.1450013401232912,0.2424892703862661,0.6366197183098592,YKL091C,non_ess,non_ess
0.01445086705202312,0.0015558820987120756,0.054054054054054064,0.0425691322708078,0.007407407407407408,0.2569393569393569,0.463598901098901,0.4192592592592593,1.8496732026143792,YPR028W,non_ess,non_ess
0.031791907514450865,0.006482842077966981,0.054054054054054064,0.023906824683285657,0.027431421446384042,0.5966009147746746,1.675693974272173,0.22443890274314213,1.0975609756097562,YDR511W,non_ess,non_ess
0.0057803468208092465,0.0002593136831186792,0.0,0.0670208418471598,0.0019342359767891683,0.06663814908495759,0.20192307692307693,0.8239845261121856,1.6904761904761905,YKR081C,ess,ess
0.008670520231213872,0.0003457515774915723,0.027027027027027032,0.039844707805476096,0.004724409448818898,0.14296159408645348,0.5265306122448979,0.4881889763779528,1.3537117903930131,YBR201W,non_ess,non_ess
0.0057803468208092465,0.0008643789437289308,0.08108108108108109,0.009603596240294238,0.010471204188481676,0.2913157295697701,0.4619565217391304,0.774869109947644,1.608695652173913,YLR402W,non_ess,non_ess
0.023121387283237,0.0016423199930849686,0.08108108108108109,0.07008581937065796,0.007414272474513438,0.2165956132221193,0.4078431372549021,0.5199258572752549,2.157692307692308,YJR139C,non_ess,non_ess
0.0028901734104046237,0.0004321894718644654,0.054054054054054064,0.029219452390682483,0.0020876826722338203,0.043141037499009,0.10849909584086798,1.0,1.0,YDL172C,non_ess,non_ess
0.15028901734104044,0.06543348604028006,0.13513513513513514,0.05169595422966899,0.06427688504326329,1.8215158210291689,1.42169728783902,0.14585908529048208,0.14585908529048208,YLR059C,non_ess,non_ess
0.01445086705202312,0.002420261042441006,0.13513513513513514,0.02574581119738456,0.011682242990654205,0.3072075899178703,0.6856060606060606,0.3668224299065421,1.585858585858586,YBR258C,non_ess,non_ess
0.10115606936416184,0.02195522517071484,0.054054054054054064,0.17633837351859422,0.013262599469496022,0.31082548555355777,0.9308973402933136,0.07919666540356196,0.4771689497716896,YNL325C,non_ess,non_ess
0.13005780346820808,0.020658656755121445,0.13513513513513514,0.2458111973845525,0.012298442197321673,0.3853311913824249,1.1957637997432606,0.11369226564635145,0.8507157464212679,YMR109W,non_ess,non_ess
0.01445086705202312,0.005013397873627798,0.0,0.046791990192071926,0.0067842605156038,0.2047749221805412,0.4816176470588236,0.7082767978290366,2.0551181102362204,YPL027W,non_ess,non_ess
0.1213872832369942,0.03016682513613968,0.054054054054054064,0.08295872496935024,0.033123028391167195,0.9565119423163588,1.0476190476190477,1.0,8.684931506849315,YLR213C,non_ess,non_ess
0.08670520231213873,0.01849770939579912,0.027027027027027032,0.10890886800163466,0.018192844147968467,0.4123892905517044,0.9078272027373824,0.1722255912674348,1.4489795918367347,YPL179W,non_ess,non_ess
0.026011560693641616,0.00760653470481459,0.3783783783783784,0.060277891295463834,0.009625668449197863,0.19600685483038427,0.423938223938224,0.4149732620320856,1.8301886792452835,YML050W,non_ess,non_ess
0.04046242774566474,0.006828593655458553,0.10810810810810813,0.11381283203923173,0.008134805345729227,0.24893502493556674,0.4746528898934452,0.2306798373038931,1.4924812030075187,YOL027C,non_ess,non_ess
0.01445086705202312,0.004667646296136226,0.054054054054054064,0.017572537801389457,0.016233766233766232,0.3625792811839323,0.8720930232558141,0.3084415584415585,0.7089552238805971,YNL300W,non_ess,non_ess
0.026011560693641616,0.0044083326130175465,0.16216216216216214,0.0995096035962403,0.005956320317670417,0.2649097872432761,0.6744730679156908,0.6446062210456651,2.6906077348066297,YGL017W,non_ess,non_ess
0.0057803468208092465,0.0006915031549831446,0.054054054054054064,0.01941152431548836,0.005970149253731343,0.221438263229308,2.227272727272727,0.582089552238806,0.9798994974874372,YKL137W,non_ess,non_ess
0.0838150289017341,0.017633330452070186,0.40540540540540543,0.12729873314262366,0.015112037519541427,0.2839174048983846,1.192434210526316,0.2006253256904638,1.2183544303797469,YJR130C,non_ess,non_ess
0.0028901734104046237,8.643789437289306e-05,0.40540540540540543,0.014916223947691053,0.0037174721189591076,0.3077810537110627,0.3160919540229885,0.7026022304832714,0.8111587982832619,YDR363W-A,non_ess,non_ess
0.05202312138728323,0.009940357852882704,0.0,0.10706988148753577,0.011097410604192354,0.34476786877069504,1.1268057784911716,0.4506781750924784,0.9371794871794872,YNL318C,non_ess,non_ess
0.011560693641618495,0.0044083326130175465,0.08108108108108109,0.06129955046996322,0.0042105263157894745,0.16228204098031335,0.3572519083969465,0.8010526315789473,2.68904593639576,YGL212W,non_ess,non_ess
0.07803468208092486,0.02411617253003717,0.21621621621621626,0.08214139762975071,0.021496815286624203,0.4834961675483105,0.9953389830508474,0.2754777070063694,1.226950354609929,YKL008C,non_ess,non_ess
0.06936416184971098,0.021523035698850376,0.027027027027027032,0.059460563955864326,0.02600216684723727,0.4475209297744509,1.2160000000000002,0.2383531960996749,1.0185185185185186,YDL119C,non_ess,non_ess
0.0028901734104046237,0.0002593136831186792,0.0,0.06470508105162785,0.001,0.02483333333333334,0.18130081300813009,0.545,1.1978021978021978,YBR189W,non_ess,non_ess
0.0722543352601156,0.013916500994035784,0.0,0.1185124642419289,0.013966480446927372,0.4806316081074842,1.434127369956247,0.1441340782122905,0.6323529411764705,YDR144C,non_ess,non_ess
0.026011560693641616,0.0015558820987120756,0.054054054054054064,0.12219043727012667,0.004880694143167028,0.0857426111713666,0.4315257352941177,0.3438177874186551,1.7660167130919218,YGR138C,non_ess,non_ess
0.01445086705202312,0.0025931368311867924,0.054054054054054064,0.003064977523498161,0.05263157894736842,1.9452461799660439,5.080645161290323,0.4105263157894737,0.43333333333333335,YOL038C-A,non_ess,non_ess
0.1936416184971098,0.12550782262944074,0.16216216216216214,0.02063751532488762,0.18980169971671387,6.7535178563135645,1.9150903741067675,0.9575070821529744,1.0119760479041915,YIL100W,non_ess,non_ess
0.02023121387283237,0.004667646296136226,0.10810810810810813,0.2868818961994279,0.0016424213984045054,0.03778937900829032,0.38377192982456143,0.6152041295166588,2.8376623376623376,YMR259C,non_ess,non_ess
0.06358381502890173,0.007779410493560376,0.32432432432432434,0.17592970984879447,0.008355488036460312,0.2259463223192809,0.4265046296296296,0.28826433725788075,2.181034482758621,YDR186C,non_ess,non_ess
0.017341040462427744,0.0007779410493560378,0.0,0.09337964854924398,0.00422237860661506,0.1132711705371804,0.4131944444444444,0.4152005629838142,1.586021505376344,YLR212C,ess,ess
0.017341040462427744,0.0025931368311867924,0.0,0.13445034736411934,0.0029644268774703555,0.10040461211029772,0.6781065088757395,0.2460474308300395,0.6327827191867853,YDR295C,non_ess,non_ess
0.03468208092485549,0.003976143141153081,0.0,0.10257458111973848,0.007712082262210797,0.3344702079462445,0.4167025398191993,0.2152956298200514,1.139455782312925,YCR098C,non_ess,non_ess
0.031791907514450865,0.010113233641628493,0.5945945945945946,0.020433183489987745,0.03142857142857143,0.931103368176539,1.1228545618789525,0.36,0.9767441860465116,YJL067W,non_ess,non_ess
0.2427745664739885,0.04442907770766704,0.0,0.6391499795668166,0.008903964384142463,0.2677310790756837,0.7549999999999999,0.07865168539325842,0.8648018648018648,YLL040C,non_ess,non_ess
0.008670520231213872,0.0009508168381018238,0.0,0.021250510829587253,0.008287292817679558,0.3505290315855311,1.910377358490566,0.511049723756906,0.6776556776556776,YLR461W,non_ess,non_ess
0.05491329479768786,0.0087302273316622,0.10810810810810813,0.05803024111156519,0.02106430155210643,0.637790417429866,1.3852842809364547,0.3203991130820399,0.8865030674846626,YLR146C,non_ess,non_ess
0.02890173410404624,0.012533494684069495,0.35135135135135137,0.034327748263179414,0.018050541516245487,0.4439691409920379,0.7465753424657534,0.4530685920577617,1.7801418439716312,YOL129W,non_ess,non_ess
0.049132947976878616,0.006655717866712767,0.027027027027027032,0.11503882304863099,0.0097757331799885,0.25936005277915225,0.5930232558139535,0.12593444508338125,0.7711267605633803,YKL124W,non_ess,non_ess
0.07803468208092486,0.013916500994035784,0.027027027027027032,0.18144666939109114,0.009948415622697123,0.4256800938275193,0.8873239436619718,0.13006632277081798,0.4923291492329149,YDR409W,non_ess,non_ess
0.0,0.0,0.0,0.05986922762566409,0.0,0.0,0.0,1.0,1.9516806722689084,YNL312W,ess,ess
0.017341040462427744,0.0012965684155933962,0.0,0.04454434000817328,0.008522727272727272,0.17475895316804407,0.28030303030303033,0.40625,2.75,YLR250W,non_ess,non_ess
0.023121387283237,0.006223528394848302,0.054054054054054064,0.05006129955046997,0.01019108280254777,0.18313375796178344,0.3733333333333334,0.28152866242038216,1.5454545454545454,YJR011C,non_ess,non_ess
0.08670520231213873,0.008298037859797734,0.1891891891891892,0.13281569268492033,0.015,0.3815254237288136,0.9193631227529532,0.1315,0.8117283950617284,YBR260C,non_ess,non_ess
0.0,0.0,0.0,0.03964037597057622,0.0,0.0,0.8999007936507938,1.0,1.0,YCR039C,non_ess,non_ess
0.03468208092485549,0.01659607571959547,0.027027027027027032,0.10993052717613404,0.007211538461538463,0.15005244755244754,0.7231168831168832,0.2331730769230769,1.2435897435897436,YMR036C,non_ess,non_ess
0.026011560693641616,0.0067421557610856594,0.16216216216216214,0.055782590927666534,0.010356731875719215,0.15185447463928475,0.4679487179487179,0.3084004602991945,1.7516339869281046,YFR032C,non_ess,non_ess
0.0028901734104046237,8.643789437289306e-05,0.0,0.02370249284838578,0.002512562814070352,0.08563798011034192,0.2255244755244755,0.6984924623115578,1.7375,YIL028W,non_ess,non_ess
0.0028901734104046237,0.0008643789437289308,0.027027027027027032,0.039844707805476096,0.0015748031496062992,0.034226568453136916,0.16612903225806455,0.6173228346456693,1.3066666666666666,YMR182C,non_ess,non_ess
0.0028901734104046237,0.00017287578874578615,0.0,0.021250510829587253,0.0027624309392265192,0.09325340320100244,0.15876288659793816,0.8342541436464088,1.5175879396984924,YGL029W,non_ess,non_ess
0.046242774566473986,0.010804736796611637,0.0,0.01736820596648958,0.052459016393442616,1.4688524590163936,0.8913403199117486,0.3606557377049181,2.0,YEL014C,non_ess,non_ess
0.08959537572254335,0.023943296741291385,0.08108108108108109,0.1773600326930936,0.011680482290881688,0.5108820468654681,1.2609126984126984,0.2422758100979653,0.7737665463297233,YLR318W,non_ess,non_ess
0.02023121387283237,0.003976143141153081,0.027027027027027032,0.0905190028606457,0.005076142131979695,0.1350567391176528,0.43629343629343625,0.4010152284263959,1.6360946745562128,YGL219C,non_ess,non_ess
0.02890173410404624,0.006309966289221194,0.0,0.015937883122190438,0.035211267605633804,0.5818332454620773,1.111535523300229,0.3028169014084507,0.5695364238410596,YIL058W,non_ess,non_ess
0.12427745664739885,0.02256029043132509,0.10810810810810813,0.1213731099305272,0.023471615720524017,0.6310511540860886,0.9614906832298138,0.22161572052401746,1.015,YCR048W,non_ess,non_ess
0.10404624277456646,0.036303915636615086,0.40540540540540543,0.08970167552104619,0.026335040234089245,0.7624359912216532,1.6249999999999998,0.1485003657644477,0.9485981308411214,YMR135C,non_ess,non_ess
0.008670520231213872,0.00112369262684761,0.027027027027027032,0.02513281569268493,0.0071599045346062064,0.132513737026142,0.4558139534883722,0.3723150357995227,0.5631768953068592,YNR022C,non_ess,non_ess
0.05202312138728323,0.00959460627539113,0.08108108108108109,0.05762157744176542,0.02008928571428572,0.6379076086956522,0.942857142857143,0.4006696428571429,1.1966666666666668,YAR031W,non_ess,non_ess
0.01445086705202312,0.0010372547324747168,0.0,0.12259910093992644,0.0027027027027027037,0.07183738360208948,0.34138655462184875,0.7297297297297297,1.5219842164599775,YGL142C,ess,ess
0.049132947976878616,0.009335292592272452,0.0,0.09256232120964447,0.0120652945351313,0.34455033965324955,0.5724489795918368,0.2704045422285309,1.6493506493506491,YLR058C,non_ess,non_ess
0.031791907514450865,0.005964214711729622,0.054054054054054064,0.061708214139762976,0.011506276150627616,0.4405260011954573,0.5318681318681321,0.252092050209205,1.1314553990610328,YER099C,non_ess,non_ess
0.0057803468208092465,0.0002593136831186792,0.0,0.03187576624438088,0.003861003861003861,0.0966132472981788,0.182648401826484,0.6583011583011583,1.1964912280701754,YGL058W,non_ess,non_ess
0.12427745664739885,0.06145734289912697,0.16216216216216214,0.07764609726195341,0.036134453781512615,0.9179419136075484,1.0149920255183416,0.1495798319327731,1.0,YOL052C,non_ess,non_ess
0.09826589595375723,0.02160947359322327,0.08108108108108109,0.04577033101757255,0.047091412742382266,1.0176184746821866,1.363782755087103,0.1260387811634349,0.5055555555555555,YLR326W,non_ess,non_ess
0.017341040462427744,0.004840522084882012,0.0,0.3132407029015121,0.0012906001290600136,0.15128078034546935,1.7391304347826089,0.98472789847279,0.98472789847279,YJL222W,non_ess,non_ess
0.02890173410404624,0.0019880715705765406,0.0,0.1894156109521864,0.0035323207347227135,0.12538705765945535,0.4473684210526316,0.4874602613917344,2.664092664092664,YLR129W,ess,ess
0.0,0.0,0.0,0.0570085819370658,0.0,0.0,0.0,1.0,1.3044117647058822,YHR088W,ess,ess
0.03468208092485549,0.01486731783213761,0.027027027027027032,0.046791990192071926,0.016282225237449117,0.4472111188529099,0.5733590733590733,0.3649932157394844,1.1594827586206895,YOL028C,non_ess,non_ess
0.02023121387283237,0.005445587345492263,0.027027027027027032,0.0190028606456886,0.02127659574468085,0.9094900371496116,0.5050505050505051,0.243161094224924,1.0526315789473684,YFL014W,non_ess,non_ess
0.023121387283237,0.0042354568242717605,0.027027027027027032,0.03391908459337965,0.0145985401459854,0.4774939172749392,0.7259259259259259,1.0,3.3012048192771077,YHR157W,non_ess,non_ess
0.2283236994219653,0.04650358717261648,0.027027027027027032,0.3124233755619125,0.01703687729135217,0.4729064454388613,0.8554687500000001,0.0914384300194091,1.3993399339933994,YML072C,non_ess,non_ess
0.0,0.0,0.027027027027027032,0.020024519820187988,0.0,0.0,0.4166732128829537,1.0,1.0,YLR200W,non_ess,non_ess
0.0953757225433526,0.025412740945630563,0.21621621621621626,0.1446669391091132,0.015179392824287031,0.4786473961602284,1.3399935546245572,0.18261269549218032,0.8881431767337808,YDR205W,non_ess,non_ess
0.0057803468208092465,0.001210130521220503,0.0,0.05741724560686556,0.0022396416573348264,0.0619671706798269,0.25699928212491024,0.6606942889137738,2.107142857142857,YPL131W,ess,ess
0.03468208092485549,0.007260783127323019,0.08108108108108109,0.029628116060482226,0.024742268041237112,0.6579314931825739,1.2983870967741935,0.5463917525773195,1.7549668874172184,YLR050C,non_ess,non_ess
0.046242774566473986,0.006396404183594088,0.0,0.08255006129955048,0.012678288431061807,0.3520507131537242,0.384,0.3232963549920761,2.9352517985611515,YER178W,non_ess,non_ess
0.06936416184971098,0.011323364162848992,0.054054054054054064,0.15079689415610953,0.01060070671378092,0.21110809096674826,0.5315687896333058,0.2049469964664311,0.976842105263158,YPR003C,non_ess,non_ess
0.0953757225433526,0.02956175987552943,0.027027027027027032,0.07192480588475685,0.029837251356238693,2.0231724347841653,1.157178217821782,0.17540687160940324,1.2847682119205297,YGR040W,non_ess,non_ess
0.01445086705202312,0.00112369262684761,0.08108108108108109,0.07008581937065796,0.0046339202965709,0.1885932006413934,0.3117913832199546,0.6784059314179796,2.30188679245283,YGL211W,non_ess,non_ess
0.023121387283237,0.0044083326130175465,0.054054054054054064,0.06981337692412479,0.007441860465116278,0.12358344864527072,0.6466197483471955,0.3925581395348837,2.0485436893203883,YBR084C-A,non_ess,non_ess
0.0057803468208092465,0.0005186273662373584,0.054054054054054064,0.010012259910093994,0.01015228426395939,0.183181049069374,1.3066666666666669,0.8578680203045685,1.0,YPR002C-A,non_ess,non_ess
0.15895953757225434,0.0511712334687527,0.10810810810810813,0.2451982018798529,0.015068493150684932,0.4010129268763265,0.8956866197183098,0.07780821917808219,0.5098743267504489,YBR295W,non_ess,non_ess
0.07514450867052022,0.01236061889532371,0.027027027027027032,0.0913363302002452,0.018691588785046728,0.4651242306815591,0.9965156794425089,0.22645578720345075,0.987460815047022,YCL048W,non_ess,non_ess
0.06936416184971098,0.014694442043391822,0.0,0.10461789946873724,0.015132408575031526,0.2768401596158165,0.7984344422700587,0.13114754098360654,0.65,YER060W,non_ess,non_ess
0.0,0.0,0.027027027027027032,0.0071516142214957095,0.0,0.0,0.0,1.0,1.0,YNL097W-A,non_ess,non_ess
0.02023121387283237,0.0035439536692886157,0.08108108108108109,0.12382509194932573,0.003747323340471092,0.05731531049250535,0.3129411764705882,0.4277301927194861,1.447463768115942,YAL047C,non_ess,non_ess
0.13005780346820808,0.07926354913994295,0.35135135135135137,0.034940743767879034,0.07992895204262877,1.3470692717584372,0.8655172413793104,1.0,5.118181818181818,YIR017C,non_ess,non_ess
0.13583815028901733,0.0987120753738439,0.13513513513513514,0.023293829178586026,0.11989795918367345,2.7013880971382958,1.1500558659217877,0.21428571428571427,1.1666666666666663,YHL005C,non_ess,non_ess
0.1184971098265896,0.025672054628749243,0.1891891891891892,0.1275030649775235,0.02133194588969823,0.3529387932652121,1.0136171337916446,0.0983350676378772,0.63,YIL056W,non_ess,non_ess
0.02023121387283237,0.002160947359322327,0.0,0.20555782590927668,0.002281616688396349,0.059340070393865525,0.1964426877470356,0.5045632333767927,2.3778801843317967,YEL055C,ess,ess
0.0057803468208092465,0.0002593136831186792,0.0,0.0190028606456886,0.0060790273556231,0.16122766698791607,0.4878048780487805,0.7325227963525835,2.738636363636364,YJL179W,non_ess,non_ess
0.01445086705202312,0.002506698936813899,0.0,0.08765835717204741,0.0037397157816005983,0.0972033937920718,0.2105034722222222,0.32161555721765145,1.0411622276029056,YBR279W,non_ess,non_ess
0.0028901734104046237,0.00017287578874578615,0.2702702702702703,0.01675521046178995,0.0033783783783783786,0.1302162162162162,0.1337142857142857,0.9695945945945946,2.474137931034483,YLR361C-A,non_ess,non_ess
0.15606936416184972,0.0498746650531593,0.2972972972972973,0.1791990192071925,0.02014173815740396,0.4791890646598064,0.8457269700332961,0.1051846325997762,0.7139240506329114,YLR092W,non_ess,non_ess
0.0,0.0,0.0,0.009194932570494484,0.0,0.0,0.7773692810457518,1.0,1.0,YHR055C,non_ess,non_ess
0.04335260115606936,0.013570749416544212,0.2702702702702703,0.07621577441765427,0.012831479897348159,0.5597788223258932,0.9512652296157452,0.17621899059024804,0.5936599423631124,YNL035C,non_ess,non_ess
0.06647398843930635,0.012965684155933962,0.10810810810810813,0.17306906416019618,0.00887688151292937,0.2751264238141892,0.7970753205128205,0.1617136240833655,1.0883116883116886,YKR064W,non_ess,non_ess
0.04046242774566474,0.006569279972339874,0.10810810810810813,0.045565999182672665,0.01947148817802504,0.6134445989800649,1.3185185185185184,0.3783031988873435,1.6585365853658536,YJR135C,non_ess,non_ess
0.03757225433526011,0.010545423113492956,0.10810810810810813,0.03677973028197794,0.022033898305084745,0.7124767632586112,1.2199413489736068,0.2644067796610169,1.0469798657718121,YJL030W,non_ess,non_ess
0.011560693641618495,0.0013830063099662892,0.0,0.05762157744176542,0.004464285714285714,0.1447001965923984,1.0091743119266054,0.3984375,1.2352941176470589,YBR040W,non_ess,non_ess
0.05491329479768786,0.016509637825222582,0.10810810810810813,0.0190028606456886,0.05775075987841945,1.1191060712337308,0.6910535117056856,0.30395136778115506,1.075268817204301,YDR525W,non_ess,non_ess
0.1184971098265896,0.027573688304952892,0.13513513513513514,0.1530445443400082,0.017849368741837183,0.7817662915616769,1.1622678396871946,0.1719634305616021,0.9228971962616822,YKR027W,non_ess,non_ess
0.011560693641618495,0.0005186273662373584,0.0,0.05762157744176542,0.004464285714285714,0.12921085464753587,0.2888814242526033,0.6540178571428571,2.078014184397163,YBR160W,ess,ess
0.1676300578034682,0.03656322931973377,0.1891891891891892,0.3220269718022068,0.012138970280452072,0.1896940579646764,0.8268047517514467,0.14650481372959398,0.8985879332477535,YHL035C,non_ess,non_ess
0.0057803468208092465,0.0004321894718644654,0.027027027027027032,0.03555373927257867,0.0034965034965034965,0.12136250845928265,0.5878136200716846,0.5,0.8362573099415205,YGL231C,non_ess,non_ess
0.10693641618497107,0.031722707234851766,0.054054054054054064,0.12627707396812424,0.019432773109243698,0.5663107572574484,1.0277777777777777,0.17857142857142858,1.0303030303030305,YJL045W,non_ess,non_ess
0.011560693641618495,0.0029388884086783643,0.027027027027027032,0.017776869636289334,0.012861736334405145,0.3453772420414197,1.2195892575039493,0.9581993569131833,0.9581993569131833,YDL026W,non_ess,non_ess
0.01445086705202312,0.0013830063099662892,0.0,0.1747037188393952,0.0019120458891013386,0.08703349621131648,0.40895061728395055,0.4944550669216061,1.2106741573033708,YLR166C,ess,ess
0.12427745664739885,0.026536433572478167,0.1891891891891892,0.11898923852336195,0.023928770172509738,0.7091617342034704,0.9595041322314052,0.14635503617139678,1.246445497630332,YDL079C,non_ess,non_ess
0.06358381502890173,0.02472123779064742,0.08108108108108109,0.009807928075194115,0.1134020618556701,3.6096994337156962,1.5389671361502346,0.26804123711340205,1.1304347826086956,YMR175W-A,non_ess,non_ess
0.06069364161849713,0.010631861007865848,0.027027027027027032,0.21107478545157332,0.006668783740870117,0.19047142602348213,0.5811540058115402,0.18259765004763406,1.7164179104477613,YDL077C,non_ess,non_ess
0.10982658959537572,0.04555277033451465,0.0,0.07355946056395588,0.0336283185840708,1.1020990979436536,1.7439613526570048,0.2628318584070796,0.5094339622641509,YBL029W,non_ess,non_ess
0.0057803468208092465,0.0008643789437289308,0.0,0.002656313853698407,0.02247191011235955,0.4408436822393061,1.957894736842105,1.0,1.0,YKL100W-A,non_ess,non_ess
0.10982658959537572,0.024548362001901632,0.0,0.2472415202288517,0.010326086956521737,0.4243624581939799,0.838235294117647,0.12771739130434784,0.8392857142857143,YPR095C,non_ess,non_ess
0.0,0.0,0.0,0.021250510829587253,0.0,0.0,0.0,1.0,3.3831775700934577,YOL005C,ess,ess
0.08670520231213873,0.0337107788054283,0.027027027027027032,0.08643236616264814,0.022744503411675512,0.4996919299386838,0.6070399775170379,0.1326762699014405,0.945945945945946,YOR316C,non_ess,non_ess
0.011560693641618495,0.0050998357680006896,0.0,0.02063751532488762,0.0113314447592068,0.325521503991759,1.220779220779221,1.0,1.0,YOR366W,non_ess,non_ess
0.008670520231213872,0.0017287578874578616,0.0,0.07580711074785453,0.002579535683576957,0.09226999140154772,0.2440909090909091,0.7420464316423044,2.0946601941747574,YOR063W,ess,ess
0.01445086705202312,0.001210130521220503,0.08108108108108109,0.053739272578667764,0.0059594755661501785,0.2379912485509494,0.4090563165905632,0.4040524433849821,1.5767441860465117,YJL115W,non_ess,non_ess
0.02890173410404624,0.01037254732474717,0.2702702702702703,0.044135676338373515,0.014326647564469915,0.3578613668231421,0.7855973813420621,0.20773638968481373,1.2393162393162394,YDR391C,non_ess,non_ess
0.026011560693641616,0.0044083326130175465,0.10810810810810813,0.10093992644053944,0.0058746736292428214,0.13882413278627376,0.5714285714285713,0.27872062663185376,1.4186046511627906,YMR177W,non_ess,non_ess
0.04335260115606936,0.01374362520529,0.1891891891891892,0.09297098487944422,0.01060070671378092,0.6767130880620801,0.9395424836601312,0.21484098939929328,0.4742589703588143,YDR316W,non_ess,non_ess
0.11271676300578035,0.031117641974241505,0.027027027027027032,0.23007764609726197,0.011376896149358226,0.2604265922049599,0.9707423580786024,0.1353558926487748,1.15136476426799,YDR507C,non_ess,non_ess
0.02023121387283237,0.0025931368311867924,0.0,0.09930527176134042,0.004641909814323607,0.20666953425574114,0.5833333333333333,0.3839522546419098,1.8264984227129333,YDR470C,non_ess,non_ess
0.07514450867052022,0.013830063099662893,0.08108108108108109,0.11442582754393135,0.015028901734104047,0.5188549408202587,0.8475056689342404,0.14335260115606938,0.7537993920972645,YER087W,non_ess,non_ess
0.1213872832369942,0.026536433572478167,0.1891891891891892,0.2740089906007356,0.010311809477043948,0.4871956361617865,1.0595813204508857,0.10729192241590964,0.6069444444444445,YJR033C,non_ess,non_ess
0.04046242774566474,0.00760653470481459,0.21621621621621626,0.09378831221904374,0.009810791871058164,0.7523559497536842,0.5314730694354315,0.2417659425367905,1.4618644067796611,YPL259C,non_ess,non_ess
0.008670520231213872,0.0010372547324747168,0.027027027027027032,0.05108295872496935,0.00375,0.10713503649635037,0.5124087591240876,0.545,1.252873563218391,YIL070C,non_ess,non_ess
0.049132947976878616,0.01823839571268044,0.08108108108108109,0.005925623212096446,0.12408759124087593,2.135942889227561,1.4731554160125588,0.2846715328467153,0.9285714285714284,YIR018C-A,non_ess,non_ess
0.02890173410404624,0.0036303915636615096,0.054054054054054064,0.0615038823048631,0.01049317943336831,0.2613672292049469,0.8102862688015524,0.4312696747114376,1.3173076923076923,YDR352W,non_ess,non_ess
0.08670520231213873,0.015472383092747859,0.0,0.11360850020433184,0.017462165308498253,0.3269906353343566,0.6423065943477018,0.17112922002328287,1.4848484848484849,YOR090C,non_ess,non_ess
0.04046242774566474,0.005359149451119371,0.08108108108108109,0.09910093992644056,0.009302325581395349,0.2650602409638554,0.5195180722891566,0.20730897009966776,1.368421052631579,YOL070C,non_ess,non_ess
0.02023121387283237,0.0026795747255596854,0.08108108108108109,0.0425010216591745,0.010385756676557865,0.3098695697806444,0.4081457663451232,0.3249258160237389,1.0788177339901477,YLR040C,non_ess,non_ess
0.0,0.0,0.0,0.07069881487535759,0.0,0.0,10.933411764705882,1.0,1.0,YLR155C,non_ess,non_ess
0.008670520231213872,0.0010372547324747168,0.027027027027027032,0.11319983653453207,0.0017523364485981304,0.07049602172265723,1.0,0.9369158878504672,1.0151898734177216,YDR342C,non_ess,non_ess
0.15895953757225434,0.040625810355259744,0.13513513513513514,0.08193706579485084,0.04389465283320032,0.7186292720479699,0.7408025825123838,1.0,7.88050314465409,YGL004C,non_ess,non_ess
0.04046242774566474,0.013138559944679749,0.13513513513513514,0.01736820596648958,0.045901639344262286,1.2956184798807748,1.5954545454545452,0.2426229508196721,0.8222222222222223,YFR052C-A,non_ess,non_ess
0.06358381502890173,0.03811911141844585,0.08108108108108109,0.12709440130772376,0.011482254697286013,0.4397703549060543,1.582805429864253,0.2364300626304801,1.411214953271028,YDL070W,non_ess,non_ess
0.01445086705202312,0.005791338922983836,0.08108108108108109,0.02840212505108296,0.010706638115631693,0.4216564887514209,0.6944444444444444,0.32548179871520344,0.7562189054726369,YCR099C,non_ess,non_ess
0.05780346820809248,0.009075978909153772,0.027027027027027032,0.06416019615856151,0.020161290322580645,0.5410631994733378,1.020408163265306,0.21975806451612906,0.9954337899543381,YLR181C,non_ess,non_ess
0.049132947976878616,0.010113233641628493,0.054054054054054064,0.03575807110747855,0.02956521739130435,1.2848015122873344,1.379710144927536,0.2591304347826087,0.6008064516129032,YLR011W,non_ess,non_ess
0.02890173410404624,0.006482842077966981,0.054054054054054064,0.02574581119738456,0.02336448598130841,0.5456550763336623,1.5616681455190773,1.0,1.0,YNL105W,non_ess,non_ess
0.10115606936416184,0.021004408332613016,0.13513513513513514,0.13976297507151614,0.01665080875356803,0.26649260899849314,1.1067193675889329,0.14652711703139867,0.9655172413793104,YJR005W,non_ess,non_ess
0.05491329479768786,0.015472383092747859,0.21621621621621626,0.1219861054352268,0.010320478001086366,0.2266915428760362,0.626449275362319,0.24443237370994025,1.3513513513513509,YGR224W,non_ess,non_ess
0.02023121387283237,0.0035439536692886157,0.08108108108108109,0.20862280343277484,0.00224863475746868,0.05659189481589235,0.24247491638795984,1.0,1.0,YKL057C,non_ess,non_ess
0.04335260115606936,0.007087907338577231,0.08108108108108109,0.14977523498161013,0.0066696309470875926,0.14711300260433208,0.4968944099378882,0.2676745220097821,1.0083752093802345,YGL086W,non_ess,non_ess
0.09248554913294796,0.0835854438585876,0.0,0.02881078872088272,0.06765327695560254,2.535600090856674,1.6702914310569816,0.21987315010570824,1.1954022988505746,YLR400W,non_ess,non_ess
0.011560693641618495,0.0017287578874578616,0.027027027027027032,0.02451982018798529,0.00975609756097561,0.279233449477352,2.228571428571429,0.9829268292682928,0.9829268292682928,YBR226C,non_ess,non_ess
0.01445086705202312,0.0010372547324747168,0.054054054054054064,0.08193706579485084,0.0039904229848363925,0.0969516735254384,0.3743016759776536,0.35275339185953714,1.2923976608187135,YER027C,non_ess,non_ess
0.03757225433526011,0.01521306940962918,0.027027027027027032,0.1158561503882305,0.007424328954882925,0.3420902341519132,0.55,0.1907481439177613,0.5218750000000001,YCL051W,non_ess,non_ess
0.02890173410404624,0.006828593655458553,0.2702702702702703,0.0461789946873723,0.013736263736263736,0.3619970255308601,0.7679914070891515,0.3475274725274725,1.9166666666666667,YLR376C,non_ess,non_ess
0.0057803468208092465,0.0008643789437289308,0.0,0.03882304863097672,0.0032258064516129032,0.13815668202764975,0.4114285714285714,0.9064516129032258,2.3032786885245904,YDR167W,ess,ess
0.09826589595375723,0.016768951508341255,0.08108108108108109,0.14957090314671026,0.015138023152270703,0.6204087339843837,0.8429752066115703,0.16251113089937666,1.0428571428571427,YGL205W,non_ess,non_ess
0.04335260115606936,0.005445587345492263,0.0,0.11503882304863099,0.008625646923519264,0.32956282696812017,0.5972022955523671,0.2288671650373778,0.868995633187773,YHR194W,non_ess,non_ess
0.0722543352601156,0.008038724176679056,0.027027027027027032,0.14180629342051493,0.01172607879924953,0.6592778410613775,0.7326007326007326,0.13227016885553472,0.7440633245382586,YDR436W,non_ess,non_ess
0.023121387283237,0.0037168294580344026,0.027027027027027032,0.017776869636289334,0.02572347266881029,1.0209306558272158,1.7358490566037734,0.2700964630225081,0.5283018867924528,YNL030W,non_ess,non_ess
0.0057803468208092465,0.0009508168381018238,0.08108108108108109,0.04577033101757255,0.002770083102493075,0.0691883974910052,0.17241379310344826,0.628808864265928,2.092165898617512,YPL199C,non_ess,non_ess
0.046242774566473986,0.006828593655458553,0.10810810810810813,0.2269445579621305,0.004730928444707274,0.1956841873354901,0.6222222222222222,0.20254287403903007,1.3979591836734693,YHR077C,non_ess,non_ess
0.1676300578034682,0.07623822283689169,0.0,0.1992235390273805,0.019495798319327733,0.5044435849653669,1.077489539748954,0.1361344537815126,1.3822525597269624,YOL084W,non_ess,non_ess
0.01445086705202312,0.007087907338577231,0.0,0.023293829178586026,0.012755102040816329,0.4852413068231585,1.0716725836468828,0.3877551020408163,0.3877551020408163,YPR200C,non_ess,non_ess
0.0,0.0,0.027027027027027032,0.027993461381283204,0.0,0.0,0.0,1.0,1.164141414141414,YCL001W-A,non_ess,non_ess
0.01445086705202312,0.00224738525369522,0.0,0.1060482223130364,0.0031113876789047915,0.06828483373407025,0.3021978021978022,0.4691972619788426,0.4691972619788426,YBR103W,non_ess,non_ess
0.031791907514450865,0.006569279972339874,0.0,0.07437678790355537,0.009632224168126095,0.4741663817584304,1.0912350597609564,0.19089316987740806,0.8014705882352942,YGR109C,non_ess,non_ess
0.017341040462427744,0.011582677845967672,0.10810810810810813,0.002860645688598284,0.06521739130434782,2.283295194508009,0.7172932330827068,0.6956521739130435,3.0476190476190483,YNR075C-A,non_ess,non_ess
0.2745664739884393,0.4445500907597891,0.054054054054054064,0.14977523498161013,0.04224099599822143,1.2857843361327776,1.0978151048244504,0.17874610938194754,2.4363636363636365,YLL029W,non_ess,non_ess
0.07803468208092486,0.019362088339528048,0.027027027027027032,0.221700040866367,0.008169440242057489,0.20417167975031866,0.8588976377952755,0.4350983358547655,1.3840230991337823,YOL045W,non_ess,non_ess
0.046242774566473986,0.006482842077966981,0.0,0.06007355946056396,0.017167381974248927,0.28992237153779404,1.3508196721311474,0.2618025751072961,1.0701754385964912,YOR279C,non_ess,non_ess
0.0057803468208092465,0.0006915031549831446,0.0,0.015937883122190438,0.007042253521126761,0.2542154334457449,1.5917275513700215,0.7464788732394366,0.7464788732394366,YFL010W-A,non_ess,non_ess
0.4017341040462428,0.1374362520529,0.08108108108108109,0.3036371066612178,0.0308340727595386,1.0184934719229306,1.3062650602409638,1.0,1.0,YLR256W,non_ess,non_ess
0.09826589595375723,0.02005359149451119,0.10810810810810813,0.1401716387413159,0.016129032258064516,0.6518518518518519,1.2105137395459975,0.15607210626185958,0.5116640746500777,YDR221W,non_ess,non_ess
0.04335260115606936,0.003889705246780188,0.0,0.13465467919901922,0.007400098667982241,0.2062966281727293,0.9402332361516036,0.2644301924025654,0.8440944881889765,YOR069W,non_ess,non_ess
0.08670520231213873,0.01149623995159478,0.0,0.2266040049039641,0.008883624518803672,0.3061795244205668,0.5328798185941044,0.1095647023985786,0.5623100303951367,YDL231C,non_ess,non_ess
0.03757225433526011,0.010113233641628493,0.054054054054054064,0.06497752349816102,0.012948207171314742,0.35662280455642226,1.0528169014084507,0.2171314741035857,0.7676056338028169,YML107C,non_ess,non_ess
0.011560693641618495,0.0015558820987120756,0.08108108108108109,0.020433183489987745,0.011428571428571429,0.3217582417582418,0.4687500000000001,0.3057142857142857,0.7328767123287672,YOR189W,non_ess,non_ess
0.09248554913294796,0.012274181000950816,0.0,0.256640784634246,0.008381351492928235,0.3140979063519154,1.1764705882352942,0.33708748035620745,2.1557788944723617,YOR124C,non_ess,non_ess
0.01445086705202312,0.0035439536692886157,0.13513513513513514,0.023293829178586026,0.012755102040816329,0.3493519029233315,0.7207207207207207,0.32908163265306123,0.8600000000000001,YGL080W,non_ess,non_ess
0.046242774566473986,0.006223528394848302,0.0,0.158357172047405,0.006736842105263157,0.10107129319142732,0.6343490304709142,0.3776842105263158,3.1038062283737027,YOR353C,ess,non_ess
0.0,0.0,0.0,0.029423784225582342,0.0,0.0,3.166984126984127,1.0,1.0,YLR466C-A,non_ess,non_ess
0.0,0.0,0.0,0.05312627707396813,0.0,0.0,0.0,1.0,3.4156378600823047,YJL174W,ess,ess
0.031791907514450865,0.015991010458985218,0.2972972972972973,0.011033919084593379,0.051886792452830184,1.965711175616836,1.0246394230769234,0.2452830188679245,0.6666666666666667,YML129C,non_ess,non_ess
0.08092485549132948,0.01685538940271415,0.054054054054054064,0.13465467919901922,0.013813517513566848,0.253389810248865,0.6696035242290748,0.14553527380365072,1.046099290780142,YOR087W,non_ess,non_ess
0.1445086705202312,0.12023511107269425,0.2432432432432433,0.041070698814875364,0.07656967840735067,3.2178898181960967,2.146042363433667,0.13476263399693722,0.3283582089552239,YBR197C,non_ess,non_ess
0.04335260115606936,0.007433658916068805,0.027027027027027032,0.046791990192071926,0.0203527815468114,0.6374962153918611,0.8608815426997244,0.3880597014925373,2.1185185185185187,YIL139C,non_ess,non_ess
0.05780346820809248,0.005877776817356729,0.0,0.14241928892521455,0.009341429238673515,0.2448396453396865,0.4761904761904762,0.16020551144325082,0.7571743929359823,YCR084C,non_ess,non_ess
0.023121387283237,0.0037168294580344026,0.0,0.07744176542705354,0.006739679865206402,0.13162109034055114,1.081081081081081,0.7093513058129739,0.8627049180327868,YOR184W,non_ess,non_ess
0.09826589595375723,0.012792808367188177,0.40540540540540543,0.13812832039231712,0.016361886429258902,0.3527350016041065,0.9862179487179488,0.1814244465832532,1.135542168674699,YOR354C,non_ess,non_ess
0.04046242774566474,0.02584493041749503,0.08108108108108109,0.03357853153521319,0.02578268876611418,0.8429152307495943,1.2059405940594061,0.37937384898710863,1.263803680981595,YIL111W,non_ess,non_ess
0.0,0.0,0.0,0.037188393951777685,0.0,0.0,0.0,1.0,1.6239782016348774,YER012W,ess,ess
0.05491329479768786,0.01236061889532371,0.0,0.2889252145484266,0.004426840633737186,0.10965971173313624,0.479679802955665,1.0,5.41919191919192,YER093C,ess,ess
0.008670520231213872,0.0016423199930849686,0.08108108108108109,0.010420923579893748,0.014778325123152709,0.4178321955237356,0.6631832797427654,1.0,1.0,YGL041C,non_ess,non_ess
0.05491329479768786,0.01434869046590025,0.08108108108108109,0.11463015937883125,0.010963646855164457,0.3053114609952463,1.1568027210884353,0.3173687247547605,1.7684887459807073,YGL228W,non_ess,non_ess
0.0057803468208092465,0.0007779410493560378,0.16216216216216214,0.012872905598692277,0.008368200836820083,0.20623991038777054,0.35275590551181096,0.3849372384937239,0.5750000000000001,YDR379C-A,non_ess,non_ess
0.05780346820809248,0.01581813467023943,0.08108108108108109,0.07437678790355537,0.017513134851138354,0.3540155116337253,0.6070732386521861,0.4185639229422067,0.4185639229422067,YJL137C,non_ess,non_ess
0.0028901734104046237,0.0005186273662373584,0.0,0.010829587249693505,0.004784688995215311,0.10290271132376397,0.6552486814495548,1.0,1.0,YGR226C,non_ess,non_ess
0.0722543352601156,0.015645258881493648,0.08108108108108109,0.060890886800163475,0.026483050847457626,0.5444041586580465,1.0667239404352806,0.3072033898305085,1.013986013986014,YJL133W,non_ess,non_ess
0.06936416184971098,0.01797908202956176,0.027027027027027032,0.15713118103800575,0.010182435299109036,0.38618467888654784,0.6889601465872651,0.19558761137038608,0.7893835616438356,YHR182W,non_ess,non_ess
0.02890173410404624,0.003976143141153081,0.2972972972972973,0.0253371475275848,0.023696682464454968,0.3971511027562286,0.7905027932960894,0.2938388625592417,1.0508474576271185,YDL123W,non_ess,non_ess
0.1676300578034682,0.3295012533494684,0.13513513513513514,0.018594196975888846,0.17956656346749225,4.487966976264191,1.2294017094017091,0.1238390092879257,1.0526315789473684,YER088C-A,non_ess,non_ess
0.011560693641618495,0.0013830063099662892,0.10810810810810813,0.05803024111156519,0.004434589800443459,0.1117358251504593,0.2005012531328321,0.3614190687361419,2.4696969696969697,YDL198C,non_ess,non_ess
0.0,0.0,0.027027027027027032,0.0069472823865958325,0.0,0.0,0.867790594498669,1.0,1.0,YPR133W-A,non_ess,non_ess
0.02023121387283237,0.005186273662373585,0.027027027027027032,0.1223947691050266,0.003789929615592853,0.15288305360043314,0.17803030303030304,0.4114780725500812,1.8138424821002388,YKR019C,non_ess,non_ess
0.026011560693641616,0.0029388884086783643,0.0,0.1636697997548018,0.003668976763147167,0.18086696562032886,0.4088888888888889,0.2645739910313901,1.8595988538681951,YLR222C,ess,ess
0.11271676300578035,0.019880715705765408,0.10810810810810813,0.06661217817736004,0.03793774319066148,0.5916755099634476,1.2160737812911724,0.15369649805447472,0.7281105990783411,YJR142W,non_ess,non_ess
0.031791907514450865,0.015558820987120752,0.1891891891891892,0.026563138536984058,0.025,0.5394230769230769,1.198717948717949,0.3272727272727273,1.2203389830508469,YCR071C,non_ess,non_ess
0.03468208092485549,0.012187743106577923,0.08108108108108109,0.10380057212913772,0.0076238881829733185,0.2514278071290042,0.8099071207430341,0.4415501905972046,1.0708782742681051,YMR215W,non_ess,non_ess
0.04335260115606936,0.008384475754170628,0.027027027027027032,0.037188393951777685,0.025167785234899327,0.8747588511806103,1.2510121457489878,0.17953020134228187,0.5977653631284916,YDR032C,non_ess,non_ess
0.03757225433526011,0.01037254732474717,0.0,0.20392317123007767,0.0042706964520367935,0.11430393445157301,0.42018995098039214,0.1954664914586071,1.0456942003514935,YDR028C,non_ess,non_ess
0.023121387283237,0.00786584838793327,0.10810810810810813,0.013690232938291788,0.03187250996015936,1.5360573211031845,1.183462532299742,0.16334661354581673,0.2751677852348993,YLR038C,non_ess,non_ess
0.02023121387283237,0.003889705246780188,0.0,0.02697180220678382,0.01569506726457399,0.3845811184034687,0.5605057194461168,1.0,1.0205949656750573,YLL044W,non_ess,non_ess
0.011560693641618495,0.004321894718644654,0.027027027027027032,0.0020433183489987745,0.05,1.9924107142857144,1.2321428571428568,1.0,1.0,YPR160W-A,non_ess,non_ess
0.09826589595375723,0.01521306940962918,0.13513513513513514,0.051287290559869234,0.042341220423412214,1.0267340385432024,0.4782703886152162,0.1145703611457036,2.1904761904761902,YEL021W,non_ess,non_ess
0.017341040462427744,0.006569279972339874,0.10810810810810813,0.017572537801389457,0.01948051948051948,0.4622195985832349,1.1958041958041954,0.3701298701298701,0.6063829787234043,YBL071C,non_ess,non_ess
0.07803468208092486,0.03405653038291987,0.0,0.027993461381283204,0.05856832971800434,7.108065470321436,2.045454545454546,0.2646420824295011,1.4186046511627908,YHR217C,non_ess,non_ess
0.08670520231213873,0.015904572564612324,0.21621621621621626,0.02370249284838578,0.07537688442211055,1.897940790911077,0.7508581235697941,0.16834170854271358,2.233333333333334,YOR268C,non_ess,non_ess
0.04046242774566474,0.00898954101478088,0.0,0.11442582754393135,0.008092485549132947,0.2543352601156069,0.4895104895104895,0.1815028901734104,0.8722222222222221,YER086W,non_ess,non_ess
0.0953757225433526,0.030080387241766787,0.054054054054054064,0.07846342460155292,0.027454242928452586,0.5032947494248454,1.1638433768397665,0.1480865224625624,0.8202764976958525,YNL092W,non_ess,non_ess
0.0057803468208092465,0.0006915031549831446,0.10810810810810813,0.015937883122190438,0.007042253521126761,0.39070859264111796,1.3255813953488371,0.4753521126760563,0.5487804878048781,YAL064W,non_ess,non_ess
0.09248554913294796,0.020572218860748552,0.027027027027027032,0.11238250919493258,0.018823529411764704,0.3301938311141075,0.4390566453603703,0.14411764705882352,1.441176470588235,YGL003C,non_ess,non_ess
0.1329479768786127,0.03708185668597113,0.027027027027027032,0.1385369840621169,0.02207293666026872,0.5522913939624126,0.8365077997069722,0.16410748560460653,0.8142857142857144,YPR008W,non_ess,non_ess
0.02890173410404624,0.01434869046590025,0.0,0.028606456885982838,0.02127659574468085,0.6610942249240122,0.7063492063492065,0.3170212765957447,1.7325581395348841,YGL199C,non_ess,non_ess
0.09248554913294796,0.021004408332613016,0.13513513513513514,0.10890886800163466,0.019405700424499697,0.6104442186514806,1.213062343000685,0.19163129169193446,0.8337730870712402,YIL099W,non_ess,non_ess
0.01445086705202312,0.0012965684155933962,0.0,0.2460155292194524,0.001365374112506827,0.06445186435628816,0.21363636363636365,0.3798470780993992,3.5943152454780365,YIL147C,ess,ess
0.02890173410404624,0.011150488374103209,0.027027027027027032,0.04474867184307317,0.014144271570014143,0.4385527838498136,0.5659965034965034,0.214992927864215,0.9382716049382716,YAR027W,non_ess,non_ess
0.18497109826589594,0.06335897657533063,0.0,0.09440130772374336,0.04456824512534819,0.916317350425039,1.3828288596992195,0.06824512534818941,0.4666666666666666,YOR003W,non_ess,non_ess
0.008670520231213872,0.0005186273662373584,0.054054054054054064,0.0480179812014712,0.003973509933774834,0.1289277159363111,0.4920212765957447,0.7059602649006622,1.3527918781725892,YOR010C,non_ess,non_ess
0.011560693641618495,0.0006915031549831446,0.13513513513513514,0.01838986514098897,0.0125,0.3073830409356725,0.4707602339181286,0.375,1.263157894736842,YBR262C,non_ess,non_ess
0.08092485549132948,0.04650358717261648,0.08108108108108109,0.10877264677836808,0.01700060716454159,1.0879247604960005,1.2110365398956002,0.16697024893746204,0.9136212624584716,YDR099W,non_ess,non_ess
0.0028901734104046237,8.643789437289306e-05,0.027027027027027032,0.008377605230894975,0.0057803468208092465,0.13202506436100453,0.8025210084033614,0.5260115606936416,0.5260115606936416,YLR342W-A,non_ess,non_ess
0.023121387283237,0.003198202091797044,0.0,0.08438904781364938,0.0062063615205585725,0.14582049404377806,0.4934579439252336,0.3669511249030256,1.9072580645161288,YOR209C,non_ess,non_ess
0.0953757225433526,0.01918921255078226,0.0,0.07355946056395588,0.02920353982300885,0.7492643138927391,1.3811033608116678,0.12123893805309735,0.5805084745762712,YGL255W,non_ess,non_ess
0.09248554913294796,0.017719768346443083,0.13513513513513514,0.14262362076011445,0.01492537313432836,0.6887900920927279,1.4457578145521408,0.25279850746268656,1.4648648648648648,YFL047W,non_ess,non_ess
0.05202312138728323,0.02221453885383352,0.0,0.22313036371066614,0.005411906193625977,0.16668268704160305,0.4182156133828996,0.153337342152736,1.080508474576271,YBR059C,non_ess,non_ess
0.09826589595375723,0.019880715705765408,0.10810810810810813,0.16244380874540254,0.013963039014373716,0.3027009951034592,0.8205128205128204,0.1268993839835729,1.2875,YJR126C,non_ess,non_ess
0.09826589595375723,0.016250324142103898,0.054054054054054064,0.0723334695545566,0.030575539568345324,1.1588978816946445,1.0074074074074075,0.15557553956834533,1.0176470588235296,YKR076W,non_ess,non_ess
0.0953757225433526,0.024461924107528742,0.16216216216216214,0.15876583571720476,0.01385972280554389,0.34611230852306035,1.2403846153846154,0.1511969760604788,0.5294117647058824,YOR178C,non_ess,non_ess
0.0,0.0,0.0,0.03575807110747855,0.0,0.0,2.18080683182206,1.0,1.0,YPL283W-A,non_ess,non_ess
0.05202312138728323,0.005359149451119371,0.08108108108108109,0.07560277891295464,0.015517241379310345,0.26185344827586204,0.40469457013574656,0.1353448275862069,1.2170542635658914,YNL001W,non_ess,non_ess
0.05491329479768786,0.012447056789696605,0.08108108108108109,0.20841847159787494,0.006109324758842444,0.14852263839402105,0.5199324324324324,0.2266881028938907,1.279491833030853,YGR125W,non_ess,non_ess
0.031791907514450865,0.008557351542916414,0.7567567567567568,0.006538618716796079,0.07534246575342465,1.8830593607305937,0.8266666666666668,0.9383561643835616,1.0959999999999999,YER088W-B,non_ess,non_ess
0.017341040462427744,0.006655717866712767,0.027027027027027032,0.01409889660809154,0.023346303501945533,0.4494363993742228,0.8824742268041237,0.3774319066147861,0.7886178861788617,YDL181W,non_ess,non_ess
0.049132947976878616,0.01045898521912006,0.0,0.07757798665032012,0.014297729184188394,1.2909770379421426,1.1684636118598382,0.24390243902439024,1.6022099447513811,YDR318W,non_ess,non_ess
0.05202312138728323,0.011582677845967672,0.054054054054054064,0.14875357580711074,0.008057296329453895,0.2201620883004288,0.7065789473684212,0.2376902417188899,1.3111111111111111,YER015W,non_ess,non_ess
0.0722543352601156,0.01184199152908635,0.10810810810810813,0.18144666939109114,0.009211495946941784,0.4823474241307698,0.7024793388429752,0.10132645541635962,0.6642512077294686,YLR014C,non_ess,non_ess
0.06069364161849713,0.0087302273316622,0.027027027027027032,0.0380057212913772,0.03453947368421053,0.6214475353994123,0.9627220812182744,0.3009868421052632,1.7766990291262137,YDL135C,non_ess,non_ess
0.04335260115606936,0.017114703085832832,0.10810810810810813,0.06375153248876175,0.015212981744421906,0.8648806057076295,0.8391089108910891,0.21196754563894524,1.050251256281407,YDR435C,non_ess,non_ess
0.011560693641618495,0.0020745094649494327,0.0,0.04515733551287291,0.005610098176718092,0.14545894840929502,0.3654676258992805,0.4824684431977561,1.8901098901098896,YMR134W,ess,ess
0.01445086705202312,0.0006050652606102515,0.054054054054054064,0.06272987331426237,0.005149330587023686,0.17556475054692594,0.3333333333333333,0.6261585993820803,1.2087475149105371,YNL025C,non_ess,non_ess
0.011560693641618495,0.0017287578874578616,0.054054054054054064,0.0407301457567089,0.006172839506172839,0.1997285243358541,0.3204188481675393,0.492283950617284,1.7058823529411764,YER007C-A,non_ess,non_ess
0.011560693641618495,0.0661249891952632,0.32432432432432434,0.0071516142214957095,0.025806451612903226,0.8822580645161291,0.9166666666666664,0.7741935483870968,1.4634146341463414,YOL166W-A,non_ess,non_ess
0.008670520231213872,0.002333823148068113,0.2702702702702703,0.02227217000408664,0.007957559681697613,0.17979783497024876,0.3032432432432432,1.0,1.0,YML012C-A,non_ess,non_ess
0.011560693641618495,0.0005186273662373584,0.40540540540540543,0.011442582754393136,0.01834862385321101,0.2916319154851265,1.1262626262626263,0.3486238532110092,0.3486238532110092,YER039C-A,non_ess,non_ess
0.0722543352601156,0.017806206240815973,0.16216216216216214,0.1040049039640376,0.01585288522511097,0.3638010689374037,0.6244897959183673,0.3519340519974635,0.3519340519974635,YDL197C,non_ess,non_ess
0.08959537572254335,0.016423199930849685,0.0,0.16489579076420108,0.01254552812626467,0.3967319608760321,1.092764378478664,0.29664103601780656,1.87948717948718,YIL140W,non_ess,non_ess
0.046242774566473986,0.013311435733425534,0.0,0.05598692276256642,0.01834862385321101,0.3127212309470491,1.0136005726556907,0.1651376146788991,0.96,YGR205W,non_ess,non_ess
0.017341040462427744,0.006137090500475408,0.08108108108108109,0.027380465876583573,0.01327433628318584,0.5389933628318584,0.3713235294117647,1.0,1.0,YMR159C,non_ess,non_ess
0.026011560693641616,0.022906042008816664,0.10810810810810813,0.010216591744993873,0.045,1.3350955414012742,1.2693357597816195,0.515,1.7758620689655171,YDR119W-A,non_ess,non_ess
0.0838150289017341,0.019707839917019614,0.027027027027027032,0.11544748671843072,0.0166189111747851,0.7123269810948893,0.8297080148931999,0.1340974212034384,0.6647727272727273,YJL216C,non_ess,non_ess
0.031791907514450865,0.002506698936813899,0.08108108108108109,0.17572537801389454,0.004182509505703422,0.06934922491956713,0.2092515592515592,0.4095057034220532,5.950276243093923,YNR011C,ess,ess
0.08092485549132948,0.021436597804477483,0.0,0.25010216591744994,0.007522837184309511,0.17687334246242914,0.8045540796963947,0.1990865126276196,1.9,YNL091W,non_ess,non_ess
0.04046242774566474,0.007087907338577231,0.0,0.05905190028606457,0.015267175572519085,0.6574630501867792,1.2080378250591015,0.2355507088331516,1.1550802139037433,YKR026C,non_ess,non_ess
0.06358381502890173,0.011064050479730312,0.08108108108108109,0.22701266857376384,0.00650310375406444,0.1601587564796724,0.6120426829268293,0.20100502512562807,0.8242424242424243,YML104C,non_ess,non_ess
0.15606936416184972,0.05851845449044861,0.054054054054054064,0.12872905598692275,0.027835051546391758,1.057476591317507,1.1087811271297512,0.25773195876288657,1.8587360594795537,YOL164W,non_ess,non_ess
0.03757225433526011,0.00760653470481459,0.13513513513513514,0.06885982836125869,0.012252591894439209,0.348152916024919,1.7141768292682926,0.2224316682375118,0.38688524590163936,YPL264C,non_ess,non_ess
0.03468208092485549,0.003889705246780188,0.027027027027027032,0.12832039231712306,0.0062047569803516025,0.17262317011849754,1.067889908256881,0.4270941054808687,0.7454873646209387,YEL030W,non_ess,non_ess
0.026011560693641616,0.0112369262684761,0.0,0.0670208418471598,0.008704061895551255,0.4271134372511093,1.08,0.2872340425531915,1.2692307692307694,YPL118W,non_ess,non_ess
0.0028901734104046237,8.643789437289306e-05,0.0,0.029423784225582342,0.002074688796680498,0.05658945934229269,0.13219616204690832,1.0,1.1784841075794619,YBR113W,non_ess,non_ess
0.06647398843930635,0.020226467283256985,0.0,0.14139762975071518,0.010818438381937913,0.205227390797658,0.6125836335563563,0.3033866415804327,0.8896551724137929,YDL176W,non_ess,non_ess
0.10982658959537572,0.04304607139770075,0.0,0.02513281569268493,0.09069212410501193,2.0266396448047357,1.4860335195530727,0.3794749403341289,0.9875776397515528,YEL033W,non_ess,non_ess
0.011560693641618495,0.003976143141153081,0.2432432432432433,0.018594196975888846,0.01238390092879257,0.22835539928745896,0.5644891122278057,0.6191950464396285,1.0050251256281408,YGL182C,non_ess,non_ess
0.046242774566473986,0.013397873627798429,0.027027027027027032,0.03330608908868002,0.029684601113172542,1.0199777830767531,0.7711598746081504,0.27458256029684597,1.0802919708029195,YAR023C,non_ess,non_ess
0.05780346820809248,0.0324142103898349,0.027027027027027032,0.031262770739681235,0.03929273084479371,1.1547697009386595,0.8730158730158729,0.3673870333988212,0.9894179894179894,YDL094C,non_ess,non_ess
0.1676300578034682,0.0787449217737056,0.2702702702702703,0.01920719248058848,0.1746987951807229,2.669755946864381,0.8993416493416493,0.14457831325301204,0.6153846153846153,YDR010C,non_ess,non_ess
0.026011560693641616,0.005186273662373585,0.13513513513513514,0.05714480316033239,0.010123734533183352,0.2667867383629069,1.430635838150289,0.3779527559055118,0.8682170542635659,YIL133C,non_ess,non_ess
0.05202312138728323,0.008816665226035093,0.054054054054054064,0.09910093992644056,0.011960132890365448,0.2352261430355762,0.907563025210084,0.15415282392026575,0.8111888111888111,YBR056W,non_ess,non_ess
0.10693641618497107,0.027141498833088425,0.054054054054054064,0.018594196975888846,0.11455108359133127,2.3653525971792217,1.0483333333333331,0.43962848297213625,0.9466666666666668,YLR236C,non_ess,non_ess
0.05491329479768786,0.0112369262684761,0.0,0.10829587249693504,0.011585365853658536,0.4104921345071439,1.598948060486522,0.17926829268292682,0.4983050847457627,YFL011W,non_ess,non_ess
0.0838150289017341,0.02610424410061371,0.16216216216216214,0.14446260727421334,0.013357899585444496,0.3659065764947461,1.2346832814122537,0.136803316444035,1.1165413533834587,YDR333C,non_ess,non_ess
0.026011560693641616,0.0067421557610856594,0.054054054054054064,0.1140171638741316,0.005220417633410673,0.13476411446249034,0.4166666666666667,0.4025522041763341,2.071641791044776,YJL071W,non_ess,non_ess
0.017341040462427744,0.003976143141153081,0.2702702702702703,0.0022476501838986514,0.07228915662650602,2.217746900008794,1.094890510948905,0.2891566265060241,0.7058823529411765,YHL015W-A,non_ess,non_ess
0.21098265895953755,0.0510847955743798,0.027027027027027032,0.37167960768287706,0.013255856183039769,0.4044606734900949,0.9107192640089208,0.07717450517523153,1.1871508379888271,YBR208C,non_ess,non_ess
0.0,0.0,0.0,0.06865549652635881,0.0,0.0,0.0,1.0,3.933085501858737,YJL167W,ess,ess
0.0,0.0,0.0,0.09215365753984472,0.0,0.0,0.3525641025641025,1.0,1.0,YAR071W,non_ess,non_ess
0.026011560693641616,0.005532025239865157,0.16216216216216214,0.04229668982427463,0.013412816691505215,0.4651880424300868,0.8382352941176472,0.3651266766020864,1.6013071895424835,YDL169C,non_ess,non_ess
0.0057803468208092465,0.00017287578874578615,0.0,0.02308949734368615,0.005141388174807198,0.13641816623821765,0.20380952380952366,1.0,1.0,YMR306C-A,non_ess,non_ess
0.008670520231213872,0.0006915031549831446,0.027027027027027032,0.07519411524315489,0.002599653379549393,0.09719208307239707,0.28700711053652234,0.8188908145580589,3.735177865612648,YBR234C,ess,ess
0.046242774566473986,0.009767482064136915,0.10810810810810813,0.07110747854515734,0.014625228519195612,0.7105843787429869,1.1724137931034484,0.26691042047531993,0.7584415584415585,YLR420W,non_ess,non_ess
0.08092485549132948,0.03224133460108912,0.2702702702702703,0.07764609726195341,0.023529411764705882,0.7476974789915967,1.0666666666666669,0.22436974789915967,1.7565789473684212,YDR018C,non_ess,non_ess
0.023121387283237,0.00224738525369522,0.08108108108108109,0.0886800163465468,0.005917159763313609,0.12884138194311892,0.4423963133640553,0.3010355029585799,1.0462724935732648,YOR155C,non_ess,non_ess
0.023121387283237,0.004321894718644654,0.08108108108108109,0.034940743767879034,0.014209591474245116,0.4037110836616747,1.3888324873096451,0.4156305506216697,1.21875,YML022W,non_ess,non_ess
0.0,0.0,0.0,0.09521863506334287,0.0,0.0,0.0,1.0,3.9135135135135135,YLR359W,ess,ess
0.0028901734104046237,0.0005186273662373584,0.027027027027027032,0.06763383735185942,0.0009587727708533076,0.05173310366121196,0.5805084745762712,0.7651006711409396,1.153179190751445,YDR439W,non_ess,non_ess
0.06647398843930635,0.03518022300976748,0.0,0.09971393543114017,0.015191545574636724,0.4880284015852048,0.6063895781637717,0.1763540290620872,0.8476190476190476,YHR159W,non_ess,non_ess
0.011560693641618495,0.010631861007865848,0.16216216216216214,0.024928483857785046,0.009615384615384616,0.3119811842833426,0.6474820143884893,0.4302884615384616,1.5169491525423728,YKL170W,non_ess,non_ess
0.01445086705202312,0.0006915031549831446,0.0,0.06429641738182809,0.005030181086519115,0.12940802711002858,0.3827751196172249,0.6720321931589537,3.009009009009009,YBL050W,ess,ess
0.011560693641618495,0.0012965684155933962,0.16216216216216214,0.013485901103391913,0.016129032258064516,0.4207676006592889,0.4504692387904067,0.6411290322580645,1.8705882352941177,YBL071W-A,non_ess,non_ess
0.10693641618497107,0.02809231567119025,0.1891891891891892,0.036575398447078064,0.06303236797274275,1.0955702627692063,1.8090868060779297,0.17546848381601365,1.0729166666666667,YDL125C,non_ess,non_ess
0.31213872832369943,0.14867317832137608,0.054054054054054064,0.435022476501839,0.01677800217492621,0.4131803798762091,1.1097744360902255,0.12692247941587695,1.1010781671159031,YDL171C,non_ess,non_ess
0.04046242774566474,0.015904572564612324,0.32432432432432434,0.02145484266448713,0.03835616438356165,0.886027397260274,1.6592592592592597,0.2493150684931507,0.4945652173913043,YPL013C,non_ess,non_ess
0.10404624277456646,0.020572218860748552,0.2432432432432433,0.02697180220678382,0.08071748878923768,1.933605515025768,2.796472184531886,0.2443946188340808,0.461864406779661,YHR136C,non_ess,non_ess
0.0028901734104046237,0.0002593136831186792,0.054054054054054064,0.002860645688598284,0.010869565217391304,0.3910670210746155,1.4724191383580032,1.0,1.0,YLL019W-A,non_ess,non_ess
0.12716763005780346,0.04425620191892125,0.16216216216216214,0.1610134859011034,0.018227009113504555,0.4323072674356849,1.3192721257237383,0.1975973487986744,0.957831325301205,YGR067C,non_ess,non_ess
0.02890173410404624,0.0076929725991874845,0.054054054054054064,0.1681651001225991,0.003969829297340214,0.1001806069096708,0.287664553876158,0.26558157999206033,0.9422535211267606,YNL041C,non_ess,non_ess
0.01445086705202312,0.004149018929898867,0.21621621621621626,0.052717613404168376,0.006067961165048544,0.140464771708192,0.7429718875502008,0.36771844660194175,1.3004291845493563,YOL121C,non_ess,non_ess
0.0722543352601156,0.02135015991010459,0.027027027027027032,0.06640784634246016,0.024390243902439025,0.4256787850897377,0.6591678761490082,0.29853658536585365,2.095890410958904,YOL007C,non_ess,non_ess
0.04335260115606936,0.011323364162848992,0.0,0.19513690232938294,0.005145797598627789,0.10620430926151844,0.5963729365263893,0.14099485420240138,1.073107049608355,YMR080C,non_ess,non_ess
0.05491329479768786,0.012447056789696605,0.13513513513513514,0.0886800163465468,0.014053254437869823,0.4255168674414768,0.6449402390438248,0.1856508875739645,0.5704545454545454,YOR059C,non_ess,non_ess
0.017341040462427744,0.014262252571527356,0.0,0.1920719248058848,0.0020905923344947735,0.046358148893360165,0.17425934919864008,0.8397212543554007,5.835351089588378,YGR140W,ess,ess
0.11271676300578035,0.03016682513613968,0.21621621621621626,0.1546791990192072,0.01680310211115898,0.4530900078100855,0.8957597173144874,0.1046962516156829,1.2722513089005236,YPL270W,non_ess,non_ess
0.17052023121387286,0.03059901460800415,0.10810810810810813,0.190028606456886,0.020774647887323944,0.3909673317683881,0.5182811016144349,0.09894366197183098,1.8366013071895424,YGR204W,non_ess,non_ess
0.02890173410404624,0.008038724176679056,0.054054054054054064,0.08541070698814876,0.007668711656441719,0.18322743207712533,0.8802308802308803,0.4041411042944785,1.5231213872832368,YOR032C,non_ess,non_ess
0.008670520231213872,0.00224738525369522,0.0,0.007968941561095219,0.017964071856287425,0.4504995772144472,0.2887608069164265,0.4730538922155689,1.0675675675675675,YDR276C,non_ess,non_ess
0.08959537572254335,0.058259140807329926,0.16216216216216214,0.021863506334286884,0.08355795148247977,3.278683178099011,1.1175924493269382,1.0,4.364705882352942,YNL285W,non_ess,non_ess
0.03757225433526011,0.008038724176679056,0.027027027027027032,0.09705762157744176,0.008813559322033898,0.3171442407471463,0.4548104956268221,0.1783050847457627,0.1783050847457627,YPR119W,non_ess,non_ess
0.03757225433526011,0.008816665226035093,0.027027027027027032,0.08275439313445035,0.010276679841897231,0.24084321475625825,1.125,0.21027667984189724,0.8085106382978724,YGL090W,non_ess,non_ess
0.0838150289017341,0.03811911141844585,0.027027027027027032,0.017981201471189208,0.09235668789808917,3.2425113739763423,3.3511111111111105,0.213375796178344,0.7282608695652174,YOR072W,non_ess,non_ess
0.01445086705202312,0.005964214711729622,0.2972972972972973,0.01920719248058848,0.015060240963855422,0.3152610441767068,0.5654761904761905,0.8855421686746988,0.9607843137254902,YAL044W-A,non_ess,non_ess
0.0028901734104046237,8.643789437289306e-05,0.027027027027027032,0.02574581119738456,0.002336448598130841,0.08497381851925498,0.3215130023640662,0.8130841121495327,1.74,YIL029C,non_ess,non_ess
0.023121387283237,0.0016423199930849686,0.027027027027027032,0.05843890478136495,0.00881057268722467,0.3506909145675666,2.1709401709401708,0.2830396475770925,0.7694610778443113,YER106W,non_ess,non_ess
0.03757225433526011,0.008816665226035093,0.054054054054054064,0.047609317531671434,0.017356475300400534,0.2758627665169721,1.2201178451178452,0.6942590120160214,0.9171075837742504,YER039C,non_ess,non_ess
0.06936416184971098,0.011755553634713456,0.054054054054054064,0.1601961585615039,0.009991673605328892,0.2445821737397824,0.7003891050583657,0.3030807660283097,1.9361702127659568,YOR233W,non_ess,non_ess
0.0028901734104046237,0.0012965684155933962,0.0,0.06497752349816102,0.00099601593625498,0.03333153871002477,0.2367567567567568,0.9810756972111554,1.8869731800766285,YHR085W,ess,ess
0.0028901734104046237,0.0003457515774915723,0.13513513513513514,0.005721291377196569,0.00746268656716418,0.17679830016583747,0.19097222222222224,0.8656716417910447,1.2608695652173914,YHL048C-A,non_ess,non_ess
0.031791907514450865,0.006828593655458553,0.054054054054054064,0.09440130772374336,0.007660167130919221,0.3082771911640863,0.7177002583979328,0.20821727019498606,0.592079207920792,YLR238W,non_ess,non_ess
0.023121387283237,0.00449477050739044,0.0,0.053330608908868,0.009603841536614643,0.36641810008675,1.3722627737226276,0.4261704681872749,1.3197026022304832,YBR165W,non_ess,non_ess
0.023121387283237,0.0050998357680006896,0.0,0.03821005312627708,0.01309328968903437,0.25023817084788824,1.6940298507462688,0.39770867430441903,0.6657534246575342,YJR118C,non_ess,non_ess
0.017341040462427744,0.0035439536692886157,0.054054054054054064,0.06286609453752895,0.006166495375128468,0.11202118208580834,0.6740920096852299,0.3843782117163412,1.6120689655172415,YOR096W,non_ess,non_ess
0.0,0.0,0.0,0.07008581937065796,0.0,0.0,0.0,1.0,4.882352941176472,YKL060C,ess,ess
0.0057803468208092465,0.0012965684155933962,0.16216216216216214,0.00939926440539436,0.010638297872340424,0.3016123670212766,0.49609375,0.6170212765957447,1.2340425531914894,YPL271W,non_ess,non_ess
0.026011560693641616,0.004840522084882012,0.0,0.07580711074785453,0.007738607050730869,0.17024935511607908,0.4844890510948904,0.26827171109200343,0.9936305732484076,YGL246C,non_ess,non_ess
0.03757225433526011,0.02109084622698591,0.08108108108108109,0.01736820596648958,0.04262295081967213,2.194262295081967,1.083333333333333,0.4819672131147541,0.8166666666666667,YPR092W,non_ess,non_ess
0.011560693641618495,0.003198202091797044,0.10810810810810813,0.020433183489987745,0.011428571428571429,0.3034229137199434,0.9438943894389438,0.4914285714285714,0.9772727272727272,YOR345C,non_ess,non_ess
0.10693641618497107,0.027314374621834208,0.027027027027027032,0.2691050265631385,0.009247688077980504,0.3223787076486692,0.6704457364341085,0.13921519620094974,0.6817625458996328,YNR070W,non_ess,non_ess
0.0057803468208092465,0.0005186273662373584,0.0,0.011646914589293013,0.00904977375565611,0.2728662817912311,1.8344827586206889,1.0,1.0,YJL026C-A,non_ess,non_ess
0.0028901734104046237,0.0009508168381018238,0.13513513513513514,0.024451709576352003,0.002444987775061125,0.05899611678412196,0.8470588235294116,0.9682151589242054,1.3199999999999998,YGL226C-A,non_ess,non_ess
0.05491329479768786,0.020831532543867232,0.0,0.1223947691050266,0.01028695181375203,0.3836711559285328,0.66796875,0.2896589063345966,1.4498644986449862,YMR092C,non_ess,non_ess
0.1445086705202312,0.053245742933702135,0.10810810810810813,0.12893338782182265,0.02573340195573855,0.9008528784648188,1.2462006079027357,0.1224909933093155,1.7500000000000002,YIL101C,non_ess,non_ess
0.0953757225433526,0.032154896706716216,0.0,0.07539844707805476,0.028522039757994805,1.2064143721447091,1.1108374384236452,0.24027657735522906,2.376068376068376,YFL030W,non_ess,non_ess
0.11560693641618495,0.06724868182211081,0.054054054054054064,0.05843890478136495,0.04405286343612335,0.7945063487950247,1.1633986928104576,0.14757709251101322,0.8023952095808383,YML052W,non_ess,non_ess
0.06069364161849713,0.010891174690984528,0.13513513513513514,0.17327339599509606,0.008095605242868157,0.18280234173012705,1.4370298471244844,0.21781033153430995,0.5922431865828093,YGR150C,non_ess,non_ess
0.008670520231213872,0.0006915031549831446,0.08108108108108109,0.07744176542705354,0.002527379949452401,0.2772734587241937,0.3804173354735152,0.5509688289806234,1.4279475982532748,YLR226W,non_ess,non_ess
0.2283236994219653,0.07684328809750195,0.0,0.09828361258684104,0.05291359678499665,0.8684387540717079,1.024074074074074,0.14266577361018085,0.5933147632311978,YBR006W,non_ess,non_ess
0.02023121387283237,0.0033710778805428297,0.027027027027027032,0.07805476093175318,0.005852842809364548,0.06888075366336235,0.4507841174507841,0.3712374581939799,1.48,YHL022C,non_ess,non_ess
0.0,0.0,0.0,0.03821005312627708,0.0,0.0,0.05926870748299321,1.0,1.0,YAR066W,non_ess,non_ess
0.03757225433526011,0.010545423113492956,0.027027027027027032,0.05823457294646505,0.0143646408839779,0.4379076055013518,0.7836879432624114,0.16464088397790055,0.5580524344569289,YPL064C,non_ess,non_ess
0.08092485549132948,0.014694442043391822,0.027027027027027032,0.10890886800163466,0.01697998787143723,0.36651361575558056,0.5470085470085471,0.12977562158884173,0.5977653631284916,YJR131W,non_ess,non_ess
0.011560693641618495,0.0036303915636615096,0.13513513513513514,0.055782590927666534,0.004602991944764097,0.10873801304181052,0.37696969696969695,0.6075949367088608,1.284671532846715,YNL159C,non_ess,non_ess
0.0028901734104046237,8.643789437289306e-05,0.054054054054054064,0.01838986514098897,0.003125,0.06736979166666666,0.18645833333333334,1.0,1.0,YOL050C,non_ess,non_ess
0.02023121387283237,0.002333823148068113,0.0,0.14078463424601553,0.0033065658951346244,0.045213837428898514,0.09838642563225301,0.8393953708077468,9.92737430167598,YMR001C,ess,ess
0.08670520231213873,0.032154896706716216,0.054054054054054064,0.045565999182672665,0.04172461752433936,1.6561781351987774,1.4002828854314004,0.15577190542420027,0.7777777777777778,YDR410C,non_ess,non_ess
0.05202312138728323,0.011928429423459244,0.027027027027027032,0.10931753167143443,0.010876132930513595,0.3409846950632449,0.96818970503181,0.3099697885196375,0.8142857142857143,YOR132W,non_ess,non_ess
0.07514450867052022,0.022128100959460627,0.027027027027027032,0.07335512872905599,0.023070097604259092,0.7680654446296016,0.7893800813008129,0.2218278615794144,1.6339869281045754,YGR286C,non_ess,non_ess
0.06647398843930635,0.013311435733425534,0.0,0.19697588884348186,0.007817811012916384,0.2294500197287417,0.8578088578088578,0.1478585995921142,0.8070500927643784,YBL085W,non_ess,non_ess
0.031791907514450865,0.010631861007865848,0.2432432432432433,0.06640784634246016,0.010731707317073172,0.2653440349099977,0.4436900958466454,0.2497560975609756,1.93939393939394,YGR283C,non_ess,non_ess
0.02023121387283237,0.002160947359322327,0.027027027027027032,0.02472415202288517,0.01694915254237288,0.3875119923249121,0.9764150943396228,0.7602905569007264,0.7602905569007264,YGR183C,non_ess,non_ess
0.10693641618497107,0.032154896706716216,0.054054054054054064,0.12014711892112792,0.02039691289966924,0.4200649940240704,1.1420491273432447,1.0,6.4785714285714295,YDR046C,non_ess,non_ess
0.0,0.0,0.0,0.04740498569677156,0.0,0.0,0.0,1.0,2.6360424028268548,YGR172C,ess,ess
0.05491329479768786,0.01149623995159478,0.3783783783783784,0.049243972210870464,0.024579560155239332,0.3624691209456095,0.4994208322195493,0.18628719275549807,1.2307692307692308,YIL064W,non_ess,non_ess
0.02023121387283237,0.0045812084017633325,0.0,0.09174499387004496,0.005010737294201861,0.13824015413536347,0.5179127725856697,0.5275590551181102,2.448504983388704,YNL317W,ess,ess
0.03468208092485549,0.007433658916068805,0.1891891891891892,0.056395586432366175,0.013667425968109341,0.2449106821724014,0.7398496240601503,0.18223234624145787,0.5498281786941581,YOR223W,non_ess,non_ess
0.06936416184971098,0.01832483360705333,0.0,0.16571311810380054,0.009665726943213855,0.39060449768100497,0.8678459937565035,0.2388240032219089,1.344671201814059,YIL107C,non_ess,non_ess
0.023121387283237,0.005532025239865157,0.21621621621621626,0.039844707805476096,0.012598425196850394,0.4614106780956178,0.9535864978902954,0.4299212598425197,1.2352941176470589,YKL159C,non_ess,non_ess
0.0722543352601156,0.03310571354481805,0.40540540540540543,0.07029015120555783,0.023105360443622918,1.1556437190989286,1.0055626872058194,0.2412199630314233,1.345360824742268,YCL064C,non_ess,non_ess
0.04046242774566474,0.00898954101478088,0.2432432432432433,0.053739272578667764,0.0166865315852205,0.2798277833183333,0.3967346938775511,0.2693682955899881,1.6142857142857143,YGL005C,non_ess,non_ess
0.023121387283237,0.00561846313423805,0.054054054054054064,0.07846342460155292,0.006655574043261232,0.1269942253107566,0.9327731092436976,0.4026622296173045,0.585247883917775,YGL243W,non_ess,non_ess
0.02890173410404624,0.0075200968104416985,0.0,0.04127503064977524,0.01524390243902439,0.4778304727491719,0.778727445394112,0.2728658536585366,1.0406976744186047,YOR131C,non_ess,non_ess
0.03468208092485549,0.006915031549831446,0.054054054054054064,0.1411932979158153,0.005652378709373528,0.16426682126163994,0.5101214574898787,0.41921808761187,1.6856060606060608,YJR134C,non_ess,non_ess
0.17630057803468208,0.03310571354481805,0.054054054054054064,0.3351042092357989,0.01227364185110664,0.5587525150905432,1.0901639344262295,0.10885311871227364,0.9890310786106032,YMR162C,non_ess,non_ess
0.008670520231213872,0.0036303915636615096,0.16216216216216214,0.020228851655087858,0.008645533141210375,0.3225112173056579,0.4810126582278481,0.5273775216138329,1.525,YPR020W,non_ess,non_ess
0.06069364161849713,0.015126631515256287,0.027027027027027032,0.09154066203514508,0.015064562410329984,0.5702858086558014,1.1163069544364508,0.12553802008608322,0.12553802008608322,YML068W,non_ess,non_ess
0.08959537572254335,0.03656322931973377,0.027027027027027032,0.07928075194115244,0.025535420098846788,0.523747765431666,0.7732942039618488,0.1540362438220758,1.1687500000000002,YKR053C,non_ess,non_ess
0.017341040462427744,0.00786584838793327,0.0,0.09215365753984472,0.004276550249465432,0.7340791471691097,1.217391304347826,0.7277263007840342,1.0,YHR215W,non_ess,non_ess
0.12716763005780346,0.034488719854784335,0.0,0.063342868818962,0.04489795918367346,1.2295033620384568,0.9934971098265892,0.2306122448979592,1.5915492957746482,YPR011C,non_ess,non_ess
0.0722543352601156,0.014780879937764715,0.027027027027027032,0.08827135267674703,0.018573551263001486,0.4233608841010401,0.8420138888888887,0.13595839524517087,1.173076923076923,YLR300W,non_ess,non_ess
0.06358381502890173,0.013657187310917106,0.054054054054054064,0.1937065794850838,0.007601935038009675,0.3570934939283246,1.2789115646258504,0.13372494816862476,0.9042056074766356,YOL090W,non_ess,non_ess
0.08670520231213873,0.02627711988935949,0.10810810810810813,0.1213731099305272,0.016375545851528384,0.3748540792943923,0.9225922592259224,0.1779475982532751,1.0316455696202531,YLR248W,non_ess,non_ess
0.0028901734104046237,8.643789437289306e-05,0.027027027027027032,0.057212913771965676,0.0011235955056179776,0.028477795612627074,0.05723443223443224,0.9584269662921348,2.5927051671732517,YML112W,non_ess,ess
0.01445086705202312,0.0027660126199325783,0.0,0.10482223130363713,0.0031466331025802393,0.07255611495699603,0.4041666666666666,0.7400881057268722,3.7571884984025563,YPR162C,ess,ess
0.13583815028901733,0.05281355346183768,0.054054054054054064,0.15181855333060892,0.020623080298376482,0.5502103325257074,1.2771739130434785,0.11320754716981132,0.3696275071633238,YOR267C,non_ess,non_ess
0.08959537572254335,0.015645258881493648,0.0,0.1536575398447078,0.013443191673894187,0.3002689367160568,0.6480042016806723,0.12922810060711187,0.5786407766990289,YDR119W,non_ess,non_ess
0.06069364161849713,0.011409802057221884,0.054054054054054064,0.14078463424601553,0.009919697685403874,0.538438415623111,1.143356643356643,0.1747756258856873,0.8726415094339622,YKL222C,non_ess,non_ess
0.01445086705202312,0.0016423199930849686,0.027027027027027032,0.02881078872088272,0.010570824524312895,0.3789576912300364,0.8383534136546186,0.3382663847780127,1.0126582278481011,YHR182C-A,non_ess,non_ess
0.01445086705202312,0.001901633676203648,0.0,0.12096444626072746,0.002738225629791895,0.11443175298596985,0.251984126984127,0.4463307776560789,3.9950980392156863,YMR168C,ess,ess
0.017341040462427744,0.002506698936813899,0.10810810810810813,0.03555373927257867,0.01048951048951049,0.5225087412587414,0.5332031250000001,0.2255244755244755,1.0487804878048779,YHR189W,non_ess,non_ess
0.11271676300578035,0.026795747255596854,0.054054054054054064,0.2308949734368615,0.011337209302325582,0.2353820598006645,0.6616071428571428,0.2441860465116279,1.4634146341463412,YGR097W,non_ess,non_ess
0.03757225433526011,0.016768951508341255,0.054054054054054064,0.013894564773191663,0.05118110236220472,0.7786906719839318,1.7829944547134935,0.2204724409448819,0.5283018867924528,YCL001W-B,non_ess,non_ess
0.049132947976878616,0.009681044169764024,0.054054054054054064,0.2071924805884757,0.005498059508408797,0.2199223803363519,0.6577380952380952,0.4023285899094437,1.6325459317585302,YOL089C,non_ess,non_ess
0.18497109826589594,0.05497450082116,0.21621621621621626,0.09991826726604006,0.04218852999340804,0.9295941237404652,0.9917675544794188,0.14765985497692816,1.4358974358974361,YNL241C,non_ess,non_ess
0.17341040462427745,0.04105799982712421,0.08108108108108109,0.3398038414384961,0.011907124429450288,0.25204265101308504,1.2216788102605047,0.07322881524111928,0.2435643564356436,YML059C,non_ess,non_ess
0.06069364161849713,0.021868787276341943,0.1891891891891892,0.06661217817736004,0.02042801556420233,0.9511918703486836,0.5625674217907227,0.28891050583657585,1.9932885906040263,YOL107W,non_ess,non_ess
0.031791907514450865,0.006915031549831446,0.054054054054054064,0.02308949734368615,0.028277634961439587,0.4942312922782666,2.196245733788396,0.3213367609254499,0.8680555555555556,YML057C-A,non_ess,non_ess
0.06647398843930635,0.016077448353358108,0.13513513513513514,0.07539844707805476,0.01987899740708729,0.3940833166760041,1.4609120521172636,0.2921348314606741,0.974063400576369,YIL116W,non_ess,non_ess
0.0722543352601156,0.02204166306508773,0.054054054054054064,0.2178177360032693,0.0076970443349753705,0.2180829228243021,0.8068783068783068,0.2312192118226601,0.8270925110132158,YKL020C,non_ess,non_ess
0.02890173410404624,0.006828593655458553,0.054054054054054064,0.0778504290968533,0.008382229673093045,0.25246609637898776,2.1456953642384105,0.4677284157585918,0.5406976744186047,YHR201C,non_ess,non_ess
0.0028901734104046237,8.643789437289306e-05,0.0,0.03228442991418063,0.0019083969465648848,0.033510623639319864,0.7617328519855595,0.9045801526717556,1.6232876712328763,YDL120W,ess,ess
0.0057803468208092465,0.0020745094649494327,0.08108108108108109,0.012259910093992646,0.008695652173913044,0.29051094890510953,0.6374695863746961,0.3739130434782609,0.589041095890411,YOR304C-A,non_ess,non_ess
0.0028901734104046237,0.0004321894718644654,0.027027027027027032,0.033714752758479766,0.0018348623853211008,0.057080900750625524,0.10795454545454546,0.7321100917431193,2.8098591549295766,YPL211W,ess,ess
0.023121387283237,0.007260783127323019,0.0,0.19248058847568453,0.0027816411682892906,0.061237622734726924,0.18216609261385386,0.35570236439499303,2.1180124223602483,YOR335C,ess,ess
0.0028901734104046237,0.0007779410493560378,0.0,0.15406620351450756,0.00043252595155709344,0.016938923312142917,0.050489596083231336,0.5358996539792388,2.815909090909092,YJL033W,ess,ess
0.04335260115606936,0.027746564093698675,0.1891891891891892,0.045565999182672665,0.02086230876216968,0.3913968604026177,0.8773994929373417,0.2489568845618915,0.9675675675675676,YCR007C,non_ess,non_ess
0.02023121387283237,0.002420261042441006,0.054054054054054064,0.026563138536984058,0.01590909090909091,0.3838578088578089,0.8600427350427351,0.5181818181818182,2.0176991150442483,YBR282W,non_ess,non_ess
0.10404624277456646,0.020572218860748552,0.054054054054054064,0.11176951369023294,0.02128917800118273,0.5268054556343625,0.4829183555298205,0.16499112950916614,0.8746081504702193,YLR044C,non_ess,non_ess
0.031791907514450865,0.00449477050739044,0.054054054054054064,0.03248876174908051,0.02087286527514232,0.3922141840607211,0.8093750000000001,0.3111954459203036,0.993939393939394,YOR097C,non_ess,non_ess
0.011560693641618495,0.00112369262684761,0.054054054054054064,0.017572537801389457,0.012987012987012988,0.31239669421487604,0.37090909090909097,0.7792207792207793,2.7586206896551726,YDR455C,non_ess,non_ess
0.07803468208092486,0.047108652433226726,0.0,0.01941152431548836,0.08059701492537312,1.7931320839411962,1.3355757815591611,0.21194029850746268,1.1451612903225807,YOR029W,non_ess,non_ess
0.05202312138728323,0.009853919958509807,0.1891891891891892,0.10277891295463834,0.011545862732520848,0.3524374599101988,0.5878378378378377,0.2033354714560616,1.6772486772486772,YDR463W,non_ess,non_ess
0.0028901734104046237,0.0003457515774915723,0.054054054054054064,0.006129955046996323,0.0071428571428571435,0.17261904761904762,1.6769374416433238,1.0,1.0,YOL083C-A,non_ess,non_ess
0.008670520231213872,0.0008643789437289308,0.027027027027027032,0.0253371475275848,0.007109004739336493,0.199167413859357,0.6486486486486486,0.7109004739336493,1.8181818181818183,YBR188C,non_ess,non_ess
0.03757225433526011,0.006915031549831446,0.16216216216216214,0.11687780956272988,0.007361268403171008,0.17512548411000656,0.5095679012345679,0.19082672706681766,0.6713147410358566,YGL252C,non_ess,non_ess
0.0,0.0,0.0,0.012055578259092769,0.0,0.0,1.6010935441370229,1.0,1.0,YJL222W-A,non_ess,non_ess
0.046242774566473986,0.008643789437289308,0.0,0.08561503882304862,0.01224177505738332,0.44050403635057694,0.6914765906362544,0.33817903596021426,1.5400696864111498,YPR120C,non_ess,non_ess
0.1213872832369942,0.02204166306508773,0.3783783783783784,0.063342868818962,0.042857142857142864,0.5969908814589665,0.7719858156028367,0.1326530612244898,1.238095238095238,YML004C,non_ess,non_ess
0.09826589595375723,0.01685538940271415,0.027027027027027032,0.1403759705762158,0.01610611084793936,0.4860844261499216,0.8564527260179434,0.3320701089531028,1.618937644341801,YOR365C,non_ess,non_ess
0.0722543352601156,0.011928429423459244,0.16216216216216214,0.0976706170821414,0.016846361185983826,0.2726614754916641,0.9842009842009839,0.1738544474393531,0.9450549450549453,YOR269W,non_ess,non_ess
0.008670520231213872,0.0013830063099662892,0.0,0.08561503882304862,0.002295332823259373,0.06947721705361562,0.19495798319327728,0.7765876052027544,2.582697201017812,YHR118C,ess,ess
0.03468208092485549,0.005272711556746477,0.2702702702702703,0.03044544340008173,0.02414486921529175,0.6001224739742804,0.7111111111111109,0.2334004024144869,0.7160493827160493,YPL135W,non_ess,non_ess
0.07803468208092486,0.017287578874578616,0.0,0.13526767470371884,0.013261296660117878,0.4912010938780346,1.7185929648241205,0.18664047151277013,0.8755760368663594,YNL027W,non_ess,non_ess
0.046242774566473986,0.008384475754170628,0.027027027027027032,0.19248058847568453,0.005563282336578581,0.09191565552411554,0.5693153423288354,0.29694019471488176,0.29694019471488176,YBR073W,non_ess,non_ess
0.049132947976878616,0.010286109430374276,0.054054054054054064,0.20698814875357585,0.0055033991583036575,0.2061773448306307,0.4231601731601731,0.6005179669796049,4.894459102902374,YMR231W,non_ess,non_ess
0.0722543352601156,0.028783818826173393,0.027027027027027032,0.014507560277891298,0.09505703422053233,1.6168880072004554,1.4602547211242862,0.5057034220532319,1.0310077519379846,YFR032C-B,non_ess,non_ess
0.008670520231213872,0.0004321894718644654,0.08108108108108109,0.034940743767879034,0.0053285968028419185,0.26536412078152755,0.8842105263157896,0.4955595026642984,0.958762886597938,YHR121W,non_ess,non_ess
0.02890173410404624,0.007347221021695911,0.08108108108108109,0.02819779321618308,0.02155172413793104,0.6093386184721145,1.2632062471290768,0.3577586206896552,0.8469387755102041,YGL041W-A,non_ess,non_ess
0.02023121387283237,0.004149018929898867,0.027027027027027032,0.017572537801389457,0.022727272727272728,0.5509950248756219,1.4191542288557213,1.0,1.0,YGR242W,non_ess,non_ess
0.023121387283237,0.0035439536692886157,0.0,0.12525541479362487,0.004235044997353097,0.09068966401820884,0.3980305778699145,0.4436209634727369,1.4701754385964911,YNR038W,ess,ess
0.02890173410404624,0.0060506526061025155,0.13513513513513514,0.03105843890478137,0.01976284584980237,0.4027667984189723,0.7169230769230769,0.31620553359683795,1.3675213675213675,YPL223C,non_ess,non_ess
0.0,0.0,0.0,0.021250510829587253,0.0,0.0,1.3250197628458498,1.0,1.0,YJL223C,non_ess,non_ess
0.06358381502890173,0.012792808367188177,0.027027027027027032,0.07928075194115244,0.018121911037891267,0.5969800765647778,0.919492977046934,0.1342668863261944,0.8274111675126904,YGR169C,non_ess,non_ess
0.011560693641618495,0.002333823148068113,0.027027027027027032,0.07355946056395588,0.003539823008849557,0.19221505090159025,0.26423200859291085,0.3584070796460177,0.8635394456289979,YNL331C,non_ess,non_ess
0.026011560693641616,0.005704901028610943,0.16216216216216214,0.01982018798528811,0.026392961876832845,0.8096955856019517,1.088495575221239,0.6011730205278593,1.184971098265896,YAR030C,non_ess,non_ess
0.017341040462427744,0.0027660126199325783,0.054054054054054064,0.01736820596648958,0.019672131147540985,0.5556902640872912,1.3215434083601287,0.7836065573770492,0.7966666666666667,YGL042C,non_ess,non_ess
0.03757225433526011,0.00561846313423805,0.0,0.25561912545974663,0.003418353931107021,0.17730853216568154,0.6553245116572148,0.22219300552195634,1.805555555555556,YMR128W,ess,ess
0.031791907514450865,0.005272711556746477,0.027027027027027032,0.09419697588884347,0.007676203768318212,0.2220110565049764,0.8928289992119778,0.2421493370551291,0.5473186119873816,YLR341W,non_ess,non_ess
0.03757225433526011,0.011150488374103209,0.027027027027027032,0.06232120964446261,0.013471502590673576,0.29167206390328154,0.6281828703703705,0.4103626943005181,2.64,YNR034W,non_ess,non_ess
0.011560693641618495,0.003111764197424151,0.054054054054054064,0.056395586432366175,0.004555808656036446,0.2274603017397907,0.7122153209109732,0.3200455580865604,0.8216374269005848,YDR287W,non_ess,non_ess
0.046242774566473986,0.01754689255769729,0.0,0.1285247241520229,0.008260196179659271,0.17242394692059124,0.6979423868312757,0.17398038203407332,0.9711815561959656,YJL073W,non_ess,non_ess
0.0,0.0,0.0,0.037188393951777685,0.0,0.0,0.0,1.0,4.257142857142857,YKL141W,ess,ess
0.049132947976878616,0.017287578874578616,0.0,0.04086636697997549,0.02615384615384616,0.904175824175824,1.4706349206349203,0.2323076923076923,0.7704081632653061,YGL037C,non_ess,non_ess
0.049132947976878616,0.019362088339528048,0.2702702702702703,0.03514507560277892,0.03003533568904593,0.7898821527019777,1.122835279903343,0.16784452296819788,1.0106382978723405,YBR106W,non_ess,non_ess
0.05780346820809248,0.014089376782781571,0.027027027027027032,0.08541070698814876,0.015337423312883437,0.40290584475221336,0.9923011120615912,0.19248466257668712,0.8776223776223776,YNL128W,non_ess,non_ess
0.07514450867052022,0.01097761258535742,0.40540540540540543,0.20187985288107888,0.008626410086264101,0.17536507484089908,0.6698419571335789,0.2524883875248839,1.5953878406708597,YGL241W,non_ess,non_ess
0.017341040462427744,0.003457515774915723,0.16216216216216214,0.14997956681651006,0.002664298401420959,0.0699983852736961,0.6931818181818181,0.5319715808170515,0.8933631618195378,YOR208W,non_ess,non_ess
0.05780346820809248,0.009248854697899558,0.10810810810810813,0.06232120964446261,0.02072538860103627,0.8028929188255612,0.8487654320987654,0.1803108808290156,0.9456521739130436,YLR257W,non_ess,non_ess
0.10982658959537572,0.029907511453021007,0.0,0.2014711892112792,0.012632978723404254,0.2556674265450861,1.0706349206349208,0.18650265957446807,0.5807453416149068,YFR040W,non_ess,non_ess
0.04335260115606936,0.009248854697899558,0.0,0.1765427053534941,0.005677517032551098,0.12231748323151945,0.3793604651162791,0.30582891748675245,2.8857142857142857,YJL056C,non_ess,ess
0.03468208092485549,0.006396404183594088,0.16216216216216214,0.033714752758479766,0.02201834862385321,0.42012951969778745,0.8161764705882354,0.1963302752293578,0.981651376146789,YGL242C,non_ess,non_ess
0.06358381502890173,0.007952286282306162,0.054054054054054064,0.2278299959133633,0.006480117820324006,0.1704901794674626,0.6439754935330158,0.34609720176730485,1.5064102564102564,YAL019W,non_ess,non_ess
0.023121387283237,0.0027660126199325783,0.0,0.022067838169186758,0.0213903743315508,0.7537638831756479,0.8923076923076924,0.22459893048128346,0.7118644067796611,YDL071C,non_ess,non_ess
0.12716763005780346,0.021523035698850376,0.08108108108108109,0.1961585615038823,0.015017064846416382,0.34366830994817343,0.966137566137566,0.16791808873720138,0.924812030075188,YBR074W,non_ess,non_ess
0.0057803468208092465,0.00224738525369522,0.0,0.046791990192071926,0.0027137042062415195,0.1502289687924016,0.2743055555555555,0.38670284938941657,1.0674157303370786,YML064C,ess,non_ess
0.0,0.0,0.0,0.029423784225582342,0.0,0.0,0.9355529595015576,1.0,1.0,YPR204C-A,non_ess,non_ess
0.03468208092485549,0.006309966289221194,0.027027027027027032,0.09930527176134042,0.007957559681697613,0.291148959932989,0.7982456140350879,0.5557029177718833,1.7137014314928425,YNR073C,non_ess,non_ess
0.008670520231213872,0.0008643789437289308,0.0,0.061912545974662864,0.003128258602711157,0.3006344225390545,0.5166889185580773,0.4171011470281543,1.680672268907563,YOR143C,ess,ess
0.0057803468208092465,0.0002593136831186792,0.10810810810810813,0.07498978340825503,0.0017376194613379669,0.4650384528751166,0.5458754208754208,0.5308427454387489,0.5308427454387489,YJR161C,non_ess,non_ess
0.008670520231213872,0.0010372547324747168,0.13513513513513514,0.05762157744176542,0.003348214285714285,0.07086711218229623,0.19171779141104286,0.5290178571428571,1.0215517241379308,YIL044C,non_ess,non_ess
0.0,0.0,0.0,0.03105843890478137,0.0,0.0,0.0,1.0,1.3493333333333333,YLR008C,ess,ess
0.017341040462427744,0.003025326303051257,0.08108108108108109,0.04658765835717205,0.008174386920980926,0.19808438609528525,0.6,0.3051771117166213,0.6086956521739131,YPL078C,non_ess,non_ess
0.026011560693641616,0.010718298902238741,0.054054054054054064,0.01982018798528811,0.026392961876832845,0.5455784560736855,0.5525460455037919,0.2521994134897361,1.1944444444444444,YEL039C,non_ess,non_ess
0.046242774566473986,0.009248854697899558,0.027027027027027032,0.10380057212913772,0.010165184243964422,0.36522054819386457,0.9411764705882352,0.1905972045743329,0.6711409395973155,YBR138C,non_ess,non_ess
0.0057803468208092465,0.0004321894718644654,0.0,0.042092357989374746,0.0029940119760479052,0.0878726418131479,0.15933528836754646,0.8547904191616766,2.6807511737089205,YOL135C,ess,ess
0.07803468208092486,0.01754689255769729,0.10810810810810813,0.12505108295872494,0.014316012725344643,0.3211097047856874,0.9193548387096774,0.0943796394485684,0.4903581267217629,YLR177W,non_ess,non_ess
0.11560693641618495,0.022906042008816664,0.054054054054054064,0.2174090723334696,0.012338062924120914,0.4522120384242532,1.2165178571428572,0.13448488587291796,0.9276595744680852,YHR119W,non_ess,non_ess
0.19653179190751446,0.03725473247471692,0.0,0.5427053534940744,0.008480917934647045,0.27355287338182965,0.7172291993720565,0.08318782738837616,1.1847246891651866,YGL195W,non_ess,non_ess
0.0,0.0,0.2972972972972973,0.06661217817736004,0.0,0.0,0.0,1.0,3.2024922118380066,YLR265C,non_ess,non_ess
0.04046242774566474,0.007174345232950125,0.054054054054054064,0.08827135267674703,0.010401188707280832,0.32932994540035343,1.0710059171597632,0.16344725111441308,0.7692307692307693,YLR443W,non_ess,non_ess
0.06069364161849713,0.0174604546633244,0.13513513513513514,0.01838986514098897,0.065625,1.435,1.1925925925925926,0.478125,0.9935064935064936,YHR028W-A,non_ess,non_ess
0.13872832369942195,0.03509378511539458,0.08108108108108109,0.0615038823048631,0.050367261280167885,0.9292852634717323,0.946089460894609,0.12067156348373555,0.8914728682170543,YOL002C,non_ess,non_ess
0.03757225433526011,0.011669115740340566,0.054054054054054064,0.020433183489987745,0.03714285714285714,1.3163066202090594,3.2658536585365856,0.3,0.8015267175572519,YDR154C,non_ess,non_ess
0.026011560693641616,0.004149018929898867,0.08108108108108109,0.08541070698814876,0.006901840490797546,0.12666693574426865,0.4499999999999999,0.3450920245398773,1.6917293233082709,YCL037C,non_ess,non_ess
0.04335260115606936,0.006223528394848302,0.2432432432432433,0.05803024111156519,0.01662971175166297,0.4769199758113283,1.1623376623376622,0.19068736141906872,0.9662921348314608,YLR172C,non_ess,non_ess
0.06069364161849713,0.00959460627539113,0.08108108108108109,0.0704944830404577,0.01935483870967742,0.6019484736956052,1.321308724832215,0.2783410138248848,1.923566878980892,YFR046C,non_ess,non_ess
0.0953757225433526,0.030080387241766787,0.16216216216216214,0.04086636697997549,0.05076923076923077,1.0244866687097762,1.1533864541832668,0.18153846153846154,1.0085470085470083,YGL002W,non_ess,non_ess
0.008670520231213872,0.003111764197424151,0.4594594594594595,0.01941152431548836,0.008955223880597015,0.19132835820895525,0.4740000000000001,0.5253731343283582,1.4426229508196722,YLR204W,non_ess,non_ess
0.017341040462427744,0.0019880715705765406,0.027027027027027032,0.020024519820187988,0.017441860465116282,0.4561107497154009,0.4672600127145581,0.3691860465116279,1.3510638297872342,YHR138C,non_ess,non_ess
0.08092485549132948,0.01348431152217132,0.08108108108108109,0.12975071516142214,0.014322250639386191,0.4284561845503938,0.8315995778682345,0.10997442455242967,0.9641255605381168,YPL263C,non_ess,non_ess
0.03757225433526011,0.008643789437289308,0.027027027027027032,0.04699632202697181,0.01756756756756757,0.5729857819905213,0.8672985781990521,0.3932432432432432,2.034965034965035,YHR044C,non_ess,non_ess
0.0,0.0,0.13513513513513514,0.00939926440539436,0.0,0.0,0.0,1.0,1.175,YFR010W-A,non_ess,non_ess
0.049132947976878616,0.008816665226035093,0.0,0.14507560277891296,0.007798165137614679,0.13124565296591925,1.0669258539294642,0.1610091743119266,0.7817371937639198,YOR156C,non_ess,non_ess
0.017341040462427744,0.0026795747255596854,0.0,0.10012259910093993,0.003947368421052632,0.16950187969924813,0.3025210084033614,0.25855263157894737,0.6740994854202401,YDL160C,non_ess,non_ess
0.0028901734104046237,0.0002593136831186792,0.0,0.11810380057212914,0.0005605381165919282,0.03609378046402808,0.15362318840579714,1.0,2.6989409984871413,YLR276C,ess,ess
0.06936416184971098,0.019362088339528048,0.0,0.06272987331426237,0.024716786817713696,0.5901674887527779,0.8097165991902834,0.16992790937178168,1.2043795620437958,YDR480W,non_ess,non_ess
0.031791907514450865,0.005272711556746477,0.10810810810810813,0.06865549652635881,0.010396975425330813,0.3529470599413889,0.662037037037037,0.21644612476370512,0.6189189189189189,YDL226C,non_ess,non_ess
0.026011560693641616,0.00760653470481459,0.0,0.0406620351450756,0.013910355486862442,0.42662455480142464,0.5765217391304348,0.4173106646058733,1.6666666666666663,YEL024W,non_ess,non_ess
0.04335260115606936,0.007779410493560376,0.0,0.06007355946056396,0.016094420600858368,0.5018367643849567,1.1803874092009683,0.1609442060085837,0.4545454545454546,YMR267W,non_ess,non_ess
0.008670520231213872,0.0018151957818307548,0.10810810810810813,0.02370249284838578,0.007537688442211055,0.2828346276838739,0.3340909090909091,0.4698492462311558,1.747663551401869,YKL136W,non_ess,non_ess
0.06069364161849713,0.023424669375054014,0.027027027027027032,0.0960359624029424,0.014383561643835616,0.4556008323218311,0.9026898734177214,0.3746575342465753,1.257471264367816,YBL103C,non_ess,non_ess
0.06358381502890173,0.006915031549831446,0.027027027027027032,0.14282795259501432,0.01024685607824872,0.2855225659769643,0.7058111380145279,0.15882626921285514,0.5036927621861151,YOR022C,non_ess,non_ess
0.01445086705202312,0.003025326303051257,0.1891891891891892,0.03841438496117695,0.008143322475570033,0.29810706164341466,0.5070754716981132,0.4218241042345277,1.2634146341463417,YOR383C,non_ess,non_ess
0.07514450867052022,0.017719768346443083,0.21621621621621626,0.13220269718022068,0.013058764439979907,0.3564908065676989,0.8902798232695139,0.131592164741336,0.495274102079395,YJL149W,non_ess,non_ess
0.15317919075144507,0.033019275650445164,0.1891891891891892,0.1385369840621169,0.02543186180422265,0.5916096229737458,1.4070796460176993,0.1300383877159309,1.3969072164948453,YIL009W,non_ess,non_ess
0.04046242774566474,0.019621402022646728,0.08108108108108109,0.16857376379239886,0.0055445544554455425,0.12766394631094907,0.8825662482566248,0.3413861386138614,0.8288461538461539,YDR505C,non_ess,non_ess
0.05202312138728323,0.015385945198374969,0.16216216216216214,0.09358398038414384,0.012640449438202249,0.2876317055043064,0.5778210116731518,0.21980337078651685,1.1423357664233575,YLR288C,non_ess,non_ess
0.03757225433526011,0.007952286282306162,0.21621621621621626,0.05394360441356764,0.01543942992874109,1.8963412093178318,1.0719298245614035,0.25771971496437057,0.5864864864864865,YML041C,non_ess,non_ess
0.008670520231213872,0.0006915031549831446,0.027027027027027032,0.1258684102983245,0.0015806111696522653,0.0547945205479452,0.2958333333333333,0.8208640674394099,1.25140562248996,YLL035W,ess,ess
0.008670520231213872,0.0006050652606102515,0.0,0.026563138536984058,0.006818181818181818,0.2878059440559441,0.24931318681318684,1.0,1.0,YDR433W,non_ess,non_ess
0.01445086705202312,0.0033710778805428297,0.0,0.18430731507968945,0.00181422351233672,0.035215272690874516,0.0686106346483705,0.4169085631349782,2.316532258064516,YGL008C,ess,ess
0.05202312138728323,0.011928429423459244,0.0,0.0570085819370658,0.020293122886133032,0.5888430636621808,0.7481012658227847,1.0,1.0,YHR046C,non_ess,non_ess
0.008670520231213872,0.001210130521220503,0.10810810810810813,0.07335512872905599,0.0026619343389529732,0.2552935132863214,0.8842105263157894,0.7586512866015972,0.9203444564047364,YOR390W,non_ess,non_ess
0.02890173410404624,0.010199671536001384,0.08108108108108109,0.02451982018798529,0.024390243902439025,0.9804878048780488,0.31208791208791203,0.8682926829268293,0.8682926829268293,YHR070C-A,non_ess,non_ess
0.026011560693641616,0.005186273662373585,0.027027027027027032,0.05353494074376789,0.01076555023923445,0.2947803392779469,1.4386363636363635,0.19617224880382766,0.5015290519877675,YBR185C,non_ess,non_ess
0.0722543352601156,0.012187743106577923,0.10810810810810813,0.10175725378013896,0.016191709844559584,0.2411308513489369,0.8135775862068966,0.11010362694300516,0.6614785992217899,YMR018W,non_ess,non_ess
0.031791907514450865,0.0050998357680006896,0.027027027027027032,0.08929301185124643,0.008082292432035268,0.3397977874595109,0.494299128101945,0.3041880969875092,1.4680851063829787,YLR431C,non_ess,non_ess
0.02890173410404624,0.0035439536692886157,0.10810810810810813,0.06824683285655905,0.009505703422053232,0.1884488357247925,0.5839416058394161,0.4505703422053232,0.8926553672316385,YJR043C,non_ess,non_ess
0.06936416184971098,0.04045293456651397,0.054054054054054064,0.09562729873314264,0.016506189821182942,0.4033435615278806,0.7846153846153844,0.3576341127922971,3.5616438356164384,YIL131C,non_ess,non_ess
0.0057803468208092465,0.0013830063099662892,0.054054054054054064,0.0968532897425419,0.001358695652173913,0.04354001976284585,0.3571428571428571,0.5163043478260869,1.8811881188118809,YJL091C,ess,non_ess
0.09826589595375723,0.043564698763938106,0.0,0.22476501838986515,0.010149253731343285,0.2907653223245475,1.5462765957446807,0.21044776119402986,0.7755775577557756,YOL087C,non_ess,non_ess
0.0057803468208092465,0.0019880715705765406,0.027027027027027032,0.04086636697997549,0.003076923076923077,0.08224333435488812,0.244735344336938,1.0,1.0,YGL218W,non_ess,non_ess
0.031791907514450865,0.0020745094649494327,0.0,0.35002043318348997,0.002119868953555598,0.0825104165974442,0.351419878296146,0.4989400655232222,3.620979020979021,YMR229C,ess,ess
0.07514450867052022,0.013916500994035784,0.08108108108108109,0.16632611360850022,0.01043338683788122,0.2590599195777002,0.895257731958763,0.3374799357945425,2.564024390243904,YDR251W,non_ess,non_ess
0.04335260115606936,0.023165355691935344,0.0,0.08929301185124643,0.011021307861866277,0.4054406566699564,0.8353637312913332,0.23365172667156506,1.003154574132492,YOR307C,non_ess,non_ess
0.01445086705202312,0.003889705246780188,0.0,0.02615447486718431,0.01152073732718894,0.18647579095286312,0.14885401096163428,0.6705069124423964,2.798076923076924,YIR015W,ess,non_ess
0.06647398843930635,0.01322499783905264,0.054054054054054064,0.1140171638741316,0.01334106728538283,0.3524532095901005,0.7436666666666666,0.14153132250580047,0.8714285714285716,YJR053W,non_ess,non_ess
0.2427745664739885,0.2679574725559685,0.1891891891891892,0.022476501838986515,0.22105263157894736,4.444513406156903,1.5747460087082727,1.0,8.444444444444445,YEL008W,non_ess,non_ess
0.04046242774566474,0.0050998357680006896,0.10810810810810813,0.01961585615038824,0.04142011834319527,1.4841726321016264,0.9667832167832168,0.17455621301775148,0.8805970149253731,YHR173C,non_ess,non_ess
0.0953757225433526,0.020572218860748552,0.08108108108108109,0.056599918267266035,0.03745743473325766,0.8441387905900157,1.0145243282498182,0.19977298524404088,0.8110599078341014,YLR091W,non_ess,non_ess
0.02890173410404624,0.005532025239865157,0.0,0.08193706579485084,0.007980845969672785,0.20283483382571887,0.4506363949088407,0.28012769353551475,1.3552123552123552,YCL044C,non_ess,non_ess
0.02023121387283237,0.0013830063099662892,0.08108108108108109,0.05169595422966899,0.00865265760197775,0.20773164642865802,0.3825980392156864,0.3201483312731768,0.8144654088050315,YHR134W,non_ess,non_ess
0.031791907514450865,0.007087907338577231,0.0,0.1176951369023294,0.006186726659167604,0.13425648436281232,1.8306569343065693,0.3807649043869517,0.5517522412387939,YLR089C,non_ess,non_ess
0.046242774566473986,0.005359149451119371,0.10810810810810813,0.10420923579893747,0.010126582278481013,0.4064550962865199,0.6212176449143273,0.2234177215189873,2.521428571428572,YHR207C,non_ess,non_ess
0.008670520231213872,0.00112369262684761,0.027027027027027032,0.06559051900286066,0.002961500493583416,0.07611615042187413,0.17886792452830189,0.6159921026653504,3.073891625615764,YGL225W,ess,ess
0.026011560693641616,0.004321894718644654,0.1891891891891892,0.09480997139354312,0.00624133148404993,0.19450258479384694,0.5727272727272728,0.3210818307905687,1.2754820936639122,YBR272C,non_ess,non_ess
0.01445086705202312,0.003889705246780188,0.027027027027027032,0.1726604004903964,0.0019342359767891683,0.04009405132556283,0.1557492629150109,0.5775628626692456,6.1440329218107,YOR217W,ess,ess
0.03757225433526011,0.013830063099662893,0.0,0.07968941561095219,0.01065573770491803,0.4210456357997341,1.0205920205920207,0.17049180327868851,0.5459317585301837,YNL165W,non_ess,non_ess
0.04046242774566474,0.007001469444204339,0.054054054054054064,0.18083367388639152,0.005175600739371534,0.1991168617785993,0.8263888888888888,0.2454713493530499,0.7830188679245282,YPL150W,non_ess,non_ess
0.0057803468208092465,0.0002593136831186792,0.0,0.06906416019615856,0.0018796992481203009,0.04472815702622894,0.2574257425742575,0.9125939849624058,2.2955082742316786,YBR087W,ess,ess
0.031791907514450865,0.007779410493560376,0.0,0.0723334695545566,0.009892086330935251,0.2472514296255303,0.6935143288084464,0.2589928057553957,0.9696969696969696,YBR249C,non_ess,non_ess
0.017341040462427744,0.005013397873627798,0.0,0.002860645688598284,0.06521739130434782,1.37162471395881,0.9578947368421052,0.44565217391304346,1.4137931034482758,YAL037C-A,non_ess,non_ess
0.0953757225433526,0.022819604114443767,0.054054054054054064,0.05046996322026972,0.04171934260429835,2.2364348925410877,0.8864705882352941,0.1276864728192162,0.7769230769230769,YLR414C,non_ess,non_ess
0.11560693641618495,0.026536433572478167,0.0,0.03105843890478137,0.07905138339920949,1.3394094396651943,0.9411764705882354,0.7075098814229249,0.93717277486911,YLR349W,non_ess,non_ess
0.023121387283237,0.00449477050739044,0.4594594594594595,0.011033919084593379,0.03773584905660377,0.6445981333512388,3.3594306049822067,0.3160377358490566,0.5982142857142857,YML009C,non_ess,non_ess
0.008670520231213872,0.0002593136831186792,0.0,0.09440130772374336,0.0020891364902506965,0.05405452796537144,0.2221223021582734,0.7541782729805014,3.813380281690141,YNL062C,ess,ess
0.03468208092485549,0.006137090500475408,0.054054054054054064,0.10196158561503883,0.007756948933419522,0.323926259890519,0.5447402880838061,0.4104718810601163,3.628571428571429,YDR323C,non_ess,non_ess
0.0953757225433526,0.029475321981156537,0.08108108108108109,0.1176951369023294,0.01856017997750281,0.5350947828938356,1.4136050056152731,0.19178852643419567,1.2135231316725978,YMR120C,non_ess,non_ess
0.02890173410404624,0.002333823148068113,0.0,0.2470371883939518,0.0027196083763937995,0.10391094286449598,0.2503871966959215,0.4422083220016317,3.2390438247011946,YFL008W,ess,ess
0.023121387283237,0.003457515774915723,0.027027027027027032,0.06845116469145894,0.0075829383886255935,0.2710060000466929,0.4785362420830401,0.2786729857819905,1.330316742081448,YJR060W,non_ess,non_ess
0.01445086705202312,0.001901633676203648,0.0,0.049243972210870464,0.00646830530401035,0.22271202859542746,0.29028436018957343,0.4075032341526521,1.96875,YOR060C,ess,ess
0.03468208092485549,0.010199671536001384,0.054054054054054064,0.1121781773600327,0.007071302298173247,0.2798371955982514,0.6418604651162789,0.21154979375368296,1.2210884353741496,YOR386W,non_ess,non_ess
0.07514450867052022,0.01434869046590025,0.08108108108108109,0.04720065386187168,0.03499327052489905,1.0285900730046087,1.344028520499109,0.3068640646029609,0.9344262295081966,YLL038C,non_ess,non_ess
0.1184971098265896,0.07822629440746823,0.0,0.049243972210870464,0.05304010349288486,1.5548230338010414,0.7480276134122287,0.1927554980595084,1.1287878787878791,YJL043W,non_ess,non_ess
0.0,0.0,0.0,0.029423784225582342,0.0,0.0,0.473404255319149,1.0,1.0,YNL339W-B,non_ess,non_ess
0.011560693641618495,0.016509637825222582,0.054054054054054064,0.008377605230894975,0.023121387283237003,0.4971509678481065,0.2552109811896289,0.4913294797687861,2.297297297297297,YGL188C,non_ess,non_ess
0.1676300578034682,0.029388884086783643,0.0,0.3193706579485084,0.012238868959696137,0.2939102299451667,0.5738897619463361,0.1050854610677358,1.1857142857142855,YNR031C,non_ess,non_ess
0.02890173410404624,0.019621402022646728,0.10810810810810813,0.011442582754393136,0.045871559633027525,0.9644994016753092,4.217391304347826,1.0,1.0,YGR270C-A,non_ess,non_ess
0.026011560693641616,0.002420261042441006,0.0,0.3571720474049857,0.0017000377786173025,0.06522673683936271,0.2799188640973631,0.5517567057045712,4.696141479099679,YKL014C,ess,ess
0.03757225433526011,0.0067421557610856594,0.08108108108108109,0.01879852881078873,0.03987730061349693,1.4823776136221358,1.4002267573696143,0.6257668711656442,1.0680628272251311,YMR031W-A,non_ess,non_ess
0.02023121387283237,0.0075200968104416985,0.2702702702702703,0.034123416428279534,0.012704174228675136,0.3700257904288853,2.198245614035088,0.5009074410163339,1.2321428571428568,YGR102C,non_ess,non_ess
0.03757225433526011,0.007433658916068805,0.0,0.01838986514098897,0.040625,1.648359375,1.7410714285714288,0.43125,0.8961038961038962,YPR087W,non_ess,non_ess
0.15895953757225434,0.04633071138387069,0.08108108108108109,0.106661217817736,0.03403465346534654,0.504568752553055,0.618860510805501,0.10334158415841584,1.0774193548387097,YMR015C,non_ess,non_ess
0.0057803468208092465,0.0005186273662373584,0.0,0.08929301185124643,0.0014695077149155034,0.034241231890019534,0.1490941490941491,0.7472446730345335,2.150105708245244,YKL108W,ess,ess
0.03468208092485549,0.01858414729017201,0.2702702702702703,0.0063342868818962,0.08391608391608392,1.8416849422766584,0.6769230769230771,0.4125874125874126,1.5945945945945943,YBR103C-A,non_ess,non_ess
0.06647398843930635,0.010631861007865848,0.054054054054054064,0.07294646505925624,0.02051739518287244,0.9495362243772362,0.7236160892074871,0.2649420160570919,1.202429149797571,YIR034C,non_ess,non_ess
0.04046242774566474,0.010891174690984528,0.027027027027027032,0.10032693093583983,0.009192383453709785,0.23179559511360776,1.6419753086419753,0.33749179251477346,0.8467874794069193,YER090W,non_ess,non_ess
0.02890173410404624,0.011582677845967672,0.0,0.028606456885982838,0.02127659574468085,0.7753279682504685,0.4566062176165802,0.5702127659574469,1.1703056768558953,YOR013W,non_ess,non_ess
0.0057803468208092465,0.0016423199930849686,0.21621621621621626,0.057212913771965676,0.0022471910112359553,0.10399117667333012,0.3656441717791411,0.4820224719101124,1.3406250000000002,YIL076W,non_ess,non_ess
0.0,0.0,0.0,0.017776869636289334,0.0,0.0,0.0,1.0,1.0,YHR165W-A,non_ess,non_ess
0.031791907514450865,0.006569279972339874,0.0,0.06722517368205967,0.010607521697203472,0.2644156500734943,0.4466019417475728,0.4860173577627773,2.8000000000000003,YBL033C,non_ess,non_ess
0.04046242774566474,0.016941827297087042,0.0,0.06742950551695955,0.013461538461538462,0.32221601073345263,1.3204134366925064,0.1932692307692308,0.5317460317460317,YCL032W,non_ess,non_ess
0.06647398843930635,0.011409802057221884,0.2432432432432433,0.1781773600326931,0.0086271567891973,0.4053597858924191,0.8965696465696468,0.1399099774943736,0.8179824561403508,YPR089W,non_ess,non_ess
0.03468208092485549,0.012792808367188177,0.0,0.011033919084593379,0.05660377358490566,2.7318059299191373,1.2857142857142856,0.3443396226415094,0.5251798561151079,YPR108W-A,non_ess,non_ess
0.031791907514450865,0.00950816838101824,0.054054054054054064,0.0723334695545566,0.009892086330935251,0.2629484647576057,0.44117647058823534,0.3345323741007194,1.86,YDR191W,non_ess,non_ess
