hits_count,reads_count,hits_count_pro,ratio_hits_prom,orf_len,insertion_index,reads_by_len,NI,NI_ratio,HFI,HFI_ratio,orf,label,predictions
0.03468208092485549,0.005791338922983836,0.0,0.0,0.1446669391091132,0.005519779208831647,0.030818767249310024,0.4045038198472061,0.9192546583850932,1.0,4.7571115973741795,YDR164C,ess,ess
0.017341040462427744,0.0028524505143054713,0.0,0.0,0.18348998774008995,0.002186588921282799,0.012026239067055394,0.10012494793835901,0.4703296703296703,0.5258746355685131,0.8203524729960204,YML065W,ess,ess
0.07514450867052022,0.021868787276341943,0.054054054054054064,1.0,0.16632611360850022,0.01043338683788122,0.10152487961476724,0.2820714228794554,0.9890393294648614,0.1833868378812199,0.8839458413926499,YJL062W,non_ess,non_ess
0.04335260115606936,0.003889705246780188,0.0,1.0,0.13465467919901922,0.007400098667982241,0.02220029600394672,0.2062966281727293,0.9402332361516036,0.2644301924025654,0.8440944881889765,YOR069W,non_ess,non_ess
0.011560693641618495,0.0005186273662373584,0.0,1.0,0.05762157744176542,0.004464285714285714,0.006696428571428571,0.12921085464753587,0.2888814242526033,0.6540178571428571,2.078014184397163,YBR160W,ess,ess
0.05202312138728323,0.010286109430374276,0.5675675675675675,2.1,0.04944830404577034,0.0231958762886598,0.15335051546391756,0.5278269974226804,0.6796874999999999,0.19201030927835053,1.0205479452054795,YCR059C,non_ess,non_ess
0.023121387283236997,0.01037254732474717,0.0,0.0,0.04944830404577034,0.010309278350515464,0.15463917525773194,0.2603561387066541,0.6654545454545454,0.2860824742268041,0.6646706586826346,YOR039W,non_ess,non_ess
0.023121387283236997,0.005013397873627798,0.08108108108108109,1.0,0.02867456749761613,0.016985138004246284,0.12314225053078555,0.3015073253689092,3.024875621890548,0.29936305732484075,0.4622950819672131,YCL012C,non_ess,non_ess
0.02023121387283237,0.003198202091797044,0.054054054054054064,2.0,0.10155292194523907,0.004542504866969501,0.02401038286826736,0.19599676038412592,0.9767441860465116,0.3588578844905905,0.9170812603648424,YDR169C,non_ess,non_ess
0.0722543352601156,0.020831532543867232,0.08108108108108109,0.75,0.1755210461789947,0.009516558812333459,0.09173962695089456,0.2266026218954313,0.7244674185463659,0.16634944803958887,1.0870646766169154,YOR038C,non_ess,non_ess
0.01445086705202312,0.002160947359322327,0.0,1.0,0.04147936248467512,0.0075872534142640375,0.03793626707132018,0.2354695274729153,0.2450166112956811,0.3884673748103187,2.265486725663717,YDR246W,ess,ess
0.03468208092485549,0.007433658916068805,0.0,1.0,0.11728647323252965,0.0067720090293453715,0.04853273137697517,0.21761797269697947,1.180952380952381,0.38826185101580135,0.38826185101580135,YMR227C,ess,non_ess
0.005780346820809247,0.0002593136831186792,0.054054054054054064,1.0,0.015529219452390684,0.007194244604316547,0.01079136690647482,0.2395931530637559,0.4791863061275118,0.7985611510791367,0.7985611510791367,YGR169C-A,non_ess,non_ess
0.0,0.0,0.0,0.0,0.02697180220678382,0.0,0.0,0.0,0.0,1.0,1.0,YER044C,non_ess,ess
0.005780346820809247,0.0002593136831186792,0.0,0.0,0.03187576624438088,0.003861003861003861,0.0057915057915057895,0.0966132472981788,0.18264840182648398,0.6583011583011583,1.1964912280701754,YGL058W,non_ess,non_ess
0.04624277456647399,0.007952286282306162,0.0,0.0,0.1420106252554148,0.007494145199063231,0.04309133489461359,0.2512264267225441,0.7313019390581718,0.23559718969555035,0.8165584415584415,YOR381W,non_ess,non_ess
0.06936416184971098,0.01149623995159478,0.0,1.0,0.09174499387004496,0.01717967072297781,0.09520400858983537,0.6755334858412883,1.2143150966680378,0.18253400143163925,0.7993730407523509,YBR207W,non_ess,non_ess
0.02023121387283237,0.013397873627798429,0.0,0.0,0.0253371475275848,0.016587677725118485,0.36729857819905215,0.9194097371822492,0.4242424242424244,0.8483412322274881,2.46896551724138,YDR437W,ess,ess
0.06358381502890173,0.012101305212205031,0.054054054054054064,4.0,0.1836943195749898,0.008008736803785948,0.05096468875136512,0.2955707629799928,0.6285714285714286,0.14779759737895887,0.6733001658374793,YMR273C,non_ess,non_ess
0.09826589595375723,0.03656322931973377,0.08108108108108109,1.0,0.14793624846751124,0.0153015301530153,0.1903690369036904,0.5877036683260163,1.4475721323011963,0.15301530153015305,0.8762886597938144,YBR172C,non_ess,non_ess
0.02890173410404624,0.008038724176679056,0.054054054054054064,0.4,0.08541070698814876,0.007668711656441719,0.07131901840490798,0.18322743207712533,0.8802308802308803,0.4041411042944785,1.5231213872832368,YOR032C,non_ess,non_ess
0.03757225433526011,0.0067421557610856594,0.027027027027027032,1.0,0.07362757117558916,0.011494252873563218,0.06896551724137931,0.3903940886699507,0.4895186335403727,0.3519009725906277,1.3222591362126246,YDL115C,non_ess,non_ess
0.008670520231213872,0.0005186273662373584,0.027027027027027032,2.0,0.3077237433592154,0.0006567425569176883,0.0013134851138353765,0.01913177307222841,0.06837606837606837,0.5882224168126094,4.448675496688741,YHR164C,ess,ess
0.031791907514450865,0.006396404183594088,0.027027027027027032,1.0,0.05986922762566409,0.011840688912809472,0.07965554359526372,0.2280890601099088,1.3770676691729324,0.2874058127018299,0.7739130434782608,YOR101W,non_ess,non_ess
0.005780346820809247,0.00112369262684761,0.027027027027027032,1.0,0.014916223947691053,0.007434944237918215,0.0483271375464684,0.19460403289399567,0.8181818181818182,0.9591078066914498,1.883211678832117,YLR438C-A,ess,non_ess
0.02890173410404624,0.005964214711729622,0.08108108108108109,0.75,0.06129955046996322,0.010526315789473684,0.07263157894736842,0.28723196881091617,0.7763532763532763,0.3547368421052632,1.2254545454545456,YDR492W,non_ess,non_ess
0.060693641618497114,0.04546633244014176,0.10810810810810813,4.0,0.0425010216591745,0.031157270029673587,0.7804154302670623,0.9191394658753708,0.8618421052631579,0.38427299703264095,1.2634146341463417,YKL087C,non_ess,non_ess
0.06936416184971098,0.0349209093266488,0.08108108108108109,0.5,0.0480179812014712,0.031788079470198675,0.5350993377483444,0.8500168369064991,0.85006518904824,0.3258278145695364,2.0330578512396693,YOR289W,non_ess,non_ess
0.08670520231213873,0.0325006482842078,0.027027027027027032,0.3333333333333333,0.08724969350224766,0.022539444027047332,0.28249436513899323,0.6064576423375052,1.0084427767354591,0.1990984222389181,0.6847545219638242,YER130C,non_ess,non_ess
0.026011560693641616,0.003284639986169937,0.1891891891891892,1.1666666666666667,0.024315488353085408,0.022113022113022112,0.09336609336609336,0.4033783783783784,1.8,0.24815724815724816,0.5804597701149425,YDR519W,non_ess,non_ess
0.0,0.0,0.0,0.0,0.04454434000817328,0.0,0.0,0.0,0.0,1.0,3.666666666666667,YMR314W,ess,ess
0.011560693641618495,0.004062581035525975,0.027027027027027032,1.0,0.06252554147936247,0.004132231404958678,0.04855371900826446,0.0697635335521373,0.5103668261562999,0.5041322314049587,0.6370757180156658,YNL002C,ess,non_ess
0.05780346820809248,0.024289048318782952,0.054054054054054064,0.3333333333333333,0.027584797711483453,0.04395604395604396,0.6175824175824176,0.9047817047817048,1.6117936117936118,0.1868131868131868,1.0625,YOR298C-A,non_ess,non_ess
0.0028901734104046237,0.0003457515774915723,0.054054054054054064,2.0,0.015733551287290558,0.0035587188612099642,0.014234875444839857,0.08978679179920007,0.3628318584070797,1.0,1.75625,YPR052C,non_ess,non_ess
0.1791907514450867,0.18169245397182124,1.0,3.083333333333333,0.04965263588067021,0.07958921694480102,2.6983311938382544,1.4329255404158356,1.8483163422922464,0.10397946084724004,0.5586206896551724,YCL010C,non_ess,non_ess
0.10404624277456646,0.03267352407295358,0.054054054054054064,4.0,0.06845116469145894,0.034123222748815164,0.3582938388625592,0.8075829383886256,1.0542210020590257,0.1848341232227488,1.6666666666666667,YNL231C,non_ess,non_ess
0.0,0.0,0.0,1.0,0.04781364936657132,0.0,0.0,0.0,0.0,1.0,2.211764705882353,YML092C,ess,ess
0.10404624277456646,0.033624340911055414,0.054054054054054064,0.5,0.23641193297915816,0.01022436807725078,0.11047997727918203,0.18913695527185329,0.7498257839721256,0.20619142289122408,1.1255813953488372,YGL006W,non_ess,non_ess
0.0838150289017341,0.03103120407986861,0.21621621621621626,1.6,0.024315488353085408,0.07125307125307126,0.8820638820638821,1.7759151556619912,1.3110307414104885,0.13022113022113022,0.13022113022113022,YDR482C,non_ess,non_ess
0.2543352601156069,0.09767482064136918,0.054054054054054064,4.0,0.11544748671843072,0.0504297994269341,0.6475644699140402,0.9715056844440336,1.094343151005143,0.07220630372492838,1.0413223140495866,YHR032W,non_ess,non_ess
0.0838150289017341,0.019621402022646728,0.054054054054054064,0.6666666666666666,0.1203514507560278,0.015960374243258118,0.12493120528343425,0.29978582464143866,1.1140213026017114,0.3159053384700055,0.6545039908779932,YNR039C,non_ess,non_ess
0.04624277456647399,0.01737401676895151,0.08108108108108109,0.75,0.06640784634246016,0.015609756097560976,0.19609756097560976,0.3945336064047664,0.5016357688113414,0.19609756097560976,1.0923913043478262,YOR026W,non_ess,non_ess
0.008670520231213872,0.0006050652606102515,0.0,1.0,0.12096444626072746,0.0016429353778751367,0.003833515881708653,0.053446011534288816,0.16192733017377564,0.7595837897042717,2.762948207171315,YDR091C,ess,ess
0.031791907514450865,0.006828593655458553,0.4864864864864865,2.5714285714285716,0.051491622394769114,0.013647642679900743,0.09801488833746898,0.2366550569523753,0.2942168674698795,0.3027295285359802,1.4104046242774568,YKL007W,non_ess,non_ess
0.060693641618497114,0.009853919958509809,0.027027027027027032,2.0,0.12382509194932573,0.011241970021413276,0.06102783725910065,0.30436592909826315,0.7555555555555556,0.16970021413276232,1.5095238095238095,YOR137C,non_ess,non_ess
0.023121387283236997,0.003889705246780188,0.08108108108108109,3.0,0.1068655496526359,0.00494132180358246,0.027794935145151328,0.15529529149047372,0.7403846153846154,0.3316862260654725,1.0037383177570092,YER014W,non_ess,non_ess
0.008670520231213872,0.002074509464949433,0.0,0.0,0.08765835717204741,0.002243829468960359,0.017950635751682868,0.10709873690048996,0.19515079834417506,0.4599850411368736,1.6099476439790577,YOR244W,ess,ess
0.049132947976878616,0.007260783127323019,0.027027027027027032,0.3333333333333333,0.10053126277073968,0.011140235910878113,0.05504587155963303,0.27943813508667065,0.6128097843579015,0.17562254259501967,1.4806629834254146,YOR231W,non_ess,non_ess
0.1213872832369942,0.02532630305125767,0.1891891891891892,1.4,0.4621986105435227,0.006143943826799297,0.04286132241076653,0.14751909880640132,0.5796834744203165,0.17495611468695146,0.912280701754386,YFR019W,non_ess,non_ess
0.10404624277456646,0.02895669461491918,0.10810810810810813,8.0,0.12689006947282389,0.01881860951385259,0.17511761630946154,0.6444957417576064,0.5290771175726928,0.12807109252483012,0.12807109252483012,YHR161C,non_ess,non_ess
0.04335260115606936,0.00786584838793327,0.2432432432432433,1.0,0.063342868818962,0.015306122448979591,0.09285714285714286,0.35266013920018874,0.8422791081750619,0.14285714285714285,0.8383233532934132,YIL041W,non_ess,non_ess
0.2543352601156069,0.1247298815800847,0.2432432432432433,1.5,0.05169595422966899,0.10877626699629173,1.7836835599505565,2.161285537700865,1.294328358208955,0.08405438813349815,1.0625000000000002,YAL039C,non_ess,non_ess
0.06358381502890173,0.016768951508341255,0.16216216216216214,12.0,0.19595422966898246,0.007516228220020498,0.06627946703108985,0.1241749491102246,0.4772981435920377,0.1885889989750598,1.0434782608695652,YBR084W,non_ess,non_ess
0.05780346820809248,0.010286109430374276,0.0,1.0,0.08806702084184717,0.014892032762472078,0.08860759493670886,0.32378588566228184,0.95,0.2122114668652271,0.9827586206896552,YKL027W,non_ess,non_ess
0.0722543352601156,0.026882185149969744,0.054054054054054064,2.0,0.03923171230077646,0.039936102236421724,0.4968051118210863,0.5390986072769006,1.0,0.1805111821086262,1.3614457831325302,YML001W,non_ess,non_ess
0.0722543352601156,0.014780879937764715,0.027027027027027032,1.0,0.08827135267674703,0.018573551263001486,0.12704309063893016,0.4233608841010401,0.8420138888888887,0.13595839524517087,1.173076923076923,YLR300W,non_ess,non_ess
0.011560693641618495,0.001210130521220503,0.0,1.0,0.08295872496935024,0.003154574132492113,0.011041009463722398,0.1276522190052288,0.2908324552160169,0.8619873817034699,1.6998444790046656,YDL150W,ess,ess
0.023121387283236997,0.004062581035525975,0.10810810810810813,4.0,0.04352268083367389,0.011611030478955007,0.06821480406386067,0.3041315916787615,0.6355555555555555,0.2772133526850508,0.9095238095238096,YFL034C-A,non_ess,non_ess
0.005780346820809247,0.0007779410493560378,0.027027027027027032,0.3333333333333333,0.043931344503473635,0.002877697841726619,0.012949640287769784,0.04265685126317551,0.08531370252635102,0.5913669064748202,0.5913669064748202,YER002W,non_ess,non_ess
0.05780346820809248,0.014953755726510504,0.054054054054054064,0.6666666666666666,0.07539844707805476,0.01728608470181504,0.1495246326707001,0.4168440425358085,0.6885572139303483,0.13396715643906654,0.5636363636363637,YML027W,non_ess,non_ess
0.0,0.0,0.0,0.0,0.07805476093175318,0.0,0.0,0.0,0.0,1.0,3.68,YPL028W,ess,ess
0.05202312138728323,0.01348431152217132,0.054054054054054064,4.0,0.09664895790764202,0.012253233492171544,0.10619469026548672,0.3397635008723328,0.749290444654683,0.21647379169503064,1.0358306188925082,YLR183C,non_ess,non_ess
0.017341040462427744,0.0012965684155933962,0.0,0.0,0.09011033919084592,0.0043699927166788045,0.010924981791697014,0.11246878576630943,0.22127329192546585,0.4100509832483613,1.4661458333333337,YBR029C,ess,ess
0.05202312138728323,0.02783300198807157,0.027027027027027032,0.2,0.03051355401171503,0.03614457831325301,0.6465863453815262,0.7864184008762322,0.7291866028708134,0.15863453815261044,0.5642857142857143,YGL087C,non_ess,non_ess
0.04046242774566474,0.011755553634713456,0.13513513513513514,1.25,0.042092357989374746,0.020958083832335328,0.20359281437125748,0.5094625563687439,1.0370370370370372,0.27994011976047906,1.9278350515463918,YCR051W,non_ess,non_ess
0.02023121387283237,0.0033710778805428297,0.0,0.0,0.085002043318349,0.00539291217257319,0.0300462249614792,0.18978556753980488,0.455,0.3998459167950693,1.9080882352941173,YOL097C,ess,ess
0.14161849710982655,0.026882185149969744,0.0,1.0,0.06926849203105845,0.045923149015932516,0.2914714151827554,1.378153701968135,1.9306,0.10121836925960637,0.5934065934065934,YMR244W,non_ess,non_ess
0.023121387283236997,0.0018151957818307548,0.0,0.0,0.048630976706170816,0.010471204188481676,0.0274869109947644,0.2232210477789852,0.4132973944294701,0.4816753926701571,3.607843137254902,YOR004W,ess,ess
0.08092485549132948,0.046590025066989366,0.027027027027027032,1.0,0.10706988148753577,0.01726263871763255,0.3323057953144266,0.6582566631888457,0.8615384615384615,0.1781750924784217,0.9003115264797508,YPL214C,non_ess,non_ess
0.008670520231213872,0.0005186273662373584,0.08108108108108109,1.5,0.04495300367797303,0.004225352112676056,0.008450704225352112,0.0823172612316233,0.6824817518248173,0.7774647887323943,1.4798927613941018,YJR099W,non_ess,non_ess
0.05202312138728323,0.015299507304002076,0.027027027027027032,0.3333333333333333,0.1264814058030241,0.009438909281594129,0.09281594126900893,0.2260776672911188,0.5422381745930008,0.15416885159937074,1.0315789473684212,YDR380W,non_ess,non_ess
0.02890173410404624,0.0027660126199325783,0.027027027027027032,0.16666666666666666,0.03677973028197794,0.01694915254237288,0.05423728813559322,0.5177896063874492,0.5831037649219467,0.27288135593220336,1.9634146341463408,YMR118C,non_ess,non_ess
0.017341040462427744,0.0060506526061025155,0.1891891891891892,1.75,0.04658765835717205,0.008174386920980926,0.09536784741144416,0.2854942711594767,0.3975155279503106,0.5286103542234333,0.941747572815534,YER120W,non_ess,non_ess
0.023121387283236997,0.006828593655458553,0.10810810810810813,1.3333333333333333,0.027993461381283204,0.01735357917570499,0.17136659436008678,0.524503076718757,0.6530612244897959,0.2754880694143167,0.2754880694143167,YCR087C-A,non_ess,non_ess
0.0,0.0,0.0,1.0,0.16571311810380054,0.0,0.0,0.0,0.0,1.0,2.515704154002026,YJL087C,ess,ess
0.0,0.0,0.0,0.0,0.02165917449938701,0.0,0.0,0.0,0.0,1.0,3.0413223140495864,YKL058W,ess,ess
0.04335260115606936,0.00950816838101824,0.027027027027027032,0.5,0.12382509194932573,0.008029978586723769,0.05888650963597431,0.27901545683214424,0.9563318777292578,1.0,2.4165588615782663,YHR206W,non_ess,non_ess
0.04335260115606936,0.005445587345492263,0.0,0.0,0.115038823048631,0.008625646923519264,0.03622771707878091,0.32956282696812017,0.5972022955523671,0.2288671650373778,0.868995633187773,YHR194W,non_ess,non_ess
0.049132947976878616,0.0045812084017633325,0.027027027027027032,0.2,0.05578259092766653,0.01956271576524741,0.060989643268124276,0.7967360602573491,0.8366370471633631,0.3705408515535098,0.3705408515535098,YFL028C,non_ess,non_ess
0.023121387283236997,0.0025931368311867924,0.0,1.0,0.10993052717613404,0.004807692307692308,0.018028846153846152,0.15891513377926422,0.3478260869565218,0.3990384615384616,2.4057971014492754,YBR196C,ess,ess
0.03757225433526011,0.005186273662373585,0.054054054054054064,1.0,0.05905190028606457,0.014176663031624863,0.06543075245365322,0.2496459118918421,0.23643144004589786,0.25081788440567065,1.691176470588235,YPR192W,non_ess,non_ess
0.04335260115606936,0.0087302273316622,0.08108108108108109,1.5,0.09910093992644056,0.009966777408637871,0.06710963455149503,0.14012382965871334,0.7159090909090908,0.3142857142857143,1.2613333333333334,YNR012W,non_ess,non_ess
0.017341040462427744,0.0036303915636615096,0.08108108108108109,0.75,0.03391908459337965,0.010948905109489052,0.07664233576642336,0.2303382337822556,0.4609475032010243,0.2883211678832117,0.8586956521739131,YML078W,non_ess,non_ess
0.05780346820809248,0.017633330452070186,0.054054054054054064,1.0,0.08071107478545159,0.016194331983805668,0.1651821862348178,0.2501124606387765,0.7218013468013469,0.19676113360323888,0.801980198019802,YDL128W,non_ess,non_ess
0.06358381502890173,0.025066989368138996,0.10810810810810813,2.0,0.0760114425827544,0.018867924528301886,0.24871355060034306,0.4168216848259367,0.7112676056338029,0.1680960548885077,1.031578947368421,YPR054W,non_ess,non_ess
0.02890173410404624,0.00449477050739044,0.0,0.0,0.10339190845933798,0.006377551020408163,0.03316326530612245,0.15340410357691464,0.2192982456140352,1.0,10.73972602739726,YCL043C,ess,ess
0.011560693641618495,0.0009508168381018238,0.027027027027027032,0.5,0.03698406211687781,0.006745362563237775,0.018549747048903883,0.16863406408094433,0.4130434782608695,0.6509274873524452,1.233226837060703,YMR295C,non_ess,non_ess
0.04046242774566474,0.006915031549831446,0.0,0.0,0.18961994278708624,0.0049400141143260395,0.028228652081863093,0.14277450628781654,0.4371584699453552,0.2981651376146789,1.272590361445783,YDR395W,non_ess,non_ess
0.09248554913294796,0.01918921255078226,0.08108108108108109,0.75,0.17940335104209235,0.011922503725782414,0.08271236959761549,0.2177003324544308,0.912087912087912,0.2436661698956781,1.149384885764499,YPL249C,non_ess,non_ess
0.03468208092485549,0.007779410493560376,0.16216216216216214,1.5,0.07335512872905599,0.010647737355811893,0.07985803016858918,0.3746624705559421,0.5738468049090141,0.16149068322981364,0.5321637426900584,YBR204C,non_ess,non_ess
0.08092485549132948,0.012274181000950816,0.054054054054054064,0.6666666666666666,0.1446669391091132,0.012879484820607176,0.06531738730450783,0.4544618215271389,1.5132275132275133,0.33210671573137074,1.7231503579952268,YMR237W,non_ess,non_ess
0.02023121387283237,0.008557351542916414,0.027027027027027032,0.2,0.03044544340008173,0.014084507042253518,0.1991951710261569,0.31320659382302785,0.5165103954341623,0.2635814889336016,1.1196581196581197,YMR022W,non_ess,non_ess
0.01445086705202312,0.0008643789437289308,0.0,1.0,0.11279117286473235,0.0029308323563892145,0.005861664712778429,0.05570712991580518,0.20606060606060608,0.9525205158264948,4.765395894428153,YKR002W,ess,ess
0.031791907514450865,0.004062581035525975,0.027027027027027032,0.3333333333333333,0.11789946873722927,0.006176305446378439,0.026389668725435148,0.40657736424159785,1.0410714285714286,0.21560920830993824,0.8,YDR101C,non_ess,non_ess
0.0,0.0,0.0,0.0,0.06048222313036373,0.0,0.0,0.0,0.0,1.0,1.1022326674500589,YLR340W,ess,ess
0.03757225433526011,0.003803267352407295,0.0,1.0,0.3539027380465877,0.002478078536027449,0.008387342737323675,0.07263333640080455,0.2694991789819376,0.2689668318719024,1.8043478260869563,YNL172W,ess,ess
0.08959537572254335,0.01581813467023943,0.08108108108108109,0.75,0.20024519820187986,0.01036789297658863,0.06120401337792643,0.5377036605197754,0.8887614678899083,0.13177257525083613,1.0341207349081365,YHR073W,non_ess,non_ess
0.023121387283236997,0.0035439536692886157,0.0,0.0,0.19513690232938294,0.00274442538593482,0.014065180102915952,0.07579533318230362,0.18867924528301885,0.3804459691252144,3.9049295774647885,YEL032W,ess,ess
0.10404624277456646,0.02204166306508773,0.027027027027027032,0.3333333333333333,0.2480588475684512,0.009750812567713976,0.06906825568797399,0.2194778273912036,0.8125516102394714,0.3315276273022752,2.4094488188976366,YMR304W,non_ess,non_ess
0.049132947976878616,0.007174345232950125,0.0,1.0,0.12607274213322436,0.008942661756970016,0.0436612309310889,0.22601512988151606,0.7003023431594861,0.22987901104681746,1.3282674772036474,YBR021W,non_ess,non_ess
0.08092485549132948,0.014002938888408678,0.0,1.0,0.22905598692276255,0.008203926164664518,0.04746557280984471,0.23686578010225226,0.7334206453149185,0.16056255493700558,1.73968253968254,YOR188W,non_ess,non_ess
0.08959537572254335,0.01901633676203648,0.13513513513513514,0.8333333333333334,0.14609726195341236,0.014123006833712985,0.10022779043280182,0.2621867881548975,0.6176470588235294,0.1712984054669704,1.2876712328767124,YJL082W,non_ess,non_ess
0.023121387283236997,0.007260783127323019,0.0,0.0,0.19248058847568453,0.0027816411682892906,0.02920723226703755,0.061237622734726924,0.18216609261385386,0.35570236439499303,2.1180124223602483,YOR335C,ess,ess
0.05202312138728323,0.017114703085832832,0.13513513513513514,1.6666666666666667,0.0443400081732734,0.025677603423680456,0.28245363766048504,0.6578585998640126,0.8006230529595015,0.16547788873038516,0.9354838709677421,YHR008C,non_ess,non_ess
0.02023121387283237,0.0013830063099662892,0.0,0.0,0.2194523906824684,0.002139364303178484,0.004889975550122249,0.06505493768262867,0.21833958724202626,0.35574572127139364,1.0355871886120998,YPL160W,ess,ess
0.04046242774566474,0.007174345232950125,0.1891891891891892,1.1666666666666667,0.08295872496935024,0.011041009463722398,0.06545741324921135,0.3942605126948639,0.9363538295577132,0.194794952681388,1.0122950819672132,YNL253W,non_ess,non_ess
0.05202312138728323,0.007779410493560376,0.054054054054054064,0.6666666666666666,0.06538618716796077,0.01782178217821782,0.0891089108910891,0.5930303266547127,0.9921259842519684,0.2306930693069307,0.7740863787375416,YIL096C,non_ess,non_ess
0.017341040462427744,0.002074509464949433,0.0,0.0,0.07989374744585206,0.004905968928863451,0.019623875715453803,0.15843591438076146,0.7534246575342466,0.4178250204415372,1.5674846625766867,YMR235C,ess,ess
0.0722543352601156,0.01901633676203648,0.027027027027027032,0.3333333333333333,0.0913363302002452,0.017972681524083392,0.15815959741193386,0.547548293395658,1.150649904112508,0.1588785046728972,0.9735682819383259,YHR018C,non_ess,non_ess
0.09248554913294796,0.01849770939579912,0.027027027027027032,1.0,0.21209644462607274,0.010113780025284451,0.06763590391908976,0.2891522433128087,0.920863309352518,0.11662452591656132,1.3369565217391304,YMR261C,non_ess,non_ess
0.03757225433526011,0.014953755726510504,0.08108108108108109,0.5,0.04740498569677156,0.01742627345844504,0.2319034852546917,0.5167220959038925,0.6942246835443038,0.4571045576407507,2.2287581699346406,YPL107W,non_ess,non_ess
0.06647398843930635,0.017114703085832832,0.027027027027027032,2.0,0.0986922762566408,0.015343562374916613,0.13208805870580387,0.4315647051085701,0.6073943661971831,0.2254836557705137,1.5022222222222223,YDR348C,non_ess,non_ess
0.0838150289017341,0.03267352407295358,0.0,1.0,0.16223947691050267,0.011924342105263159,0.15542763157894735,0.3375450816423589,1.0158411423471665,0.2208059210526316,2.0264150943396224,YPL207W,non_ess,non_ess
0.10115606936416184,0.036303915636615086,0.054054054054054064,0.6666666666666666,0.1826726604004904,0.01281112737920937,0.15373352855051245,0.2665248291849683,1.1302083333333333,0.13140556368960468,0.8527315914489311,YKR089C,non_ess,non_ess
0.01445086705202312,0.00449477050739044,0.0,1.0,0.11238250919493258,0.002941176470588236,0.03058823529411765,0.06647934608086413,0.14112903225806453,0.38235294117647056,2.6530612244897958,YDL003W,ess,ess
0.04335260115606936,0.007952286282306162,0.0,1.0,0.1908459337964855,0.005259467040673212,0.03225806451612903,0.09366327474560593,0.4746317512274959,0.2615708274894811,2.0,YGL167C,non_ess,non_ess
0.060693641618497114,0.01633676203647679,0.08108108108108109,1.5,0.1203514507560278,0.011557512383048982,0.10401761144744084,0.323235102816831,1.4545454545454548,0.5388002201430929,1.0711159737417943,YHL019C,non_ess,non_ess
0.1184971098265896,0.02852450514305472,0.0,1.0,0.06640784634246016,0.04,0.32195121951219513,0.8283817427385893,1.2574418185098326,0.11902439024390245,0.9838709677419356,YPL004C,non_ess,non_ess
0.02890173410404624,0.0019880715705765406,0.0,0.0,0.1894156109521864,0.0035323207347227135,0.008124337689862239,0.12538705765945535,0.4473684210526316,0.4874602613917344,2.664092664092664,YLR129W,ess,ess
0.0028901734104046237,0.0004321894718644654,0.0,0.0,0.05537392725786678,0.0011587485515643105,0.005793742757821553,0.025560322779326256,0.07057057057057056,0.5955967555040557,2.582914572864322,YGR132C,non_ess,ess
0.05780346820809248,0.020831532543867232,0.08108108108108109,3.0,0.06804250102165918,0.019065776930409915,0.2297426120114395,0.5636597423903164,1.5863787375415281,0.2202097235462345,0.77,YDR297W,non_ess,non_ess
0.026011560693641616,0.003976143141153081,0.027027027027027032,1.0,0.07621577441765427,0.007698887938408894,0.03934987168520103,0.5846106382083608,0.8398486759142497,0.5782720273738238,1.5089285714285714,YGR112W,non_ess,non_ess
0.03757225433526011,0.005013397873627798,0.13513513513513514,5.0,0.1356763383735186,0.006366307541625857,0.02840352595494613,0.1654967896397867,0.8632478632478632,0.19980411361410386,0.8464730290456433,YKL126W,non_ess,non_ess
0.2283236994219653,0.04650358717261648,0.027027027027027032,0.5,0.3124233755619125,0.01703687729135217,0.116023290920854,0.4729064454388613,0.8554687500000001,0.0914384300194091,1.3993399339933994,YML072C,non_ess,non_ess
0.05202312138728323,0.011323364162848992,0.054054054054054064,0.5,0.06477319166326115,0.017982017982017984,0.13086913086913088,0.9813686313686314,1.1368421052631579,0.2937062937062937,0.2937062937062937,YCR036W,non_ess,non_ess
0.05202312138728323,0.01184199152908635,0.027027027027027032,2.0,0.1791990192071925,0.006713912719134651,0.05110033569563596,0.21329584253866235,1.2552831783601013,0.16449086161879894,0.55125,YOR129C,non_ess,non_ess
0.011560693641618495,0.0015558820987120756,0.08108108108108109,1.0,0.052513281569268495,0.0048721071863581,0.02192448233861145,0.1942537794655012,0.3941176470588235,0.3714981729598051,1.1466165413533835,YKR030W,non_ess,non_ess
0.023121387283236997,0.0035439536692886157,0.0,0.0,0.12525541479362487,0.004235044997353097,0.02170460561143462,0.09068966401820884,0.3980305778699145,0.4436209634727369,1.4701754385964911,YNR038W,ess,ess
0.09248554913294796,0.021177284121358803,0.054054054054054064,0.4,0.18696362893338786,0.01144901610017889,0.08765652951699464,0.21152709876291426,1.0076004343105318,0.10518783542039356,0.6805555555555556,YOR219C,non_ess,non_ess
0.0,0.0,0.0,0.0,0.03637106661217818,0.0,0.0,0.0,0.0,1.0,2.0207612456747404,YDR328C,ess,ess
0.09248554913294796,0.020572218860748552,0.027027027027027032,1.0,0.11238250919493258,0.018823529411764704,0.14,0.3301938311141075,0.4390566453603703,0.14411764705882352,1.441176470588235,YGL003C,non_ess,non_ess
0.18208092485549127,0.10943037427608264,0.08108108108108109,3.0,0.1409889660809154,0.029716981132075482,0.5971698113207548,1.2082365747460089,1.5237315875613748,0.15518867924528304,1.4059829059829059,YPL155C,non_ess,non_ess
0.02890173410404624,0.0037168294580344026,0.08108108108108109,0.75,0.08827135267674703,0.007429420505200594,0.03194650817236255,0.1955762362816402,0.4361598440545809,0.2637444279346211,0.9594594594594594,YGR223C,non_ess,non_ess
0.031791907514450865,0.0033710778805428297,0.054054054054054064,1.0,0.05387549380193435,0.013079667063020214,0.04637336504161712,0.3108687206413864,1.3691654879773691,0.27110582639714625,0.7676767676767677,YML026C,non_ess,non_ess
0.008670520231213872,0.0008643789437289308,0.0,1.0,0.061912545974662864,0.003128258602711157,0.010427528675703858,0.3006344225390545,0.5166889185580773,0.4171011470281543,1.680672268907563,YOR143C,ess,ess
0.008670520231213872,0.0019880715705765406,0.0,0.0,0.06007355946056396,0.003218884120171674,0.02467811158798283,0.07850005937335662,0.19209486166007905,0.6008583690987125,2.7722772277227725,YGR231C,non_ess,non_ess
0.011560693641618495,0.0014694442043391822,0.0,0.0,0.0995096035962403,0.0026472534745201853,0.011250827266710787,0.07818354622492697,0.4473684210526315,1.0,3.299126637554585,YGL065C,ess,ess
0.011560693641618495,0.0008643789437289308,0.0,0.0,0.0596648957907642,0.0043196544276457895,0.01079913606911447,0.07162792215917436,0.19439917024744405,0.4038876889848812,2.125,YDR075W,non_ess,non_ess
0.060693641618497114,0.0087302273316622,0.027027027027027032,1.0,0.0380057212913772,0.03453947368421053,0.16611842105263158,0.6214475353994123,0.9627220812182744,0.3009868421052632,1.7766990291262137,YDL135C,non_ess,non_ess
0.07803468208092486,0.019275650445155158,0.054054054054054064,2.0,0.1491622394769105,0.012053571428571427,0.09955357142857142,0.20896835219236207,0.6643855562026791,0.13258928571428572,1.2272727272727273,YJL099W,non_ess,non_ess
0.011560693641618495,0.00224738525369522,0.027027027027027032,0.125,0.07948508377605233,0.003286770747740345,0.021364009860312245,0.07860245918250787,0.2774993405433922,0.5932621199671323,3.9239130434782608,YKL149C,non_ess,non_ess
0.11560693641618495,0.025066989368138996,0.027027027027027032,0.5,0.2331426236207601,0.01151742009789807,0.08350129570976103,0.3098385730382521,0.949851585689736,0.1206449755254823,0.8396793587174348,YJL020C,non_ess,non_ess
0.08959537572254335,0.031722707234851766,0.08108108108108109,0.5,0.03677973028197794,0.05254237288135593,0.6220338983050847,1.0789658368644066,1.4849917763157894,0.12542372881355932,0.6271186440677965,YPR037C,non_ess,non_ess
0.023121387283236997,0.0025931368311867924,0.0,0.0,0.052717613404168376,0.009708737864077669,0.03640776699029126,0.4106063381571716,0.42105263157894735,0.2402912621359224,1.3943661971830985,YPL094C,ess,ess
0.04335260115606936,0.00760653470481459,0.10810810810810813,1.3333333333333333,0.10359624029423783,0.009548058561425843,0.056015276893698285,0.485359643539147,1.0986842105263157,0.2215149586250796,1.4146341463414631,YHR086W,non_ess,non_ess
0.12716763005780346,0.036131039847869306,0.16216216216216214,1.2,0.06559051900286066,0.04343534057255676,0.4126357354392892,1.055744706569696,1.6366030283080977,0.10661401776900296,0.8437500000000001,YKL151C,non_ess,non_ess
0.02023121387283237,0.003803267352407295,0.08108108108108109,1.5,0.09521863506334287,0.00483425414364641,0.03038674033149171,0.1016279719411509,0.4561797752808989,0.31906077348066303,1.1876606683804627,YNL071W,non_ess,non_ess
0.026011560693641616,0.003111764197424151,0.0,0.0,0.09746628524724152,0.006076975016880486,0.024307900067521943,0.18261975287953985,0.5192909280500522,0.5482781904118839,1.2265861027190332,YNL119W,non_ess,ess
0.04046242774566474,0.00786584838793327,0.08108108108108109,0.3333333333333333,0.08581937065794852,0.010687022900763359,0.06946564885496183,0.3333773468124613,0.7351351351351352,0.41603053435114506,1.187363834422658,YMR240C,ess,non_ess
0.05780346820809248,0.00898954101478088,0.13513513513513514,1.25,0.06742950551695955,0.019230769230769232,0.1,0.4847319347319348,1.3636363636363638,0.17115384615384616,0.6592592592592592,YOR007C,non_ess,non_ess
0.04335260115606936,0.009075978909153772,0.08108108108108109,1.0,0.1401716387413159,0.007115749525616699,0.04981024667931689,0.16552779139927082,1.256384065372829,0.2163187855787476,0.8571428571428571,YOR033C,non_ess,non_ess
0.12716763005780346,0.03224133460108912,0.16216216216216214,0.8571428571428571,0.21557008581937068,0.013685847589424573,0.11601866251944012,0.34000405706944353,0.8672463768115943,0.13250388802488336,1.279279279279279,YIL156W,non_ess,non_ess
0.02023121387283237,0.002333823148068113,0.027027027027027032,1.0,0.03821005312627708,0.011456628477905071,0.044189852700491,0.5552249169270446,0.7186147186147186,0.265139116202946,0.5625,YBR014C,non_ess,non_ess
0.1445086705202312,0.06923675339268735,0.0,0.0,0.08193706579485084,0.039904229848363934,0.6392657621707901,0.8941397788165546,0.8142857142857144,0.10614525139664804,0.9236111111111112,YAL061W,non_ess,non_ess
0.026011560693641616,0.00561846313423805,0.0,0.0,0.1340416836943196,0.0044598612487611496,0.03221010901883053,0.1820579074047855,0.26785714285714285,0.32854311199207137,3.172248803827752,YDR362C,ess,ess
0.13872832369942195,0.03716829458034402,0.35135135135135137,1.0,0.07396812423375562,0.04225352112676056,0.3785211267605634,0.7095533728687916,0.7659574468085105,0.19982394366197184,1.0225225225225227,YOL003C,non_ess,non_ess
0.07514450867052022,0.014780879937764715,0.027027027027027032,0.5,0.0923579893747446,0.01849217638691323,0.12162162162162166,0.464849204588461,0.6890927624872578,0.13584637268847796,0.9947916666666666,YML102W,non_ess,non_ess
0.031791907514450865,0.005445587345492263,0.10810810810810813,1.0,0.2053534940743768,0.003588907014681892,0.020554649265905386,0.1232068078236155,0.6426116838487973,0.5008156606851549,2.986381322957198,YGR188C,non_ess,non_ess
0.04335260115606936,0.008557351542916414,0.1891891891891892,0.5384615384615384,0.13179403351042093,0.007556675062972292,0.04987405541561713,0.1238087200394713,0.4553264604810997,0.2508816120906801,2.4776119402985075,YOR275C,non_ess,non_ess
0.031791907514450865,0.004840522084882012,0.0,1.0,0.1755210461789947,0.004187285877426722,0.02131709173962695,0.11907594213932242,0.6668750000000001,0.4035020936429387,2.0384615384615383,YNL221C,ess,ess
0.031791907514450865,0.01045898521912006,0.0,0.0,0.11524315488353085,0.0063145809414466144,0.06946039035591274,0.1225843487278249,0.6719758064516129,0.2743972445464983,0.803361344537815,YAL040C,non_ess,non_ess
0.023121387283236997,0.0016423199930849686,0.027027027027027032,0.5,0.24948917041275034,0.0021545919741448962,0.005117155938594129,0.054414009072522085,0.3180035650623886,0.7341772151898734,2.7703252032520327,YGR090W,ess,ess
0.0028901734104046237,8.643789437289306e-05,0.027027027027027032,0.14285714285714285,0.07887208827135267,0.0008278145695364237,0.0008278145695364237,0.029307980466920864,0.1019283746556474,0.7947019867549668,2.750716332378224,YDL105W,ess,ess
0.17341040462427745,0.041057999827124214,0.08108108108108109,3.0,0.3398038414384961,0.011907124429450288,0.09426473506648143,0.25204265101308504,1.2216788102605047,0.07322881524111928,0.2435643564356436,YML059C,non_ess,non_ess
0.008670520231213872,0.0007779410493560378,0.10810810810810813,1.0,0.030241111565181864,0.006072874493927126,0.018218623481781368,0.21236894010173368,0.5,0.4291497975708502,1.145945945945946,YJR055W,non_ess,non_ess
0.08959537572254335,0.016163886247731005,0.027027027027027032,0.5,0.10359624029423783,0.019732654360280075,0.11903246339910885,0.4270480637449538,0.8208469055374593,0.12030553787396565,0.9545454545454546,YKL039W,non_ess,non_ess
0.04046242774566474,0.006396404183594088,0.0,0.0,0.19200381419425147,0.004879749041477867,0.025792959219240155,0.16317195917643534,0.6977671451355663,0.5259672359707215,2.9530332681017613,YGL137W,ess,ess
0.060693641618497114,0.008298037859797734,0.027027027027027032,0.5,0.1610134859011034,0.008699254349627173,0.039768019884009936,0.1917153469169955,0.5461718293395674,0.1271748135874068,0.7139534883720929,YGL083W,non_ess,non_ess
0.017341040462427744,0.0014694442043391822,0.08108108108108109,3.0,0.0126685737637924,0.025423728813559324,0.07203389830508475,0.4946554066024922,1.3902439024390243,0.6398305084745762,1.4519230769230769,YLR325C,non_ess,non_ess
0.017341040462427744,0.003457515774915723,0.16216216216216214,2.0,0.14997956681651006,0.002664298401420959,0.01776198934280639,0.0699983852736961,0.6931818181818181,0.5319715808170515,0.8933631618195378,YOR208W,non_ess,non_ess
0.0722543352601156,0.015472383092747859,0.0,0.0,0.12729873314262366,0.013027618551328815,0.09327774882751433,0.5613567429617455,1.6737891737891737,0.2256383533090151,0.7252931323283082,YKR056W,non_ess,non_ess
0.026011560693641616,0.003803267352407295,0.0,1.0,0.09664895790764202,0.006126616746085773,0.029952348536419333,0.1087385937506148,0.5375722543352601,0.5466303607896529,2.440729483282675,YMR140W,non_ess,non_ess
0.03468208092485549,0.007260783127323019,0.13513513513513514,1.25,0.053739272578667764,0.014302741358760428,0.10011918951132301,0.3473307822595822,0.6382271468144044,0.2550655542312277,1.2662721893491125,YML014W,non_ess,non_ess
0.08670520231213873,0.012533494684069495,0.0,0.0,0.2662443808745402,0.007577671129072998,0.03662541045718616,0.2638985080950713,0.8073732718894009,0.11012882040919424,0.9396551724137928,YIL030C,non_ess,non_ess
0.008670520231213872,0.0008643789437289308,0.0,0.0,0.05414793624846752,0.0035502958579881646,0.01183431952662722,0.09272644515248066,0.2573426573426574,0.685207100591716,3.552147239263804,YFR027W,ess,ess
0.03468208092485549,0.010804736796611637,0.13513513513513514,2.5,0.04331834899877402,0.01749271137026239,0.1822157434402332,0.4345248303402994,0.6791893227879386,0.2915451895043732,2.0,YGR232W,non_ess,non_ess
0.10404624277456646,0.01797908202956176,0.0,0.0,0.2180220678381692,0.011073515841279606,0.0639803137496155,0.4328738010682028,0.8257342657342657,0.1381113503537373,2.0044642857142856,YGL156W,non_ess,non_ess
0.0,0.0,0.0,0.0,0.05905190028606457,0.0,0.0,0.0,0.0,1.0,4.187214611872147,YGR277C,ess,ess
0.06358381502890173,0.010113233641628491,0.13513513513513514,1.6666666666666667,0.08071107478545159,0.017813765182186234,0.09473684210526316,0.4871226012599626,0.7686846038863975,0.31659919028340083,0.9376498800959234,YOR042W,non_ess,non_ess
0.026011560693641616,0.005013397873627798,0.027027027027027032,0.5,0.03105843890478137,0.017786561264822136,0.11462450592885375,0.3980162577373406,1.9245283018867927,0.30039525691699603,0.6696035242290749,YCL033C,non_ess,non_ess
0.023121387283236997,0.0047540841905091185,0.0,0.0,0.15079689415610953,0.00353356890459364,0.024293286219081268,0.29131942129475297,0.28176100628930817,0.44346289752650175,1.992063492063492,YBL097W,ess,ess
0.031791907514450865,0.005964214711729622,0.0,1.0,0.05680425010216592,0.012443438914027148,0.07805429864253394,0.1891060234962016,1.2110091743119265,0.9751131221719456,1.0,YHL034C,non_ess,non_ess
0.05202312138728323,0.009248854697899558,0.21621621621621626,2.0,0.1121781773600327,0.01060695344725987,0.06305244549204478,0.30123091012914793,0.8602941176470588,0.20565704183853856,0.8512195121951219,YJR052W,non_ess,non_ess
0.03468208092485549,0.006396404183594088,0.08108108108108109,3.0,0.09174499387004496,0.008589835361488905,0.05297065139584824,0.30286839145106864,0.4801587301587302,0.28060128847530424,0.503209242618742,YPR178W,ess,non_ess
0.0028901734104046237,0.00017287578874578615,0.0,0.0,0.14691458929301185,0.00045310376076121433,0.0009062075215224287,0.01565267537175104,0.1043388429752066,0.9338468509288628,2.3314479638009047,YKL078W,ess,ess
0.04335260115606936,0.0076929725991874845,0.0,0.0,0.3581937065794851,0.0028253908457336607,0.016763985684686386,0.1345416778971183,0.4356141096472588,0.41420229798455455,1.9918478260869563,YJL109C,ess,ess
0.008670520231213872,0.0006050652606102515,0.054054054054054064,0.4,0.08520637515324889,0.0023059185242121447,0.005380476556495004,0.0331018264338787,0.07142857142857141,0.8109146810146042,5.2487562189054735,YBR004C,ess,ess
0.04624277456647399,0.013138559944679749,0.054054054054054064,1.0,0.1926849203105844,0.0055574852379298365,0.05279610976033345,0.25140308221056284,1.0058479532163742,0.2563390065995137,0.786780383795309,YHR120W,non_ess,non_ess
0.005780346820809247,0.0002593136831186792,0.0,0.0,0.06906416019615856,0.0018796992481203009,0.002819548872180451,0.04472815702622894,0.2574257425742575,0.9125939849624058,2.2955082742316786,YBR087W,ess,ess
0.12716763005780346,0.04572564612326044,0.10810810810810813,1.3333333333333333,0.056599918267266035,0.049943246311010214,0.6004540295119183,0.9144412892176068,1.048635824436536,0.17707150964812712,1.7727272727272727,YOL001W,non_ess,non_ess
0.005780346820809247,0.0005186273662373584,0.0,0.0,0.12259910093992644,0.001081081081081081,0.003243243243243243,0.028804258804258805,0.10064935064935064,0.907027027027027,2.1001251564455568,YLL004W,ess,ess
0.01445086705202312,0.003284639986169937,0.0,0.0,0.15447486718430736,0.0021570319240724768,0.016393442622950817,0.0809208916590473,0.1724137931034483,0.7277825711820535,4.847701149425287,YKL134C,non_ess,ess
0.02890173410404624,0.005359149451119371,0.0,0.0,0.13710666121781775,0.004847309743092582,0.030053320407174018,0.15202706776346092,0.4391088038070517,0.3504604944255938,1.8976377952755905,YMR108W,non_ess,non_ess
0.008670520231213872,0.0008643789437289308,0.0,0.0,0.06252554147936247,0.003099173553719009,0.010330578512396695,0.055933646661209833,0.1596215286311133,0.918388429752066,2.591836734693877,YCR002C,non_ess,non_ess
0.008670520231213872,0.003198202091797044,0.0,0.0,0.08888434818144668,0.002214022140221402,0.027306273062730632,0.061877306273062725,0.1434659090909091,0.7232472324723247,4.827586206896552,YMR220W,ess,ess
0.026011560693641616,0.0049269599792549044,0.0,1.0,0.3017981201471189,0.002008480249944209,0.012720374916313323,0.060280157245120425,0.3988294314381272,0.35438518187904483,2.073107049608355,YDR180W,ess,ess
0.02890173410404624,0.0036303915636615096,0.054054054054054064,1.0,0.03821005312627708,0.016366612111292964,0.06873977086743044,0.5085340191723171,0.8829365079365079,0.32078559738134205,1.9029126213592231,YGL200C,non_ess,non_ess
0.026011560693641616,0.009853919958509809,0.08108108108108109,1.0,0.015937883122190438,0.03169014084507042,0.4014084507042254,0.8156338028169015,1.3428571428571427,0.44014084507042256,1.0245901639344264,YJL166W,non_ess,non_ess
0.10404624277456646,0.01832483360705333,0.2432432432432433,1.5,0.21965672251736826,0.01099236641221374,0.06473282442748092,0.2271216883700045,0.9777039848197344,0.11908396946564885,0.582089552238806,YJR091C,non_ess,non_ess
0.04335260115606936,0.007779410493560376,0.0,0.0,0.2315079689415611,0.0043490866917947225,0.026094520150768345,0.1101918856107575,0.34500189561481115,0.4369382429689765,2.2902735562310035,YOR207C,ess,ess
0.049132947976878616,0.012706370472815282,0.08108108108108109,1.5,0.11074785451573356,0.010143198090692123,0.08770883054892603,0.5454842047097829,0.5765441455096628,0.2058472553699284,1.4256198347107438,YFL055W,non_ess,non_ess
0.017341040462427744,0.001901633676203648,0.0,0.0,0.06763383735185942,0.005752636625119847,0.02109300095877277,0.1741441543060177,0.6577540106951871,0.4477468839884947,1.2553763440860215,YOR262W,ess,ess
0.011560693641618495,0.0015558820987120756,0.10810810810810813,1.3333333333333333,0.06375153248876175,0.004056795131845843,0.018255578093306288,0.08452678755273614,0.3618910487161027,0.9807302231237324,1.7329749103942649,YDR044W,ess,non_ess
0.011560693641618495,0.001210130521220503,0.08108108108108109,0.5,0.05292194523906825,0.004836759371221282,0.016928657799274487,0.07693979864951156,0.4847512038523274,0.3603385731559855,1.6021505376344083,YOR278W,ess,non_ess
0.023121387283236997,0.002333823148068113,0.0,0.0,0.11442582754393135,0.004624277456647399,0.015606936416184969,0.1209777340003629,0.2309417040358744,0.5583815028901734,3.895161290322581,YLR196W,ess,ess
0.0028901734104046237,8.643789437289306e-05,0.0,0.0,0.06211687780956274,0.0010395010395010396,0.0010395010395010396,0.026421747940735284,0.1759493670886076,0.8388773388773388,1.6043737574552686,YBR265W,ess,ess
0.03468208092485549,0.006828593655458553,0.16216216216216214,0.8571428571428571,0.09460563955864323,0.008339124391938846,0.05489923558026407,0.2684886311236385,1.5540720961281709,0.2835302293259208,0.9293849658314348,YDR198C,non_ess,non_ess
0.0,0.0,0.027027027027027032,0.25,0.04965263588067021,0.0,0.0,0.0,0.0,1.0,1.0,YLR323C,ess,ess
0.017341040462427744,0.00449477050739044,0.0,0.0,0.03677973028197794,0.010169491525423728,0.08813559322033898,0.465097300690521,0.35897435897435903,0.2830508474576271,1.452173913043478,YJL218W,non_ess,non_ess
0.0028901734104046237,0.00017287578874578615,0.0,0.0,0.0425010216591745,0.001483679525222552,0.002967359050445104,0.03274876017783618,0.2698961937716263,0.6572700296735905,0.7009493670886077,YKL041W,non_ess,ess
0.13005780346820808,0.04079868614400553,0.1891891891891892,0.7777777777777778,0.1068655496526359,0.027794935145151328,0.29153798641136497,1.4664939662404468,0.9271576898118103,0.0846201358863496,0.9716312056737588,YAR002W,non_ess,non_ess
0.04046242774566474,0.005532025239865157,0.027027027027027032,0.25,0.07029015120555783,0.012939001848428836,0.059149722735674676,0.5545498158626236,0.3601922533220243,0.19685767097966728,1.439189189189189,YNL037C,non_ess,non_ess
0.049132947976878616,0.006655717866712767,0.027027027027027032,2.0,0.115038823048631,0.0097757331799885,0.04427832087406555,0.25936005277915225,0.5930232558139535,0.12593444508338125,0.7711267605633803,YKL124W,non_ess,non_ess
0.0028901734104046237,0.00112369262684761,0.0,0.0,0.210053126277074,0.0003190810465858328,0.004148053605615825,0.006913919687002368,0.024182242990654204,0.9901084875558392,7.3880952380952385,YLR249W,ess,ess
0.049132947976878616,0.01573169677586654,0.16216216216216214,1.2,0.07131181038005723,0.015496809480401094,0.1659070191431176,0.7030259910620985,1.0797764227642277,0.17684594348222424,0.7607843137254902,YML131W,non_ess,non_ess
0.0,0.0,0.0,0.0,0.04577033101757255,0.0,0.0,0.0,0.0,1.0,1.7272727272727273,YNL178W,ess,ess
0.005780346820809247,0.0007779410493560378,0.16216216216216214,1.5,0.012872905598692277,0.008368200836820083,0.03765690376569039,0.20623991038777054,0.35275590551181096,0.3849372384937239,0.5750000000000001,YDR379C-A,non_ess,non_ess
0.03757225433526011,0.005013397873627798,0.08108108108108109,1.0,0.02451982018798529,0.03170731707317073,0.14146341463414633,1.4052618546490032,2.243654822335025,0.2975609756097561,0.4621212121212121,YNL031C,non_ess,non_ess
0.06358381502890173,0.013052122050306855,0.027027027027027032,0.5,0.09664895790764202,0.014976174268209666,0.10279101429543908,0.6046630360789652,0.6329365079365078,0.15180394826412524,1.2054054054054053,YDL238C,non_ess,non_ess
0.04046242774566474,0.013138559944679749,0.08108108108108109,3.0,0.036575398447078064,0.02385008517887564,0.25894378194207834,0.7408814921591754,0.8974358974358977,0.31175468483816016,1.3357664233576645,YIR032C,non_ess,non_ess
0.05202312138728323,0.013657187310917106,0.10810810810810813,1.3333333333333333,0.0815284021250511,0.01443464314354451,0.12670408981555736,0.3932771986099973,0.926470588235294,0.11948676824378507,0.40599455040871935,YPL048W,non_ess,non_ess
0.0,0.0,0.0,1.0,0.03698406211687781,0.0,0.0,0.0,0.0,1.0,2.965,YDL166C,ess,ess
0.049132947976878616,0.005445587345492263,0.08108108108108109,1.0,0.08111973845525132,0.0136986301369863,0.050765511684125714,0.6073566717402333,0.5876543209876542,0.2167606768734892,1.0386100386100383,YPL060W,non_ess,non_ess
0.017341040462427744,0.002506698936813899,0.0,0.0,0.16734777278299962,0.002393298763462305,0.011567610690067813,0.039507290035661335,0.18402493029358705,0.5221380135620263,2.8960176991150437,YDL126C,ess,ess
0.01445086705202312,0.002333823148068113,0.10810810810810813,1.3333333333333333,0.033101757253780145,0.009328358208955223,0.050373134328358216,0.5625086373687119,0.7473544973544973,0.9328358208955224,1.4124293785310735,YER134C,non_ess,non_ess
0.02023121387283237,0.0025931368311867924,0.0,0.0,0.09276665304454433,0.004957507082152974,0.021246458923512748,0.2498377006610009,0.5945512820512822,0.6182719546742209,2.291338582677165,YOR198C,non_ess,ess
0.02023121387283237,0.003803267352407295,0.0,0.0,0.06763383735185942,0.006711409395973154,0.04218600191754554,0.3662751677852349,8.4,0.3624161073825503,0.4055793991416309,YCR034W,non_ess,non_ess
0.04624277456647399,0.011150488374103209,0.13513513513513514,2.5,0.08398038414384963,0.012470771628994544,0.10054559625876852,0.3464677589361075,0.7046632124352331,0.3624318004676539,1.3210227272727273,YBR287W,non_ess,non_ess
0.08092485549132948,0.010545423113492956,0.027027027027027032,1.0,0.22415202288516556,0.008380724334031727,0.03651601316970967,0.2874527273402561,1.0875912408759123,0.14486680634540558,0.805324459234609,YER110C,non_ess,non_ess
0.008670520231213872,0.0003457515774915723,0.1891891891891892,1.75,0.017776869636289334,0.00964630225080386,0.012861736334405145,0.4135327834475046,0.6231884057971014,0.5691318327974276,1.1493506493506491,YBR009C,non_ess,non_ess
0.02890173410404624,0.004840522084882012,0.027027027027027032,2.0,0.06211687780956274,0.010395010395010396,0.058212058212058215,0.205848561111719,0.6058114035087719,0.24844074844074845,1.0482456140350878,YDL183C,non_ess,non_ess
0.06358381502890173,0.009853919958509809,0.027027027027027032,2.0,0.16162648140580305,0.009079653322327692,0.0470491126702435,0.21774837661855656,0.4249296215201751,0.14238547255468428,1.042296072507553,YJL141C,non_ess,non_ess
0.005780346820809247,0.00017287578874578615,0.027027027027027032,0.5,0.05169595422966899,0.002472187886279357,0.002472187886279357,0.05913473423980223,0.7942857142857144,0.7873918417799752,1.5498783454987834,YDR025W,non_ess,non_ess
0.011560693641618495,0.0035439536692886157,0.0,1.0,0.14058030241111566,0.0018921475875118261,0.019394512771996216,0.03807370145603065,0.10260723296888144,0.6149479659413434,2.882483370288248,YKR001C,non_ess,non_ess
0.023121387283236997,0.0027660126199325783,0.16216216216216214,1.5,0.01838986514098897,0.025,0.1,0.9239919354838708,8.129032258064516,0.3125,0.3389830508474576,YOL039W,non_ess,non_ess
0.060693641618497114,0.010631861007865848,0.027027027027027032,1.0,0.21107478545157335,0.006668783740870117,0.03906001905366783,0.19047142602348213,0.5811540058115402,0.18259765004763412,1.7164179104477613,YDL077C,non_ess,non_ess
0.0,0.0,0.054054054054054064,4.0,0.032080098079280764,0.0,0.0,0.0,0.0,1.0,3.6433566433566433,YAL033W,ess,ess
0.017341040462427744,0.0033710778805428297,0.027027027027027032,0.16666666666666666,0.09521863506334287,0.004143646408839779,0.026933701657458564,0.08399081839500774,0.24876940552820895,0.4516574585635359,2.050156739811912,YDR388W,non_ess,non_ess
0.02890173410404624,0.008903103120407986,0.10810810810810813,2.0,0.08663669799754803,0.007564296520423602,0.07791225416036307,0.3362989076878236,0.86803105151729,0.20121028744326772,0.9534050179211468,YDL216C,non_ess,non_ess
0.15028901734104044,0.03457515774915723,0.0,0.0,0.17347772782999593,0.020023103581055062,0.15402387370042356,0.8647816087169186,1.203378378378378,0.11936850211782825,0.8757062146892656,YPL141C,non_ess,non_ess
0.0,0.0,0.08108108108108109,1.0,0.08970167552104619,0.0,0.0,0.0,0.0,1.0,3.106818181818182,YLR195C,ess,ess
0.049132947976878616,0.006569279972339874,0.027027027027027032,1.0,0.041683694319574985,0.0256797583081571,0.1148036253776435,1.047876804296744,1.3055555555555556,0.1540785498489426,1.1086956521739129,YOR202W,non_ess,non_ess
0.07514450867052022,0.013570749416544212,0.08108108108108109,3.0,0.2047404985696772,0.008507853403141363,0.05137434554973822,0.2532829800017166,0.5879027699265122,0.13579842931937172,0.5894886363636364,YCR092C,non_ess,non_ess
0.07514450867052022,0.02299247990318956,0.08108108108108109,6.0,0.13445034736411934,0.012845849802371542,0.13142292490118576,0.35154385003717764,0.6950495049504951,1.0,4.972972972972973,YDR452W,non_ess,non_ess
0.0,0.0,0.0,0.0,0.12791172864732325,0.0,0.0,0.0,0.0,1.0,4.881012658227848,YDR311W,ess,ess
0.09826589595375723,0.03016682513613968,0.2702702702702703,2.5,0.19145892930118516,0.011883956658511007,0.12198531981824536,0.6427735057672143,1.5241379310344827,0.1328206920657113,0.5087014725568942,YCR017C,non_ess,non_ess
0.04046242774566474,0.007174345232950125,0.10810810810810813,1.3333333333333333,0.08418471597874949,0.01088646967340591,0.0645412130637636,0.5087992142097078,0.7905701754385963,0.2332814930015552,1.2345679012345678,YER143W,non_ess,non_ess
0.0953757225433526,0.015299507304002076,0.10810810810810813,4.0,0.1438496117695137,0.015263644773358002,0.0818686401480111,0.8314704581104452,0.4832951945080091,0.18085106382978725,1.5333333333333334,YPR159W,non_ess,non_ess
0.060693641618497114,0.0075200968104416985,0.16216216216216214,2.0,0.0976706170821414,0.014150943396226415,0.05862533692722373,0.3906614373542506,2.752808988764045,1.0,2.5586206896551724,YNL223W,non_ess,non_ess
0.05491329479768786,0.0087302273316622,0.10810810810810813,4.0,0.05803024111156519,0.02106430155210643,0.11197339246119734,0.637790417429866,1.3852842809364547,0.3203991130820399,0.8865030674846626,YLR146C,non_ess,non_ess
0.02023121387283237,0.005359149451119371,0.027027027027027032,0.2,0.03575807110747855,0.012173913043478259,0.10782608695652174,0.25104582843713275,0.4784303534303534,0.3669565217391305,1.5984848484848486,YNL067W,non_ess,non_ess
0.09826589595375723,0.033797216699801194,0.13513513513513514,1.25,0.1947282386595832,0.011687865245788931,0.1344104503265727,0.2694968253902513,0.9132530120481928,0.1873496046751461,0.8397534668721109,YKL064W,non_ess,non_ess
0.023121387283236997,0.003457515774915723,0.027027027027027032,1.0,0.06845116469145894,0.0075829383886255935,0.03791469194312797,0.2710060000466929,0.4785362420830401,0.2786729857819905,1.330316742081448,YJR060W,non_ess,non_ess
0.049132947976878616,0.009335292592272452,0.08108108108108109,0.75,0.05803024111156519,0.018847006651884702,0.1197339246119734,0.3185208890514397,0.6572164948453607,0.2771618625277162,1.0460251046025104,YER053C,non_ess,non_ess
0.05202312138728323,0.00898954101478088,0.027027027027027032,0.3333333333333333,0.1565181855333061,0.007666098807495741,0.04429301533219762,0.17909069441867526,0.8732673267326733,0.18015332197614992,0.5451030927835052,YNL212W,non_ess,non_ess
0.060693641618497114,0.013657187310917106,0.10810810810810813,8.0,0.056395586432366175,0.023917995444191344,0.17995444191343962,0.5368400338704099,0.8448608432074952,0.3485193621867881,0.9415384615384614,YJR088C,non_ess,non_ess
0.01445086705202312,0.001210130521220503,0.0,0.0,0.034123416428279534,0.009074410163339385,0.02540834845735028,0.4093768905021174,0.4733333333333333,0.411978221415608,1.5234899328859062,YHR148W,ess,ess
0.0722543352601156,0.01184199152908635,0.10810810810810813,1.0,0.18144666939109114,0.009211495946941784,0.050478997789240976,0.4823474241307698,0.7024793388429752,0.10132645541635962,0.6642512077294686,YLR014C,non_ess,non_ess
0.008670520231213872,0.0007779410493560378,0.0,1.0,0.08786268900694727,0.002238805970149254,0.006716417910447761,0.05173208033904552,0.6635802469135803,0.942537313432836,2.0570032573289905,YDL084W,ess,ess
0.03468208092485549,0.0049269599792549044,0.32432432432432434,2.4,0.05986922762566409,0.012917115177610334,0.061356297093649086,0.21192017885236408,0.5746153846153847,0.2561894510226049,1.3446327683615815,YCL009C,non_ess,non_ess
0.01445086705202312,0.008816665226035093,0.1891891891891892,1.0,0.025950143032284437,0.011600928074245941,0.2366589327146172,0.7500116787866519,0.37522879804759,0.6218097447795824,1.9705882352941173,YDR100W,non_ess,non_ess
0.05202312138728323,0.019275650445155158,0.0,0.0,0.22415202288516556,0.005387608500448967,0.06674648308889554,0.4696474182998735,0.6385702854094425,0.5471415743789285,1.379622641509434,YMR047C,ess,ess
0.0028901734104046237,0.0004321894718644654,0.08108108108108109,1.5,0.032216319302547335,0.0019120458891013386,0.009560229445506692,0.09087470846553064,1.021978021978022,0.7189292543021033,0.8826291079812207,YDL219W,non_ess,non_ess
0.017341040462427744,0.0012965684155933962,0.027027027027027032,0.3333333333333333,0.05006129955046997,0.007643312101910828,0.01910828025477707,0.19302396117682746,0.4421768707482993,0.3821656050955414,1.875,YOR157C,ess,non_ess
0.02023121387283237,0.008384475754170628,0.054054054054054064,1.0,0.06661217817736004,0.006809338521400778,0.0943579766536965,0.2502503735080201,0.6333802156586966,0.6371595330739299,1.3877118644067796,YOL151W,non_ess,non_ess
0.0953757225433526,0.021868787276341943,0.08108108108108109,0.75,0.16407846342460156,0.013420089467263115,0.10288735258235054,0.276252103118596,1.3431372549019611,0.1329808865392436,0.5978062157221207,YJL102W,non_ess,non_ess
0.060693641618497114,0.006396404183594088,0.08108108108108109,1.5,0.06620351450756028,0.02054794520547945,0.07240704500978473,0.9183929168058804,0.6231707317073171,0.2299412915851272,2.0085470085470085,YHR156C,non_ess,non_ess
0.011560693641618495,0.0012965684155933962,0.16216216216216214,0.6,0.013485901103391913,0.016129032258064516,0.06048387096774194,0.4207676006592889,0.4504692387904067,0.6411290322580645,1.8705882352941177,YBL071W-A,non_ess,non_ess
0.026011560693641616,0.003111764197424151,0.10810810810810813,1.3333333333333333,0.061708214139762976,0.009414225941422594,0.03765690376569039,0.2422266949572667,0.6931279620853082,0.3138075313807531,0.6535947712418301,YOR288C,non_ess,non_ess
0.01445086705202312,0.0030253263030512573,0.0,0.0,0.08663669799754803,0.0037821482602118,0.0264750378214826,0.11963030295325393,0.5555555555555556,0.6883509833585476,2.692307692307692,YHR111W,non_ess,ess
0.05780346820809248,0.014694442043391822,0.10810810810810813,8.0,0.0905190028606457,0.014503263234227704,0.12327773749093544,0.4897146161683848,1.3631937682570594,0.3886874546773024,1.7124600638977634,YOL041C,non_ess,non_ess
0.04624277456647399,0.010286109430374276,0.6486486486486487,1.5,0.034123416428279534,0.029038112522686024,0.2159709618874773,0.6792889466551486,1.5681707908782143,1.0,3.6013071895424837,YGR133W,non_ess,non_ess
0.008670520231213872,0.0005186273662373584,0.08108108108108109,1.0,0.08929301185124643,0.002204261572373255,0.00440852314474651,0.07210516909267828,0.43629343629343625,0.8457016899338722,1.4122699386503068,YDR125C,non_ess,non_ess
0.0,0.0,0.0,0.0,0.10911319983653454,0.0,0.0,0.0,0.0,1.0,3.4345114345114345,YJL111W,ess,ess
0.049132947976878616,0.00449477050739044,0.027027027027027032,0.25,0.08438904781364938,0.013188518231186969,0.040341349883630716,0.5523960136062541,0.7331002331002332,0.20791311093871212,1.2181818181818178,YNR029C,non_ess,non_ess
0.02023121387283237,0.0025931368311867924,0.2432432432432433,0.9,0.11319983653453207,0.0040887850467289715,0.01752336448598131,0.12534158605235832,0.2865497076023392,0.2412383177570093,2.269230769230769,YDR120C,non_ess,non_ess
0.005780346820809247,0.0006915031549831446,0.0,0.0,0.06742950551695955,0.0019230769230769234,0.007692307692307694,0.07258991008991009,0.3722943722943723,0.9,1.4117647058823528,YOR075W,ess,ess
0.05491329479768786,0.008816665226035093,0.0,0.0,0.1311810380057213,0.009615384615384616,0.05161943319838057,0.4951923076923078,1.2534722222222223,0.2722672064777328,1.1326315789473684,YPL104W,non_ess,non_ess
0.0,0.0,0.0,0.0,0.048630976706170816,0.0,0.0,0.0,0.0,1.0,1.0,YGL123W,ess,ess
0.011560693641618495,0.0019880715705765406,0.0,0.0,0.10175725378013896,0.0025906735751295338,0.01489637305699482,0.07385894854955283,0.14573248407643313,0.3963730569948187,2.8073394495412844,YJL025W,ess,ess
0.008670520231213872,0.0010372547324747168,0.0,0.0,0.14262362076011445,0.0013992537313432835,0.005597014925373134,0.06698507462686566,0.16799999999999998,0.5755597014925373,2.9734939759036147,YHR074W,ess,ess
0.02023121387283237,0.0029388884086783643,0.0,0.0,0.027176134041683696,0.0155902004454343,0.0757238307349666,0.5020415738678545,1.3416666666666668,0.4120267260579065,0.6468531468531469,YDR063W,non_ess,non_ess
0.008670520231213872,0.0010372547324747168,0.0,1.0,0.10359624029423783,0.0019096117122851689,0.007638446849140674,0.05547265498638227,0.2093316519546028,0.4423933800127308,2.5272727272727282,YGL078C,non_ess,ess
0.026011560693641616,0.010804736796611637,0.0,0.0,0.14609726195341236,0.004100227790432802,0.05694760820045557,0.1910223770601635,0.31807400379506645,0.4519362186788155,2.5241730279898222,YHR072W,ess,ess
0.05780346820809248,0.01045898521912006,0.08108108108108109,1.0,0.032080098079280764,0.03838771593090212,0.2322456813819577,0.531080447957441,1.1023622047244095,0.18234165067178504,0.5688622754491018,YPR149W,non_ess,non_ess
0.0,0.0,0.0,1.0,0.034940743767879034,0.0,0.0,0.0,0.0,1.0,2.491150442477876,YDR454C,ess,ess
0.060693641618497114,0.011755553634713456,0.054054054054054064,0.5,0.11360850020433184,0.012223515715948778,0.07916181606519207,0.3094512838762992,1.1392868028040233,0.2665890570430733,1.8174603174603177,YBR180W,non_ess,non_ess
0.04624277456647399,0.012274181000950816,0.08108108108108109,0.5,0.11973845525132815,0.008849557522123894,0.07853982300884955,0.3422413037763953,1.3404417364813406,0.18528761061946905,0.5491803278688524,YMR284W,non_ess,non_ess
0.06358381502890173,0.015385945198374969,0.054054054054054064,0.4,0.1021659174499387,0.014193548387096775,0.11483870967741935,0.4882580645161291,1.3360323886639676,0.1367741935483871,0.6272189349112426,YIL097W,non_ess,non_ess
0.008670520231213872,0.0013830063099662892,0.0,0.0,0.06668028878899332,0.002915451895043732,0.015549076773566569,0.11578508954602247,0.2375,0.8620019436345967,3.225454545454545,YIL106W,ess,ess
0.04624277456647399,0.01754689255769729,0.0,1.0,0.1285247241520229,0.008260196179659271,0.10480123902942697,0.17242394692059124,0.6979423868312757,0.17398038203407332,0.9711815561959656,YJL073W,non_ess,non_ess
0.1676300578034682,0.029388884086783643,0.0,1.0,0.3193706579485084,0.012238868959696137,0.07174509390166701,0.2939102299451667,0.5738897619463361,0.1050854610677358,1.1857142857142855,YNR031C,non_ess,non_ess
0.031791907514450865,0.0076929725991874845,0.16216216216216214,1.0,0.03902738046587659,0.01765650080256822,0.14285714285714285,0.5618085255367512,0.6303562209602478,1.0,3.75301204819277,YPL041C,non_ess,non_ess
0.049132947976878616,0.007174345232950125,0.0,1.0,0.08030241111565183,0.013832384052074858,0.06753458096013018,0.29598272882231713,0.6256082725060828,0.2001627339300244,0.5885167464114832,YNL064C,non_ess,non_ess
0.03468208092485549,0.015558820987120752,0.21621621621621626,8.0,0.052513281569268495,0.0146163215590743,0.2192448233861145,0.4223420915260136,2.217142857142857,0.2959805115712545,0.5771971496437054,YLR064W,non_ess,non_ess
0.03757225433526011,0.010026795747255596,0.0,1.0,0.07662443808745402,0.011063829787234044,0.09872340425531917,0.3643026004728132,0.5497076023391813,0.27574468085106385,1.9518072289156627,YER048C,non_ess,non_ess
0.10982658959537572,0.032154896706716216,0.2432432432432433,1.2857142857142858,0.12566407846342462,0.020052770448548814,0.19630606860158312,0.4339707134522596,1.3006157189424123,0.07704485488126649,0.4771241830065359,YOR356W,non_ess,non_ess
0.008670520231213872,0.003111764197424151,0.0,1.0,0.02656313853698406,0.006818181818181818,0.08181818181818183,0.12421875,0.51875,0.4863636363636364,1.222857142857143,YOR224C,ess,non_ess
0.01445086705202312,0.004149018929898867,0.21621621621621626,0.7272727272727273,0.052717613404168376,0.006067961165048544,0.05825242718446603,0.140464771708192,0.7429718875502008,0.36771844660194175,1.3004291845493563,YOL121C,non_ess,non_ess
0.011560693641618495,0.001210130521220503,0.054054054054054064,0.6666666666666666,0.041683694319574985,0.006042296072507553,0.02114803625377644,0.33798696136110673,0.27105263157894743,0.4697885196374622,2.853211009174312,YBL093C,non_ess,non_ess
0.03757225433526011,0.008903103120407986,0.027027027027027032,0.5,0.04624710529900559,0.01783264746227709,0.1412894375857339,0.5648218134990622,2.0119047619047623,0.3909465020576132,1.2895927601809956,YDR092W,non_ess,non_ess
0.05491329479768786,0.010631861007865848,0.1891891891891892,2.333333333333333,0.085002043318349,0.01463790446841294,0.09476117103235747,1.040324481102148,1.039411764705882,0.1864406779661017,0.6836158192090396,YOR197W,non_ess,non_ess
0.0838150289017341,0.0337107788054283,0.054054054054054064,0.6666666666666666,0.059460563955864326,0.0314192849404117,0.4225352112676056,0.6847521313417816,1.4825842696629212,0.17009750812567714,0.6624472573839663,YNL072W,non_ess,non_ess
0.03468208092485549,0.009767482064136915,0.0,0.0,0.16857376379239886,0.004752475247524752,0.04475247524752475,0.2256175091193329,0.9276315789473684,0.21702970297029706,1.107070707070707,YCL054W,ess,ess
0.0028901734104046237,0.0002593136831186792,0.0,0.0,0.10993052717613404,0.0006009615384615385,0.001802884615384616,0.016584298853320596,0.045548654244306416,0.9381009615384616,5.084690553745928,YER082C,ess,ess
0.08959537572254335,0.013570749416544212,0.13513513513513514,2.5,0.2355946056395587,0.00883442576232545,0.04474209176403534,0.3938718856370783,0.8173998871968415,0.2616129951553149,1.1020408163265305,YLR032W,non_ess,non_ess
0.05491329479768786,0.012014867317832138,0.0,1.0,0.16877809562729876,0.007515822784810127,0.05498417721518988,0.16590620691816016,0.4702970297029703,0.1906645569620253,0.8860294117647058,YNL298W,non_ess,non_ess
0.017341040462427744,0.001901633676203648,0.0,0.0,0.06272987331426237,0.006179196704428424,0.022657054582904217,0.29138108597606444,0.5775862068965516,0.5365602471678682,2.960227272727273,YOL094C,ess,ess
0.049132947976878616,0.006655717866712767,0.16216216216216214,2.0,0.0615038823048631,0.017838405036726127,0.080797481636936,0.4816369359916055,2.445776566757493,0.3252885624344176,1.0839160839160842,YPR013C,non_ess,non_ess
0.08092485549132948,0.012619932578442388,0.21621621621621626,1.6,0.25091949325704943,0.007498660953401178,0.039100160685591856,0.5949695130198612,0.4808080808080809,0.1068559185859668,1.023076923076923,YBL007C,non_ess,non_ess
0.05780346820809248,0.016250324142103898,0.1891891891891892,1.4,0.06477319166326115,0.01998001998001998,0.1878121878121878,0.5572688181383834,0.4797601199400301,0.2177822177822178,1.5244755244755246,YAL020C,non_ess,non_ess
0.08092485549132948,0.022906042008816664,0.5405405405405406,2.5,0.14875357580711074,0.012533572068039392,0.11862130707251567,0.2573299015219337,0.6562499999999999,0.3205013428827216,1.821882951653944,YGR003W,non_ess,non_ess
0.02023121387283237,0.002160947359322327,0.08108108108108109,0.42857142857142855,0.060277891295463834,0.007486631016042781,0.026737967914438502,0.19772276632818606,0.7209737827715355,0.7732620320855615,1.9026315789473685,YIL134W,non_ess,non_ess
0.27167630057803466,0.12135880369954187,0.1891891891891892,1.75,0.17286473232529628,0.03632148377125193,0.5425038639876353,0.7973151518173206,0.8528225806451611,0.08809891808346214,0.5314685314685315,YLR001C,non_ess,non_ess
0.03757225433526011,0.005272711556746477,0.0,0.0,0.07212913771965672,0.011722272317403066,0.055004508566275916,0.21896531639780656,0.6122906698564593,0.2254283137962128,1.0548523206751057,YDL134C,non_ess,non_ess
0.011560693641618495,0.0003457515774915723,0.054054054054054064,0.6666666666666666,0.09521863506334287,0.0027624309392265192,0.0027624309392265192,0.08382870597011445,0.2459312839059674,0.5904696132596685,2.1215880893300247,YOR046C,ess,ess
0.049132947976878616,0.011669115740340566,0.054054054054054064,2.0,0.04495300367797303,0.023943661971830985,0.19014084507042253,0.7827735644637053,1.613386613386613,1.0,2.2977346278317152,YOL147C,non_ess,non_ess
0.12716763005780346,0.03967499351715792,0.2432432432432433,1.125,0.10420923579893747,0.027848101265822784,0.29050632911392404,0.5508760164305474,0.5754966887417219,0.11518987341772152,0.8053097345132743,YBL015W,non_ess,non_ess
0.02023121387283237,0.003284639986169937,0.0,0.0,0.09562729873314264,0.004814305364511692,0.026134800550206328,0.1602971114167813,0.35890909090909096,0.2916093535075653,2.12,YOR119C,ess,ess
0.0028901734104046237,8.643789437289306e-05,0.0,1.0,0.19513690232938294,0.0003430531732418525,0.0003430531732418525,0.009925518321111585,0.04664429530201342,0.7680960548885077,4.314065510597303,YMR288W,ess,ess
0.011560693641618495,0.0014694442043391822,0.027027027027027032,0.5,0.06722517368205967,0.0038572806171648993,0.016393442622950817,0.14568052755130864,0.18085618085618085,0.5650916104146577,2.1231884057971016,YPR086W,ess,ess
0.03468208092485549,0.006828593655458553,0.0,0.0,0.11483449121373113,0.0069124423963133645,0.04550691244239631,0.2508407024536057,0.7405405405405404,0.2344470046082949,1.15625,YOR260W,ess,ess
0.017341040462427744,0.002333823148068113,0.0,0.0,0.08418471597874949,0.004665629860031105,0.020995334370139968,0.1566621558845509,0.352504638218924,0.4276827371695179,2.2357723577235773,YDR300C,non_ess,ess
0.02023121387283237,0.008211599965424842,0.0,0.0,0.06129955046996322,0.00736842105263158,0.1,0.3233802816901408,0.34917840375586856,1.0,5.0,YNR054C,ess,ess
0.026011560693641616,0.00509983576800069,0.054054054054054064,2.0,0.11156518185533308,0.00533175355450237,0.03495260663507109,0.09157670002876914,0.3275454924295041,0.2719194312796209,1.4123076923076925,YMR088C,non_ess,non_ess
0.02890173410404624,0.0019880715705765406,0.054054054054054064,0.6666666666666666,0.052717613404168376,0.012135922330097087,0.027912621359223302,0.2712989027402769,0.5806213017751479,0.316747572815534,1.5000000000000002,YDR272W,non_ess,non_ess
0.026011560693641616,0.0067421557610856594,0.054054054054054064,4.0,0.1140171638741316,0.005220417633410673,0.04524361948955916,0.13476411446249034,0.4166666666666667,0.4025522041763341,2.071641791044776,YJL071W,non_ess,non_ess
0.07803468208092486,0.016163886247731005,0.13513513513513514,0.8333333333333334,0.11973845525132815,0.014933628318584071,0.10342920353982303,0.30434939083525275,1.1419520547945206,0.2616150442477876,1.8622047244094488,YKR039W,non_ess,non_ess
0.011560693641618495,0.0018151957818307548,0.054054054054054064,0.6666666666666666,0.08581937065794852,0.003053435114503817,0.01603053435114504,0.07195030684029337,0.3877995642701525,0.8282442748091603,2.237113402061856,YPR163C,non_ess,non_ess
0.04046242774566474,0.030253263030512574,0.08108108108108109,0.6,0.09011033919084592,0.010196649672250544,0.25491624180626365,0.43449902707873606,0.95873573309921,0.21412964311726146,1.4134615384615383,YMR209C,non_ess,non_ess
0.06647398843930635,0.012619932578442388,0.21621621621621626,2.6666666666666665,0.10461789946873724,0.014501891551071878,0.09205548549810844,0.3376869032606737,0.8124018838304552,0.17402269861286254,1.7358490566037736,YDL170W,non_ess,non_ess
0.0,0.0,0.0,0.0,0.23661626481405806,0.0,0.0,0.0,0.0,1.0,3.2153284671532854,YJR041C,ess,ess
0.03468208092485549,0.008038724176679056,0.16216216216216214,1.0,0.06354720065386188,0.012207527975584944,0.09460834181078333,0.2405545435188909,0.8419797257006557,0.16683621566632756,0.5377049180327869,YJR100C,non_ess,non_ess
0.1676300578034682,0.07623822283689169,0.0,1.0,0.1992235390273805,0.019495798319327733,0.2964705882352941,0.5044435849653669,1.0774895397489541,0.1361344537815126,1.3822525597269624,YOL084W,non_ess,non_ess
0.04046242774566474,0.004149018929898867,0.08108108108108109,1.5,0.15284021250510832,0.006102877070619006,0.020924149956408025,0.3526145280177538,0.25368550368550363,0.2715780296425458,1.9904153354632588,YDR264C,non_ess,non_ess
0.0,0.0,0.027027027027027032,0.5,0.03759705762157745,0.0,0.0,0.0,0.0,1.0,1.94822006472492,YFR042W,ess,ess
0.05780346820809248,0.013830063099662893,0.1891891891891892,0.875,0.08745402533714754,0.014992503748125937,0.1199400299850075,0.3322706877608127,0.9827517047733652,0.2368815592203898,1.6040609137055837,YLR303W,non_ess,non_ess
0.0722543352601156,0.10873887112109948,0.027027027027027032,0.3333333333333333,0.16489579076420108,0.010117361392148928,0.5091056252529339,0.35828106029947393,0.8409926470588236,0.5920679886685553,2.5848056537102475,YHR172W,ess,non_ess
0.06936416184971098,0.010631861007865848,0.08108108108108109,0.75,0.0995096035962403,0.01588352084712111,0.0814030443414957,0.454689705213973,0.5857275254865616,0.20185307743216413,1.3260869565217392,YOL068C,non_ess,non_ess
0.026011560693641616,0.0067421557610856594,0.027027027027027032,2.0,0.09113199836534533,0.006484149855907781,0.056195965417867436,0.1121968601421155,0.9787906137184116,0.2737752161383285,0.9669211195928752,YPL172C,non_ess,non_ess
0.09248554913294796,0.014175814677154463,0.0,0.0,0.1863506334286882,0.01148600143575018,0.058865757358219674,0.4189893567214957,0.7588932806324109,1.0,14.28717948717949,YKL171W,non_ess,non_ess
0.023121387283236997,0.005532025239865157,0.0,0.0,0.16959542296689825,0.0031496062992125984,0.025196850393700787,0.1138920134983127,0.34,0.4771653543307087,2.2611940298507465,YNL126W,ess,ess
0.0838150289017341,0.014089376782781571,0.0,0.0,0.19309358398038412,0.010051993067590987,0.05649913344887349,0.27442522114585105,0.6837541831457256,0.2634315424610052,2.412698412698413,YDL190C,non_ess,non_ess
0.04624277456647399,0.006137090500475408,0.0,0.0,0.1021659174499387,0.01032258064516129,0.045806451612903226,0.25870467616904225,0.4961240310077519,0.20258064516129032,1.022801302931596,YKL047W,non_ess,non_ess
0.01445086705202312,0.0009508168381018238,0.0,0.0,0.10277891295463834,0.003207184092366902,0.007055805003207185,0.060656258368259476,0.2978817299205649,0.300192431045542,1.004291845493562,YMR013C,ess,ess
0.0028901734104046237,8.643789437289306e-05,0.0,0.0,0.07131181038005723,0.0009115770282588881,0.0009115770282588881,0.06084607853067287,0.191358024691358,0.9225159525979946,1.4838709677419355,YIL083C,ess,ess
0.06647398843930635,0.01659607571959547,0.16216216216216214,1.0,0.1338373518594197,0.01141439205955335,0.09528535980148883,0.31733174659441943,0.5988740323715693,0.2109181141439206,0.7048092868988391,YNL045W,non_ess,non_ess
0.13872832369942195,0.038205549312818735,0.0,0.0,0.3882304863097671,0.008347826086956521,0.0768695652173913,0.2613232514177693,0.7402789171452009,0.18713043478260868,1.1398305084745763,YBR275C,non_ess,non_ess
0.05780346820809248,0.01858414729017201,0.08108108108108109,0.42857142857142855,0.044135676338373515,0.02865329512893983,0.30802292263610315,0.7046029591648654,1.1076711386308908,1.0,7.842696629213482,YBR261C,non_ess,non_ess
0.017341040462427744,0.004062581035525975,0.0,0.0,0.10114425827543932,0.003908794788273616,0.030618892508143317,0.07212314664516903,0.17614269788182835,0.5296416938110751,3.103053435114504,YJR121W,non_ess,non_ess
0.03468208092485549,0.009248854697899558,0.10810810810810813,0.5714285714285714,0.06497752349816102,0.011952191235059759,0.10657370517928287,0.4105513430150367,1.456221198156682,0.3067729083665339,1.1711026615969582,YBR046C,non_ess,non_ess
0.06647398843930635,0.009940357852882704,0.13513513513513514,2.5,0.09705762157744176,0.015593220338983053,0.07796610169491526,0.4092620599739245,1.0293706293706295,0.2033898305084746,1.3953488372093024,YCR045C,non_ess,non_ess
0.0028901734104046237,8.643789437289306e-05,0.027027027027027032,0.25,0.06947282386595832,0.0009345794392523364,0.0009345794392523364,0.030934579439252336,0.3313725490196079,1.0,1.0,YJL031C,ess,ess
0.0028901734104046237,0.0005186273662373584,0.0,0.0,0.013077237433592155,0.004132231404958678,0.02479338842975207,0.11270568088749908,1.0,0.8925619834710744,1.0285714285714287,YDR086C,ess,ess
0.008670520231213872,0.0010372547324747168,0.0,0.0,0.09521863506334287,0.002071823204419889,0.008287292817679558,0.04983352237386118,0.14257888585897935,0.8501381215469613,5.352173913043479,YHR024C,ess,ess
0.049132947976878616,0.0075200968104416985,0.027027027027027032,1.0,0.15222721700040867,0.007439824945295405,0.03807439824945296,0.2002679408743804,0.4033515845362535,0.2175054704595186,1.2487437185929648,YER017C,non_ess,non_ess
0.06647398843930635,0.011409802057221884,0.0,0.0,0.1581528402125051,0.0096964586846543,0.05564924114671164,0.3113375256481612,1.2400109469074985,0.2133220910623946,0.6764705882352939,YNL183C,non_ess,non_ess
0.005780346820809247,0.0006915031549831446,0.0,1.0,0.07703310175725378,0.001693480101608806,0.006773920406435224,0.05403552152433988,0.2304021813224267,0.9466553767993228,3.149295774647888,YDR245W,non_ess,ess
0.08959537572254335,0.029648197769902324,0.1891891891891892,1.75,0.2073968124233756,0.010016155088852988,0.11082390953150242,0.1708621763341486,0.4906890130353818,0.1651050080775444,1.1747126436781608,YGR258C,non_ess,non_ess
0.0028901734104046237,0.0009508168381018238,0.054054054054054064,1.0,0.051287290559869234,0.0012453300124533,0.0136986301369863,0.033944310776336306,0.10150044130626654,0.6400996264009963,1.4397759103641457,YEL019C,ess,non_ess
0.10982658959537572,0.02074509464949434,0.027027027027027032,1.0,0.17572537801389454,0.014448669201520912,0.09125475285171104,0.5491319934818033,0.8866666666666665,0.15133079847908745,1.0815217391304346,YML034W,non_ess,non_ess
0.09248554913294796,0.02135015991010459,0.027027027027027032,0.25,0.12076011442582756,0.01755348326933626,0.13549094898518926,0.2965614804977337,1.2294736842105265,0.14591332967635764,0.469964664310954,YJL100W,non_ess,non_ess
0.023121387283236997,0.0047540841905091185,0.2702702702702703,1.0,0.02697180220678382,0.017937219730941704,0.1233183856502242,0.3416532701582198,0.5698113207547171,0.2556053811659193,0.8260869565217391,YIR005W,non_ess,non_ess
0.04335260115606936,0.01184199152908635,0.054054054054054064,4.0,0.0551695954229669,0.017441860465116282,0.15930232558139534,0.4561276009791922,0.6100478468899521,0.20813953488372086,0.9421052631578948,YDL201W,non_ess,non_ess
0.0,0.0,0.0,1.0,0.011033919084593379,0.0,0.0,0.0,0.0,1.0,2.12,YOR210W,ess,ess
0.05780346820809248,0.009940357852882704,0.0,1.0,0.1810380057212914,0.007385524372230428,0.042466765140324964,0.3099004897768794,1.151315789473684,0.1277695716395864,0.733050847457627,YPR021C,non_ess,non_ess
0.0,0.0,0.027027027027027032,1.0,0.0406620351450756,0.0,0.0,0.0,0.0,1.0,1.7299465240641712,YBR154C,ess,ess
0.06358381502890173,0.013743625205290001,0.10810810810810813,4.0,0.07294646505925624,0.019625334522747548,0.14183764495985726,0.8452459744221134,1.1975806451612905,0.1471900089206066,0.7081545064377682,YNL288W,non_ess,non_ess
0.02023121387283237,0.006655717866712767,0.21621621621621626,1.0,0.05557825909276666,0.008083140877598153,0.08891454965357967,0.2186327944572748,0.4716923076923077,0.4618937644341801,1.4285714285714286,YGL221C,non_ess,non_ess
0.08959537572254335,0.03059901460800415,0.08108108108108109,0.6,0.14221495709031468,0.01449953227315248,0.16557530402245088,0.6398793587303635,0.7593341260404279,0.13564078578110386,0.7837837837837838,YCL057W,non_ess,non_ess
0.02890173410404624,0.005272711556746477,0.13513513513513514,0.8333333333333334,0.08071107478545159,0.008097165991902834,0.04939271255060729,0.281532232949237,0.6410256410256411,0.29959514170040485,1.0662824207492796,YPR118W,non_ess,non_ess
0.13583815028901733,0.0337107788054283,0.027027027027027032,1.0,0.22926031875766245,0.013758782201405152,0.11416861826697892,0.4375124950019992,0.9345174973488868,0.08284543325526933,0.8601823708206687,YGR170W,non_ess,non_ess
0.017341040462427744,0.00224738525369522,0.0,0.0,0.11074785451573356,0.0035799522673031032,0.015513126491646776,0.0922980246788199,0.12688116242864558,0.3818615751789976,3.5955056179775284,YMR296C,ess,ess
0.0953757225433526,0.030080387241766787,0.054054054054054064,0.2857142857142857,0.07846342460155292,0.027454242928452586,0.2895174708818636,0.5032947494248454,1.1638433768397665,0.1480865224625624,0.8202764976958525,YNL092W,non_ess,non_ess
0.04335260115606936,0.0087302273316622,0.0,0.0,0.19288925214548427,0.005204718945176961,0.03504510756419153,0.10918080878178034,0.2781100478468899,0.3764746703678001,1.6821705426356592,YGL238W,ess,ess
0.011560693641618495,0.0006050652606102515,0.0,0.0,0.15774417654270534,0.0016906170752324595,0.002958579881656805,0.07475072487479435,0.3238456672991777,0.7032967032967034,4.277634961439588,YDL060W,ess,ess
0.0028901734104046237,0.00017287578874578615,0.0,0.0,0.035349407437678795,0.0017574692442882249,0.0035149384885764497,0.06991798476859988,0.13333333333333336,0.9718804920913884,1.1841541755888652,YDR339C,ess,ess
0.011560693641618495,0.002333823148068113,0.027027027027027032,0.3333333333333333,0.1953412341642828,0.0013708019191226864,0.009252912954078136,0.02857181254955718,0.16339869281045755,0.5366689513365319,4.3500000000000005,YOR160W,ess,ess
0.008670520231213872,0.0003457515774915723,0.4324324324324325,16.0,0.037665168233210734,0.0049751243781094535,0.006633499170812604,0.10968455214964602,2.7311827956989245,0.5373134328358209,1.0351437699680512,YKL190W,non_ess,non_ess
0.1936416184971098,0.05125767136312559,0.0,1.0,0.5053126277073968,0.008970411032266703,0.07939483197215158,0.3024721727988403,0.7958594943152894,0.0785915115812023,1.0103270223752152,YPR117W,non_ess,non_ess
0.22254335260115607,0.17175209611893855,0.054054054054054064,0.5,0.2198610543522681,0.02348993288590604,0.6061622940817571,1.089530201342282,1.2133333333333336,1.0,9.873493975903617,YDL215C,non_ess,non_ess
0.04335260115606936,0.009075978909153772,0.08108108108108109,0.5,0.05537392725786678,0.01738122827346466,0.1216685979142526,0.7931463431258946,0.8823529411764706,0.3325608342989571,1.8636363636363635,YIL034C,non_ess,non_ess
0.05202312138728323,0.0087302273316622,0.0,1.0,0.1720474049856968,0.006987577639751553,0.03920807453416149,0.23794540699575026,1.05,0.4165372670807453,1.8063973063973064,YNL201C,non_ess,non_ess
0.04624277456647399,0.01521306940962918,0.0,0.0,0.0425010216591745,0.02373887240356083,0.2611275964391692,1.0471286437423637,1.2016806722689075,0.2551928783382789,0.8820512820512819,YMR095C,non_ess,non_ess
0.005780346820809247,0.0006915031549831446,0.0,0.0,0.046383326522272166,0.002735978112175102,0.010943912448700409,0.057827633378932965,0.13046153846153846,0.4705882352941176,2.293333333333333,YGR267C,ess,ess
0.02023121387283237,0.0025931368311867924,0.0,1.0,0.09930527176134042,0.004641909814323607,0.01989389920424403,0.20666953425574114,0.5833333333333333,0.3839522546419098,1.8264984227129333,YDR470C,non_ess,non_ess
0.02890173410404624,0.005359149451119371,0.027027027027027032,0.5,0.07110747854515734,0.009140767824497258,0.056672760511883,0.3847796207582167,1.015262110152621,0.16087751371115175,0.567741935483871,YIR026C,non_ess,non_ess
0.02023121387283237,0.003198202091797044,0.0,1.0,0.13710666121781775,0.003393116820164809,0.01793504604944256,0.0816548977479661,0.2588108108108109,0.3528841492971401,2.545454545454545,YER022W,ess,ess
0.06936416184971098,0.0076929725991874845,0.027027027027027032,0.25,0.26890069472823863,0.006003001500750375,0.02226113056528264,0.09619772479756088,0.4959030993943713,0.2526263131565783,1.5256797583081572,YBR081C,non_ess,non_ess
0.023121387283236997,0.003889705246780188,0.0,1.0,0.29668982427462204,0.0018157058556513843,0.010213345438039038,0.03542674207079205,0.2323991797676009,0.48660916931457104,2.663354037267081,YNL102W,ess,ess
0.03757225433526011,0.006137090500475408,0.027027027027027032,0.2,0.16775643645279936,0.005173099880620772,0.02825308396339037,0.14748507759649826,0.2360526315789474,0.2717867091126144,1.0738993710691822,YAL021C,non_ess,non_ess
0.04046242774566474,0.01573169677586654,0.027027027027027032,0.3333333333333333,0.04045770331017573,0.021739130434782608,0.2826086956521739,0.532608695652174,2.860215053763441,0.34006211180124224,0.9647577092511012,YNL213C,non_ess,non_ess
0.02023121387283237,0.004840522084882012,0.08108108108108109,3.0,0.056395586432366175,0.007972665148063782,0.06378132118451026,0.2293366080859241,0.7908131595282434,0.2767653758542141,1.412790697674419,YOR130C,non_ess,non_ess
0.14161849710982655,0.0349209093266488,0.08108108108108109,1.5,0.3158970167552105,0.010452218430034127,0.08617747440273038,0.2705790907525749,0.9718881774168359,0.1503839590443686,0.7807308970099668,YMR247C,non_ess,non_ess
0.0,0.0,0.0,0.0,0.027993461381283204,0.0,0.0,0.0,0.0,1.0,2.2057416267942584,YMR260C,ess,ess
0.026011560693641616,0.007779410493560376,0.054054054054054064,1.0,0.027380465876583573,0.01991150442477876,0.1991150442477876,0.5767325190078525,0.7432778489116519,0.7035398230088495,1.5,YLR218C,non_ess,non_ess
0.1184971098265896,0.04382401244705679,0.10810810810810813,1.3333333333333333,0.23130363710666124,0.011897852582704585,0.14712710388856645,0.2925377834572612,0.9849455477258168,0.3357515960533952,1.375743162901308,YDR128W,non_ess,non_ess
0.0953757225433526,0.017201140980205722,0.054054054054054064,0.5,0.07703310175725378,0.0279424216765453,0.1685012701100762,0.5252292218975005,1.0615124153498874,0.17527519051651144,0.5948275862068966,YOR099W,non_ess,non_ess
0.10115606936416184,0.029648197769902324,0.10810810810810813,4.0,0.11197384552513284,0.02066115702479339,0.2024793388429752,0.4060901219992129,0.9363799283154122,0.10330578512396696,1.0,YCR065W,non_ess,non_ess
0.0028901734104046237,0.00017287578874578615,0.0,0.0,0.10993052717613404,0.0006009615384615385,0.001201923076923077,0.01797537076271187,0.050847457627118654,1.0,6.140221402214023,YHR019C,ess,ess
0.0953757225433526,0.02895669461491918,0.0,1.0,0.16407846342460156,0.013420089467263115,0.1362342415616104,0.3379191248320802,0.7524016907903162,0.1610410736071574,1.3655172413793104,YJL187C,non_ess,non_ess
0.0722543352601156,0.016768951508341255,0.0,0.0,0.18287699223539028,0.009140767824497258,0.07093235831809871,0.5743897193246585,1.1974789915966386,0.2877513711151737,1.8344988344988344,YLR309C,non_ess,non_ess
0.005780346820809247,0.0002593136831186792,0.08108108108108109,6.0,0.016959542296689827,0.006688963210702341,0.010033444816053512,0.2150081108685639,1.9880239520958085,0.9832775919732442,1.1011235955056178,YPL046C,non_ess,non_ess
0.04046242774566474,0.019275650445155158,0.0,0.0,0.11728647323252965,0.007900677200902935,0.12584650112866816,0.32121190744921,1.1875000000000002,0.6918735891647856,1.9096573208722745,YMR213W,ess,ess
0.11560693641618495,0.026622871466851068,0.0,0.0,0.09664895790764202,0.02722940776038121,0.20966643975493526,1.2122345351864132,0.9530856889151992,0.09326072157930564,0.4065281899109792,YPR138C,non_ess,non_ess
0.023121387283236997,0.007779410493560376,0.13513513513513514,1.0,0.022680833673886392,0.020887728459530026,0.2349869451697128,0.4689159404564105,0.5018981018981019,0.3342036553524804,1.4712643678160915,YDR529C,non_ess,non_ess
0.008670520231213872,0.0007779410493560378,0.0,1.0,0.08765835717204741,0.002243829468960359,0.006731488406881077,0.16469023163399885,0.37150127226463103,0.4397905759162304,2.185873605947956,YGR110W,non_ess,non_ess
0.0028901734104046237,0.00017287578874578615,0.0,0.0,0.0696771557008582,0.0009319664492078283,0.001863932898415657,0.024464119291705496,0.20988805970149246,1.0,2.3950892857142856,YER127W,ess,ess
0.023121387283236997,0.00786584838793327,0.10810810810810813,1.3333333333333333,0.0551695954229669,0.009302325581395349,0.1058139534883721,0.2712048274459285,0.8513119533527697,0.386046511627907,1.0152905198776758,YGR034W,non_ess,non_ess
0.04046242774566474,0.003976143141153081,0.0,0.0,0.2306906416019616,0.004073319755600814,0.01338376491125982,0.13319952379546818,0.3953920475659606,0.2903695082921152,1.5213414634146345,YER013W,ess,ess
0.03757225433526011,0.0029388884086783643,0.13513513513513514,1.25,0.1264814058030241,0.00681699003670687,0.01782905086523335,0.19134406385474168,0.3931297709923664,0.3875196643943367,2.4715719063545154,YGL023C,non_ess,non_ess
0.017341040462427744,0.0012965684155933962,0.0,0.0,0.04454434000817328,0.008522727272727272,0.02130681818181818,0.17475895316804407,0.28030303030303033,0.40625,2.75,YLR250W,non_ess,ess
0.026011560693641616,0.005186273662373585,0.0,0.0,0.3310175725378014,0.0018329938900203664,0.012219959266802444,0.04653659487801707,0.33510638297872336,0.5189409368635438,2.3702325581395347,YNL297C,non_ess,ess
0.02023121387283237,0.003284639986169937,0.32432432432432434,1.5,0.03051355401171503,0.014056224899598391,0.07630522088353414,0.3559481829758057,0.5083148558758315,0.39357429718875503,2.202247191011236,YMR292W,non_ess,non_ess
0.05491329479768786,0.005877776817356729,0.054054054054054064,1.0,0.10155292194523907,0.012329656067488644,0.04412719013627515,0.29737956181823805,0.8877551020408163,0.14860480207657364,0.6755162241887905,YGR123C,non_ess,non_ess
0.09826589595375723,0.02091797043824012,0.13513513513513514,0.8333333333333334,0.17613404168369434,0.01289833080424886,0.09180576631259484,0.3240312372774714,1.2142857142857142,0.1452959028831563,0.6383333333333334,YBR281C,non_ess,non_ess
0.03757225433526011,0.005445587345492263,0.0,1.0,0.18594196975888844,0.004676258992805755,0.022661870503597126,0.1438599120703437,0.29725609756097554,0.27266187050359714,3.847715736040609,YIL109C,ess,ess
0.03468208092485549,0.003803267352407295,0.0,0.0,0.04944830404577034,0.015463917525773196,0.05670103092783505,0.3848063867236611,0.7429643527204505,0.3389175257731959,2.0873015873015874,YCL047C,non_ess,non_ess
0.03468208092485549,0.003803267352407295,0.2972972972972973,3.6666666666666665,0.05108295872496935,0.015,0.055,0.25425,0.8710526315789473,0.40375,1.121527777777778,YOR280C,non_ess,non_ess
0.11271676300578035,0.04728152822197251,0.027027027027027032,0.3333333333333333,0.1068655496526359,0.024088943792464484,0.3378628783199506,0.7421783674240298,1.1280991735537191,0.17541692402717726,0.5831622176591376,YBR078W,non_ess,non_ess
0.05202312138728323,0.013570749416544212,0.0,1.0,0.2505108295872497,0.004828326180257511,0.0421137339055794,0.3616378880127758,0.5994832041343671,0.26126609442060084,1.371830985915493,YDR097C,non_ess,non_ess
0.0028901734104046237,0.0004321894718644654,0.08108108108108109,1.5,0.061708214139762976,0.0010460251046025104,0.005230125523012552,0.030247559274755927,0.19375,0.9843096234309624,1.603066439522998,YNL315C,non_ess,non_ess
0.008670520231213872,0.0010372547324747168,0.0,0.0,0.10461789946873724,0.0018915510718789407,0.007566204287515763,0.08823962922323578,0.17694805194805194,0.4199243379571249,1.6860759493670887,YDL143W,ess,ess
0.017341040462427744,0.0017287578874578616,0.0,0.0,0.08377605230894974,0.0046875,0.015625,0.0991311659192825,0.290299740382346,0.4140625,1.1228813559322033,YLR321C,ess,ess
0.04624277456647399,0.007952286282306162,0.054054054054054064,0.3333333333333333,0.06395586432366163,0.016177957532861473,0.09302325581395347,0.3345184122117486,0.8356374807987712,0.25783619817997977,0.9659090909090908,YJL208C,non_ess,non_ess
0.06936416184971098,0.01832483360705333,0.0,0.0,0.16571311810380054,0.009665726943213855,0.08538058799838905,0.39060449768100497,0.8678459937565035,0.2388240032219089,1.344671201814059,YIL107C,non_ess,non_ess
0.01445086705202312,0.003889705246780188,0.027027027027027032,0.3333333333333333,0.1726604004903964,0.0019342359767891683,0.01740812379110251,0.04009405132556283,0.1557492629150109,0.5775628626692456,6.1440329218107,YOR217W,ess,ess
0.023121387283236997,0.002160947359322327,0.0,1.0,0.11176951369023294,0.004730928444707274,0.014784151389710232,0.2070056248538776,0.2854122621564482,0.42696629213483145,1.3804971319311663,YML130C,ess,ess
0.03757225433526011,0.011150488374103209,0.027027027027027032,2.0,0.06232120964446261,0.013471502590673576,0.13367875647668392,0.29167206390328154,0.6281828703703705,0.4103626943005181,2.64,YNR034W,non_ess,non_ess
0.01445086705202312,0.00112369262684761,0.0,0.0,0.1853289742541888,0.0018044027426921687,0.004691447130999639,0.03695297517678673,0.16307556080283353,0.5774088776614941,4.081632653061225,YCR057C,ess,ess
0.02890173410404624,0.008816665226035093,0.0,0.0,0.09828361258684104,0.006697923643670462,0.06831882116543872,0.29078227128900386,0.9926854754440959,0.5036838580040187,1.5130784708249496,YFL027C,non_ess,non_ess
0.008670520231213872,0.0010372547324747168,0.13513513513513514,1.0,0.05762157744176542,0.003348214285714285,0.013392857142857142,0.07086711218229623,0.19171779141104286,0.5290178571428571,1.0215517241379308,YIL044C,non_ess,non_ess
0.031791907514450865,0.017719768346443083,0.16216216216216214,2.0,0.026358806702084188,0.02517162471395881,0.4691075514874142,0.6089992060897585,0.948469387755102,0.39130434782608703,0.39130434782608703,YMR074C,non_ess,non_ess
0.01445086705202312,0.002506698936813899,0.0,0.0,0.08765835717204741,0.0037397157816005983,0.02169035153328347,0.0972033937920718,0.2105034722222222,0.32161555721765145,1.0411622276029056,YBR279W,non_ess,ess
0.049132947976878616,0.009162416803526663,0.08108108108108109,0.6,0.0913363302002452,0.012221423436376708,0.07620416966211359,0.4636082824436527,1.010989010989011,0.2070452911574407,1.3584905660377358,YDR148C,non_ess,non_ess
0.08959537572254335,0.021868787276341943,0.10810810810810813,4.0,0.08459337964854925,0.023993808049535603,0.19582043343653247,0.6742461690558577,0.8613445378151261,0.2430340557275541,2.4341085271317837,YHR132C,non_ess,non_ess
0.031791907514450865,0.008125162071051949,0.13513513513513514,1.25,0.10073559460563956,0.007194244604316547,0.061478090255068674,0.2432720490274448,0.8436213991769548,0.5068672334859385,1.5656565656565655,YEL052W,non_ess,non_ess
0.02890173410404624,0.007260783127323019,0.10810810810810813,2.0,0.04658765835717205,0.013623978201634877,0.11444141689373295,0.42876763917502936,1.0975609756097562,0.3828337874659401,1.1195219123505975,YIR030C,non_ess,non_ess
0.04624277456647399,0.00898954101478088,0.16216216216216214,6.0,0.15079689415610953,0.00706713780918728,0.04593639575971732,0.3755115457309557,0.8037209302325582,0.2482332155477032,0.8528072837632776,YER162C,non_ess,non_ess
0.02890173410404624,0.0045812084017633325,0.0,0.0,0.10012259910093993,0.006578947368421052,0.034868421052631576,0.2767586032388664,0.7988165680473371,0.2276315789473685,0.9942528735632185,YDR168W,ess,ess
0.008670520231213872,0.004321894718644654,0.1891891891891892,1.75,0.03698406211687781,0.0050590219224283285,0.08431703204047218,0.2546973574956557,0.3121827411167513,0.7032040472175379,1.5274725274725276,YNL056W,non_ess,non_ess
0.03468208092485549,0.0037168294580344026,0.054054054054054064,0.6666666666666666,0.13445034736411934,0.005928853754940711,0.021245059288537548,0.1753311408140482,0.8129770992366412,0.35276679841897235,0.8717948717948718,YBR216C,non_ess,non_ess
0.03468208092485549,0.01097761258535742,0.054054054054054064,4.0,0.04290968532897426,0.017647058823529408,0.1867647058823529,0.5802878598247809,1.0096711798839455,1.0,1.0,YML106W,non_ess,non_ess
0.026011560693641616,0.00509983576800069,0.0,0.0,0.06048222313036373,0.009594882729211088,0.0628997867803838,0.18187116813362747,0.2992327365728901,0.26119402985074625,1.2189054726368158,YML125C,ess,ess
0.0953757225433526,0.022819604114443767,0.0,0.0,0.14732325296281162,0.0149118843199277,0.1192950745594216,0.5365022485235122,1.914535246412976,0.17577948486217804,0.5780089153046062,YLL019C,non_ess,non_ess
0.1676300578034682,0.04079868614400553,0.054054054054054064,1.0,0.12545974662852474,0.0306553911205074,0.24947145877378435,0.5103220992413879,0.6513368983957221,0.07610993657505286,0.7741935483870968,YER005W,non_ess,non_ess
0.008670520231213872,0.0004321894718644654,0.054054054054054064,0.6666666666666666,0.029219452390682476,0.006263048016701462,0.010438413361169102,0.14634546229601372,0.4994764397905759,0.8204592901878914,1.6582278481012658,YML077W,ess,non_ess
0.0722543352601156,0.021523035698850376,0.2972972972972973,2.75,0.13322435635472007,0.012462612163509471,0.12412761714855433,0.3233805078271679,1.1806375442739079,0.2971086739780658,1.9163987138263665,YML088W,non_ess,non_ess
0.04046242774566474,0.0087302273316622,0.08108108108108109,1.5,0.1309767061708214,0.007095793208312216,0.05119107957425241,0.2245350998165152,0.5992585102797438,0.2387227572225038,1.5596026490066224,YGL066W,non_ess,non_ess
0.01445086705202312,0.006655717866712767,0.0,0.0,0.07825909276665305,0.0041701417848206855,0.06422018348623854,0.12797701788527474,0.4612794612794612,0.7147623019182652,1.447635135135135,YMR026C,non_ess,non_ess
0.023121387283236997,0.004321894718644654,0.08108108108108109,1.5,0.08704536166734778,0.006024096385542169,0.037650602409638564,0.4385739680031602,0.5770491803278689,0.4977409638554217,0.936260623229462,YML038C,non_ess,non_ess
0.1936416184971098,0.036908980897225344,0.10810810810810813,1.3333333333333333,0.1275030649775235,0.03485952133194588,0.22216441207075965,0.9801773899043844,0.9949336128581412,0.07023933402705515,1.125,YKL148C,non_ess,non_ess
0.06358381502890173,0.02039934307200276,0.13513513513513514,0.7142857142857143,0.09276665304454433,0.015580736543909348,0.1671388101983003,0.29486907945248997,2.3901869158878504,0.2896600566572238,0.8872017353579175,YOR334W,non_ess,non_ess
0.11271676300578035,0.03639035353098798,0.08108108108108109,1.0,0.07274213322435638,0.034883720930232565,0.3765652951699464,0.7345326897762177,1.5919811320754715,0.1833631484794276,0.8649789029535865,YDR517W,non_ess,non_ess
0.04046242774566474,0.006569279972339874,0.0,0.0,0.220065386187168,0.004266991770801585,0.02316366961292289,0.1591938642161386,0.4286865431103949,0.2471807375800061,1.3251633986928104,YER111C,non_ess,non_ess
0.10115606936416184,0.0236839830581727,0.0,1.0,0.20698814875357585,0.011330527678860471,0.08870184525736484,0.3672499282125567,0.9105242412297992,0.16833926837164132,1.2037037037037035,YHR082C,non_ess,non_ess
0.026011560693641616,0.004149018929898867,0.2432432432432433,0.8181818181818182,0.03841438496117695,0.01465798045602606,0.0781758957654723,0.4232994826595133,0.8053475935828875,0.4543973941368078,1.5499999999999998,YMR121C,non_ess,non_ess
0.06936416184971098,0.015385945198374969,0.21621621621621626,0.8888888888888888,0.0960359624029424,0.01643835616438356,0.12191780821917808,0.4063463504395829,0.7850746268656716,0.1267123287671233,0.4817708333333334,YGL253W,non_ess,non_ess
0.0028901734104046237,0.0002593136831186792,0.054054054054054064,0.4,0.13731099305271766,0.00048402710551790896,0.001452081316553727,0.012715522880092095,0.04670459933617828,0.6650532429816071,3.0807174887892383,YHR020W,ess,ess
0.02023121387283237,0.004321894718644654,0.0,0.0,0.03923171230077646,0.011182108626198084,0.07987220447284345,0.5467925476540905,0.5872659176029962,0.5543130990415336,2.005780346820809,YPR107C,ess,ess
0.023121387283236997,0.011064050479730312,0.0,0.0,0.01736820596648958,0.026229508196721308,0.4196721311475409,0.7833666533386645,0.9322493224932248,0.7639344262295082,1.8943089430894309,YDR377W,non_ess,non_ess
0.02890173410404624,0.005359149451119371,0.08108108108108109,3.0,0.12157744176542705,0.005449591280653951,0.033787465940054495,0.1796185286103542,0.676923076923077,0.4310626702997275,0.7886340977068794,YKR084C,non_ess,non_ess
0.05780346820809248,0.013052122050306855,0.054054054054054064,4.0,0.0986922762566408,0.0133422281521014,0.10073382254836558,0.3425447473456881,0.6458211572180012,0.15210140093395594,1.3491124260355027,YNL142W,non_ess,non_ess
0.0953757225433526,0.027919439882444462,0.08108108108108109,3.0,0.15038823048630978,0.01461470327723649,0.14304694419840566,0.5050031132431223,1.2003874300473525,0.21567759078830825,0.9605522682445758,YFR009W,non_ess,non_ess
0.13005780346820808,0.037341170369089814,0.2432432432432433,1.8,0.06661217817736004,0.04377431906614786,0.42023346303501946,0.6775186621519257,1.2354409317803658,0.14591439688715954,0.8287292817679558,YEL004W,non_ess,non_ess
0.01445086705202312,0.00112369262684761,0.0,0.0,0.05087862689006948,0.006273525721455458,0.01631116687578419,0.25115735733137196,0.351213282247765,0.5959849435382685,2.4111675126903562,YDL111C,ess,ess
0.05780346820809248,0.019102774656409367,0.32432432432432434,1.5,0.06211687780956274,0.02079002079002079,0.2297297297297297,0.6520339263702096,1.1897738446411013,0.36174636174636177,0.5631067961165049,YGL136C,non_ess,non_ess
0.04335260115606936,0.013570749416544212,0.027027027027027032,2.0,0.08541070698814876,0.011503067484662576,0.12039877300613495,0.3346927867633389,2.121212121212121,0.526840490797546,0.8471023427866831,YDR448W,non_ess,non_ess
0.06358381502890173,0.013830063099662893,0.08108108108108109,1.0,0.1710257458111974,0.008590394377196406,0.06247559547051933,0.16606907636248158,0.5988381742738589,0.17883639203436158,0.5005464480874318,YFR038W,non_ess,non_ess
0.1676300578034682,0.038724176679056095,0.13513513513513514,1.6666666666666667,0.1810380057212914,0.02141802067946824,0.1654357459379616,0.4025809050624413,1.1464801864801866,0.1709748892171344,0.9546391752577321,YIL047C,non_ess,non_ess
0.011560693641618495,0.0009508168381018238,0.0,0.0,0.018798528810788726,0.012269938650306749,0.033742331288343565,0.42007498295841855,0.5617283950617283,0.6411042944785276,2.9027777777777777,YNL244C,ess,ess
0.0953757225433526,0.025412740945630563,0.21621621621621626,1.0,0.1446669391091132,0.015179392824287031,0.13523459061637536,0.4786473961602284,1.3399935546245572,0.18261269549218032,0.8881431767337808,YDR205W,non_ess,non_ess
0.0722543352601156,0.033624340911055414,0.027027027027027032,0.3333333333333333,0.14957090314671026,0.011130899376669634,0.1731967943009795,0.33050208918419066,0.9565304487179486,0.1558325912733749,0.779510022271715,YPR031W,non_ess,non_ess
0.017341040462427744,0.002074509464949433,0.054054054054054064,4.0,0.03698406211687781,0.010118043844856659,0.040472175379426635,0.2552552051157898,0.6105610561056106,0.41652613827993257,1.241206030150754,YLR251W,non_ess,non_ess
0.0838150289017341,0.02472123779064742,0.027027027027027032,0.5,0.22456068655496528,0.008664475649835673,0.08544965640872422,0.2634468947585171,0.9862612612612612,0.29399462204959664,1.5351014040561624,YHR079C,non_ess,non_ess
0.02890173410404624,0.0044083326130175465,0.0,0.0,0.10829587249693504,0.006097560975609756,0.031097560975609763,0.13471620697515388,0.38221902707884026,0.2390243902439025,1.2894736842105263,YNL154C,non_ess,non_ess
