hits_count,reads_count,hits_count_pro,orf_len,insertion_index,NI_index,HFI_normalized,orf,label,predictions
-0.4982103078530897,-0.39023406851218173,0,0.3411900911121405,0.004081632653061225,0.13836218031516406,0.5685131195335277,YIL150C,ess,ess
1.6427536857693583,0.8743128993394386,9,0.21849134264677664,0.027848101265822784,0.5508760164305474,0.05316455696202532,YBL015W,non_ess,non_ess
-0.4982103078530897,-0.3293269897853836,0,-0.26957701235989323,0.006711409395973154,0.3662751677852349,0.4372003835091083,YCR034W,non_ess,ess
-0.2667547409749872,-0.2742205852230423,4,1.56817757576578,0.003588907014681892,0.1232068078236155,0.398694942903752,YGR188C,non_ess,non_ess
-0.32461863269451285,-0.17850946150950225,3,1.2355276354819045,0.0037050759540570577,0.07536461315638789,0.5387180437198963,YBR055C,ess,non_ess
0.5433397430983714,-0.1640077760983598,4,0.2075847872276332,0.01594387755102041,0.478976723825625,0.15306122448979592,YNL116W,non_ess,non_ess
-0.7875297664507178,-0.4424401359922946,0,-0.6104068692081264,0.0029940119760479052,0.0878726418131479,0.3712574850299401,YOL135C,ess,ess
-0.7296658747311922,-0.4366394618278376,0,0.8347117238283821,0.001328609388839681,0.06874259487191285,0.4844995571302037,YLL008W,ess,ess
-0.3824825244140385,-0.3757323831010394,0,2.765172033016775,0.002053856686444546,0.07743800395557585,0.2101780009128252,YOR116C,ess,ess
0.6012036348178971,0.3754549211961388,2,0.3820896739339285,0.014772727272727272,0.374393474623536,0.18011363636363634,YMR291W,non_ess,non_ess
1.5270259023303068,0.6248839102677887,4,4.69290570335038,0.006458557588805167,0.14234237413753553,0.08857450407504229,YER155C,non_ess,non_ess
0.4276119596593202,0.8250071689415542,4,0.04943973365005299,0.016499282639885218,0.5734397417503586,0.10903873744619802,YBR199W,non_ess,non_ess
-0.6718019830116665,-0.3409283381142976,0,1.099195692742611,0.001569242840329541,0.042867327267281714,0.4386033738721067,YBR237W,ess,ess
0.311884176220269,0.0593181792332337,3,0.7283728084917334,0.009808500700607192,0.1926162094104746,0.13124708080336292,YNL101W,non_ess,non_ess
-0.9032575498897691,-0.456941821403437,0,-0.7112925068352034,0.0,0.0,0.7989228007181328,YOR148C,ess,ess
-0.7875297664507178,-0.4395397989100661,1,-0.4904347595975483,0.0025,0.050908430232558144,0.49375,YDL043C,ess,ess
-0.15102695753593598,-0.2829215964697278,1,0.30847042485471016,0.007742703990470519,0.36343061346039307,0.14353782013103036,YDL106C,non_ess,non_ess
0.1382925010616921,-0.22491485482515805,0,0.9083309729076005,0.007695596408721676,0.2451802631526373,0.19666524155622064,YLR144C,non_ess,non_ess
0.1382925010616921,-0.021891259069163945,3,-0.4413552602114028,0.021077283372365342,0.6672206693359521,0.3946135831381733,YNL320W,non_ess,non_ess
0.6012036348178971,0.6074818877744178,4,-0.09507212565359786,0.021052631578947368,0.3842386715451731,0.1951417004048583,YHL003C,non_ess,non_ess
0.08042860934216649,-0.23071552898961506,10,-0.06235245939616747,0.013375295043273014,0.3059186940192936,0.1841070023603462,YJR084W,non_ess,non_ess
-0.6139380912921409,-0.3786327201832679,1,0.3875429516435003,0.002831257078142695,0.0858934870267112,0.4592298980747452,YDR243C,ess,ess
-0.9032575498897691,-0.456941821403437,4,-1.0275826139903637,0.0,0.0,0.6555023923444976,YLL009C,non_ess,non_ess
-0.9032575498897691,-0.456941821403437,0,0.11215242731012788,0.0,0.0,1.0,YJR006W,ess,ess
0.7747953099764741,0.9265189668195511,3,0.5865875880428684,0.0146095717884131,0.4675062972292192,0.16624685138539042,YMR137C,non_ess,non_ess
0.8326592016959995,0.6770899777479015,1,1.6363435471354264,0.009554140127388536,0.21885508565098705,0.1232484076433121,YJL084C,non_ess,non_ess
-0.4982103078530897,-0.3032239560453272,0,0.05216637250483885,0.005010737294201861,0.13824015413536347,0.3657838224767359,YNL317W,ess,ess
-0.035299174096884746,-0.0973000232071046,6,0.5020617835445066,0.007928118393234672,0.22880448687736496,0.17600422832980972,YHR171W,non_ess,non_ess
0.5433397430983714,0.2768434604003702,3,-0.2177708741189618,0.022727272727272728,0.5618181818181819,0.1481818181818182,YOR037W,non_ess,non_ess
-0.2088908492554616,-0.1872104727561877,6,-0.3241097894556105,0.012207527975584944,0.2405545435188909,0.2319430315361139,YJR100C,non_ess,non_ess
1.989937036086512,1.866228181461581,0,-0.07871229252488267,0.039904229848363934,0.8941397788165546,0.0893854748603352,YAL061W,non_ess,non_ess
0.1961563927812177,-0.29162260771641324,6,2.4625151201355435,0.004692516670782909,0.14218325512472216,0.38602123981229935,YLR384C,non_ess,non_ess
-0.8453936581702434,-0.4540414843212086,0,-0.3213831506008247,0.0010141987829614604,0.02162803521140629,1.0,YAL003W,ess,ess
-0.8453936581702434,-0.4540414843212086,0,-0.3868224831156855,0.0010940919037199122,0.0180819274840592,0.8533916849015317,YJR007W,ess,ess
-0.6718019830116665,-0.4395397989100661,0,-0.02690615428395124,0.003053435114503817,0.11114503816793893,0.7137404580152672,YBR236C,ess,ess
-0.9032575498897691,-0.456941821403437,1,-0.5695072863863384,0.0,0.0,1.0,YGR024C,ess,ess
-0.4403464161335641,-0.2858219335519563,0,-0.6622130074490578,0.01309328968903437,0.25023817084788824,0.5941080196399345,YJR118C,non_ess,non_ess
1.6427536857693583,0.3812555953605958,6,0.3275568968382112,0.025882352941176467,0.6359233926128591,0.15176470588235294,YDR481C,non_ess,non_ess
0.4854758513788458,-0.1031006973715616,2,3.8749140469146215,0.004283419596644655,0.10803465675855467,0.32464751026235944,YPL082C,ess,ess
-0.7296658747311922,-0.4221377764166952,0,0.09851923303619856,0.002071823204419889,0.04983352237386118,0.4730662983425414,YHR024C,ess,ess
3.3208065456356013,1.7966200914880974,2,-0.2613970957955357,0.06939163498098859,2.7662281368821287,0.12642585551330798,YDR214W,non_ess,non_ess
0.7169314182569483,0.13762728045340286,2,-0.2668503735051074,0.02676864244741874,0.7136962866056153,0.07361376673040153,YLR377C,non_ess,non_ess
0.2540202845007433,-0.11180170861824704,0,0.003086873118693281,0.014892032762472078,0.32378588566228184,0.11020104244229337,YKL027W,non_ess,non_ess
-0.7296658747311922,-0.32642665270315513,8,-0.7985449501883509,0.006507592190889371,0.22284106232045486,0.5314533622559653,YNL255C,non_ess,non_ess
0.7747953099764741,0.3029464941404266,0,0.8756113066501702,0.012592270950933564,0.33179634569126537,0.21971341728180635,YNL224C,non_ess,non_ess
-0.5560741995726153,-0.1959114840028732,0,-0.7358322565282762,0.011320754716981131,0.6371967654986522,0.269811320754717,YOR253W,non_ess,non_ess
0.2540202845007433,0.16663065127568774,3,-0.5831404806602677,0.02865329512893983,0.7046029591648654,0.14326647564469913,YBR261C,non_ess,non_ess
-0.7875297664507178,-0.3931344055944103,1,0.027626622811766068,0.00145985401459854,0.03817560440487743,0.5503649635036496,YOR323C,non_ess,ess
0.1961563927812177,0.04191615673986278,20,0.6274871708646564,0.00935960591133005,0.3531062834461495,0.2492610837438424,YPL089C,non_ess,non_ess
0.022564717622640867,-0.06829665238481973,0,-0.5422408978384797,0.0215343203230148,0.3960736507578587,0.3068640646029609,YCR004C,non_ess,non_ess
1.6427536857693583,0.44796334825185097,0,2.7051859782114858,0.010194624652455976,0.3546596642982185,0.10681186283595924,YDR326C,non_ess,non_ess
0.311884176220269,-0.07409732654927671,2,0.12033234387448548,0.014266304347826088,0.2810736308528428,0.1514945652173913,YMR070W,non_ess,non_ess
-0.3824825244140385,-0.33512766394984056,0,2.6506532011157677,0.0021146616541353387,0.05788323868181091,0.5343045112781954,YLR086W,ess,ess
0.2540202845007433,-0.0798980007137337,2,0.5429613663662946,0.010325245224574084,0.3053110788893198,0.1868869385647909,YJL106W,non_ess,non_ess
1.7584814692084092,0.4073586291006522,0,0.7883588632970224,0.02084277299501586,0.6235039287411452,0.11644766651563207,YHL016C,non_ess,non_ess
-0.32461863269451285,-0.3525296864432115,3,-0.6949326737064881,0.017391304347826087,0.3998603108084513,0.3095652173913043,YDR071C,non_ess,non_ess
-0.8453936581702434,-0.42793845058115215,0,-0.7467388119474196,0.0019305019305019305,0.03531126855869124,1.0,YJL124C,non_ess,ess
-0.8453936581702434,-0.4250381134989237,2,-0.4877081207427624,0.0012453300124533,0.033944310776336306,0.6376089663760897,YEL019C,ess,non_ess
0.3697480679397946,0.05641784215100521,1,0.3848163127887144,0.012478729438457176,0.238578480650107,0.3034600113442995,YNL094W,non_ess,non_ess
-0.035299174096884746,-0.12050271986493252,8,0.28665731401642325,0.00906344410876133,0.31294058408862035,0.4640483383685801,YDL225W,non_ess,non_ess
-0.035299174096884746,-0.1698084502628168,7,0.5865875880428684,0.007556675062972292,0.1238087200394713,0.1239294710327456,YOR275C,non_ess,non_ess
1.7584814692084092,0.9613230118062932,3,2.2034844289308864,0.012221041445270987,0.2751023464578934,0.08953241232731136,YJL197W,non_ess,non_ess
-0.7875297664507178,-0.4511411472389801,0,-0.5504208144028373,0.0027247956403269754,0.07375027441662255,0.8337874659400545,YBR153W,ess,ess
-0.09316306581641036,-0.19881182108510168,5,0.5402347275115087,0.007238883143743538,0.17397890166621216,0.266287487073423,YER049W,non_ess,non_ess
-0.2088908492554616,-0.20751283233178716,7,-0.4195421493731158,0.013667425968109341,0.2449106821724014,0.1560364464692483,YOR223W,non_ess,non_ess
0.7169314182569483,1.1063398659177175,1,0.2566642866137787,0.01726263871763255,0.6582566631888457,0.1658446362515413,YPL214C,non_ess,non_ess
-0.7296658747311922,-0.36123069768989696,1,-0.6104068692081264,0.004491017964071856,0.07396254003620666,0.3218562874251497,YNR017W,ess,non_ess
0.022564717622640867,-0.08279833779596217,6,0.12033234387448548,0.010869565217391304,0.27990701181201305,0.1297554347826087,YBR263W,non_ess,non_ess
-0.9032575498897691,-0.456941821403437,0,-0.9594166426207172,0.0,0.0,0.6971830985915493,YOR159C,ess,ess
-0.4982103078530897,-0.4105364280877813,3,-0.4822548430331907,0.00865265760197775,0.207731646428658,0.4042027194066749,YHR134W,non_ess,non_ess
-0.5560741995726153,-0.4018354168410958,0,-0.5558740921124091,0.008241758241758242,0.2589937994965928,0.5535714285714286,YGR057C,non_ess,non_ess
-0.6718019830116665,-0.4047357539233243,3,-0.4713482876140472,0.0048721071863581,0.1942537794655012,0.6735688185140073,YKR030W,non_ess,non_ess
0.4276119596593202,0.027414471328720345,0,1.8599279332278675,0.006792675723567632,0.18263118404878595,0.1984642646190195,YPL115C,non_ess,non_ess
-0.4982103078530897,-0.3931344055944103,0,0.21031142608241904,0.004455760661998727,0.09170932047469983,0.4086569064290261,YOR359W,non_ess,ess
-0.2667547409749872,-0.2220145177429296,3,2.4843282309738304,0.0027007120058924624,0.0887354628602713,0.3974957034127179,YDR301W,ess,non_ess
-0.2667547409749872,-0.13790474235830344,0,0.311197063709496,0.006539833531510107,0.16963585666886474,0.3579072532699168,YPR072W,non_ess,ess
-0.7296658747311922,-0.4192374393344667,0,1.5790841311849233,0.0009749756256093598,0.032020985189655966,0.4806629834254144,YDR060W,ess,ess
-0.6718019830116665,-0.4221377764166952,0,0.15305201013191586,0.002652519893899204,0.08150320444173517,0.6870026525198939,YKR063C,ess,ess
1.4112981188912557,0.6828906519123584,3,0.13669217700320066,0.026845637583892617,0.505965697240865,0.15369127516778525,YOL061W,non_ess,non_ess
1.989937036086512,0.5871795281988184,3,2.9233170865943547,0.010974539069359086,0.24073541276131266,0.0985513608428446,YKL101W,non_ess,non_ess
-0.4403464161335641,-0.2771209223052708,4,0.033079900521337795,0.005813953488372093,0.10585129080435246,0.4265988372093023,YOR166C,non_ess,non_ess
-0.7296658747311922,-0.3699317089365824,2,-0.7276523399639185,0.005565862708719851,0.1905534941249227,0.614100185528757,YNL245C,ess,non_ess
0.9483869851350506,0.2594414379069993,1,0.4393490898844317,0.01755348326933626,0.2965614804977337,0.11080636313768512,YJL100W,non_ess,non_ess
-0.4982103078530897,-0.36123069768989696,6,-0.4931613984523342,0.00878293601003764,0.3078311962542461,0.3550815558343789,YDR152W,non_ess,non_ess
-0.6718019830116665,-0.3699317089365824,8,-0.7521920896569914,0.0078125,0.2334762168141593,0.2890625,YFR011C,non_ess,non_ess
4.0730371379894335,2.9451535760505783,0,1.36367966165684,0.030281690140845068,0.5917674396547636,0.18732394366197186,YIL002C,non_ess,non_ess
-0.5560741995726153,-0.3960347426766388,2,0.14759873242234414,0.0039946737683089215,0.32183859840422746,0.3462050599201065,YDR036C,non_ess,non_ess
0.8905230934155252,0.18113233668683013,5,0.777452307877879,0.014123006833712985,0.2621867881548975,0.1061503416856492,YJL082W,non_ess,non_ess
-0.5560741995726153,-0.3728320460188109,0,0.09306595532662684,0.004160887656033287,0.12366402871828346,0.3723994452149792,YLR378C,ess,non_ess
-0.8453936581702434,-0.4134367651700097,0,-0.3050233174721095,0.00099601593625498,0.03333153871002477,1.0,YHR085W,ess,ess
-0.9032575498897691,-0.456941821403437,0,-0.981229753459004,0.0,0.0,1.0,YPR182W,ess,ess
0.311884176220269,0.08832155005551857,8,-0.11415859763709893,0.01729818780889621,0.3201505689437186,0.18945634266886327,YNR021W,non_ess,non_ess
-0.6718019830116665,-0.4163371022522382,0,1.7072361573598591,0.001243008079552517,0.0369458955537265,0.42169049098819145,YBL076C,ess,ess
-0.5560741995726153,-0.4076360910055528,3,-1.0030428642972908,0.025423728813559324,0.4946554066024922,0.4745762711864407,YLR325C,non_ess,non_ess
1.1798425520131532,0.6944920002412724,8,-0.19595776328067488,0.03202846975088968,0.6316864991103204,0.0596085409252669,YPL001W,non_ess,non_ess
1.6427536857693583,1.12084155132886,1,0.3820896739339285,0.025,1.0574468085106383,0.1068181818181818,YNR055C,non_ess,non_ess
1.6427536857693583,0.7553990789680706,6,-0.2968434009077519,0.04343534057255676,1.055744706569696,0.10365251727541956,YKL151C,non_ess,non_ess
0.4276119596593202,-0.06539631530259125,2,0.2130380649372049,0.014612452350698857,0.6189350836442509,0.3233799237611182,YHR016C,non_ess,non_ess
-0.6718019830116665,-0.4076360910055528,1,-0.2750302900694649,0.0038572806171648993,0.14568052755130864,0.3162970106075217,YPR086W,ess,ess
0.7169314182569483,-0.0798980007137337,10,-0.2504905403763922,0.02631578947368421,0.4728274173806609,0.1193609022556391,YCL034W,non_ess,non_ess
0.022564717622640867,-0.22491485482515805,1,0.2293978980659201,0.010050251256281407,0.35689726829636903,0.2355527638190955,YKR023W,non_ess,non_ess
-0.4982103078530897,-0.3699317089365824,9,0.3384634522573547,0.0040887850467289715,0.12534158605235832,0.33235981308411217,YDR120C,non_ess,non_ess
-0.4982103078530897,-0.3003236189630987,0,-0.08143893137966854,0.0056,0.20257614678899089,0.2336,YIL033C,non_ess,non_ess
-0.09316306581641036,0.053517505068776734,3,0.3493700076764982,0.008120649651972156,0.2305290023201856,0.3486078886310905,YGR055W,non_ess,non_ess
0.2540202845007433,0.3986576178539667,2,-0.2641237346503215,0.019065776930409915,0.4082656593820108,0.1572926596758818,YMR315W,non_ess,non_ess
-0.8453936581702434,-0.4395397989100661,1,-0.4522618156305462,0.0011876484560570072,0.028468632108425318,0.6745843230403801,YPL076W,ess,ess
-0.6718019830116665,-0.38733373142995337,0,-0.7258345807273947,0.0073937153419593345,0.17672072334574726,0.4399260628465804,YJL189W,non_ess,ess
-0.8453936581702434,-0.4511411472389801,0,-0.16051145816845866,0.0008598452278589854,0.055443481711753416,1.0,YDR161W,non_ess,ess
2.6264398450012933,4.293810319286825,14,0.5047884223992924,0.032189973614775734,0.636631116826678,0.06965699208443271,YCR061W,non_ess,non_ess
-0.09316306581641036,0.4943687415675068,2,-0.8639842827032118,0.03598971722365039,0.6973130964538509,0.32904884318766064,YNL153C,non_ess,non_ess
-0.035299174096884746,-0.2452172144007575,1,0.1666852044058452,0.009848982271831909,0.2420595642927843,0.17596848325673015,YGR093W,non_ess,non_ess
-0.7875297664507178,-0.4482408101567516,3,-0.9457834483467876,0.006688963210702341,0.2150081108685639,0.8160535117056856,YPL046C,non_ess,non_ess
-0.6718019830116665,-0.38733373142995337,0,0.1748651209702028,0.0026109660574412533,0.06457504030589678,0.489556135770235,YMR300C,non_ess,ess
3.783717679391806,3.5658257116474754,2,-0.05144590397702402,0.06313328137178488,1.5368231445738028,0.07716289945440374,YGR244C,non_ess,non_ess
0.022564717622640867,-0.19011080983841624,2,0.1803183986797745,0.010403120936280884,0.34754375357193146,0.4720416124837451,YGR059W,non_ess,non_ess
0.08042860934216649,-0.18140979859173076,1,2.8387912820959933,0.003809097019941743,0.11758319729415405,0.5978041676002689,YGL197W,non_ess,ess
-0.9032575498897691,-0.456941821403437,0,-0.4631683710496897,0.0,0.0,0.4626506024096386,YJL174W,ess,ess
0.7747953099764741,-0.0798980007137337,4,2.2934635111388197,0.0075071188195702816,0.2731266464649541,0.2531711105358529,YLR398C,non_ess,non_ess
-0.7296658747311922,-0.4250381134989237,0,0.10124587189098444,0.0020675396278428677,0.04821078301436674,0.3190902825637492,YLR175W,ess,ess
-0.9032575498897691,-0.456941821403437,0,0.6029474211715836,0.0,0.0,0.7968047928107839,YBR121C,ess,ess
-0.6718019830116665,-0.3989350797588673,4,-0.6376732577559849,0.006269592476489028,0.2007850162008377,0.4122257053291536,YHR110W,non_ess,non_ess
-0.9032575498897691,-0.456941821403437,2,-0.21504423526417596,0.0,0.0,0.5022665457842248,YPL209C,ess,non_ess
-0.6718019830116665,-0.349629349360983,3,-0.6431265354655568,0.006329113924050633,0.17222157705260713,0.5427215189873418,YML095C,non_ess,non_ess
0.1961563927812177,-0.1959114840028732,3,0.003086873118693281,0.014147431124348473,0.2699608168646168,0.21295606850335072,YOL016C,non_ess,non_ess
0.7747953099764741,0.5842791911165899,8,-0.8476244495744967,0.07125307125307126,1.7759151556619912,0.14987714987714987,YDR482C,non_ess,non_ess
0.3697480679397946,0.004211774670892442,4,-0.19868440213546076,0.019625334522747548,0.8452459744221134,0.14897413024085635,YNL288W,non_ess,non_ess
-0.035299174096884746,-0.2452172144007575,2,0.9901301385511764,0.006175380815150268,0.1386788643633024,0.2293124742692466,YGR261C,non_ess,non_ess
-0.7296658747311922,-0.3583303606076685,0,0.04671309479526712,0.002156721782890007,0.08413415689784183,0.37814521926671457,YGL111W,ess,ess
0.022564717622640867,-0.17560912442727378,1,1.3963993279142703,0.005563282336578581,0.09191565552411554,0.2194019471488178,YBR073W,non_ess,non_ess
1.0641147685741021,0.2681424491536848,1,2.3125499831223206,0.008753861997940269,0.3110322818527419,0.12873326467559218,YOL075C,non_ess,non_ess
0.8326592016959995,0.28264413456482723,0,0.39572286820785785,0.016901408450704224,0.7347417840375586,0.11887323943661972,YFL053W,non_ess,non_ess
-0.2088908492554616,-0.24231687731852894,2,0.5675011160593674,0.006109979633401222,0.10536484515847183,0.32331975560081466,YPR190C,ess,non_ess
-0.3824825244140385,-0.2858219335519563,4,0.594767504607226,0.004513540621865597,0.1545370055119487,0.2447342026078235,YDR194C,non_ess,non_ess
0.9483869851350506,0.20723537042688656,1,5.529983831769641,0.004310344827586207,0.1290727667662232,0.18655711206896552,YKL203C,ess,ess
-0.7296658747311922,-0.4424401359922946,0,-0.9185170597989292,0.00911854103343465,0.22109109601287324,0.4194528875379939,YBR091C,ess,ess
-0.2088908492554616,-0.2945229447986418,2,0.6656601148316585,0.0057915057915057895,0.15819750719079578,0.26496138996139,YDL141W,ess,non_ess
0.5433397430983714,0.6712893035834445,1,0.8238051684092387,0.011130899376669634,0.33050208918419066,0.13446126447016918,YPR031W,non_ess,non_ess
-0.7296658747311922,-0.4221377764166952,0,0.2621175643233505,0.0018427518427518426,0.06212706212706213,0.4545454545454545,YNL189W,ess,ess
-0.15102695753593598,-0.26841991105858537,0,2.2389307340431026,0.003418353931107021,0.17730853216568154,0.22166710491717065,YMR128W,ess,ess
1.2955703354522043,0.4392623370051656,3,1.603623880877996,0.012242268041237113,0.2635526468203405,0.15947164948453607,YMR189W,non_ess,non_ess
0.1382925010616921,0.11732492087780345,2,-0.5258810647097646,0.02365308804204994,0.6501566764378854,0.17345597897503284,YKL207W,non_ess,non_ess
-0.5560741995726153,-0.3322273268676121,0,-0.3268364283103964,0.0061224489795918356,0.11313816261328813,0.6459183673469387,YOR340C,ess,ess
-0.4403464161335641,-0.3322273268676121,0,-0.1386983473301717,0.006739679865206402,0.13162109034055114,0.3277169334456613,YOR184W,non_ess,ess
-0.035299174096884746,0.053517505068776734,1,-0.03781270970309469,0.011556240369799691,0.288605847157465,0.15254237288135594,YGR149W,non_ess,non_ess
0.1382925010616921,-0.016090584904706967,0,0.8674313900858125,0.007846556233653008,0.238234803094103,0.5632083696599826,YJL090C,ess,non_ess
-0.2088908492554616,-0.2452172144007575,5,1.0746559430495384,0.004758128469468675,0.11074954196177088,0.4381443298969072,YKL022C,ess,non_ess
1.1219786602936277,0.27974379748259875,2,1.1809948583861871,0.013262599469496022,0.31082548555355777,0.06290261462675256,YNL325C,non_ess,non_ess
-0.09316306581641036,-0.12920373111161798,0,0.28665731401642325,0.008459214501510574,0.1738865468018248,0.17764350453172206,YOL013C,non_ess,non_ess
-0.8453936581702434,-0.4482408101567516,2,0.6602068371220868,0.00048402710551790896,0.012715522880092095,0.4801548886737657,YHR020W,ess,non_ess
0.9483869851350506,0.6799903148301301,9,-0.06235245939616747,0.025177025963808025,0.6173898025368925,0.13611329661683713,YOR212W,non_ess,non_ess
-0.4403464161335641,-0.33512766394984056,0,-0.4222687882279017,0.009142857142857144,0.3589865229110513,0.24,YOL077C,ess,non_ess
-0.9032575498897691,-0.456941821403437,0,-0.02417951542916537,0.0,0.0,0.4508758568164509,YBR143C,ess,ess
-0.035299174096884746,-0.1930111469206447,3,0.1039725107457703,0.010316368638239341,0.31464924346629985,0.2077028885832187,YOL030W,non_ess,non_ess
-0.32461863269451285,-0.32642665270315513,10,-0.9130637820893576,0.02985074626865672,0.6787292587342617,0.2447761194029851,YCR060W,non_ess,non_ess
0.2540202845007433,-0.14080507944053192,0,2.697006061647128,0.004643603436266543,0.16183451975754462,0.1239842117483167,YAL024C,non_ess,non_ess
1.5270259023303068,0.28264413456482723,14,-0.3268364283103964,0.042857142857142864,0.5969908814589665,0.10816326530612247,YML004C,non_ess,non_ess
0.9483869851350506,0.12312559504226042,2,1.5381845483631351,0.010554089709762531,0.4325814962975572,0.15336411609498682,YBL106C,non_ess,non_ess
1.1798425520131532,0.2333384041669429,2,0.31937698027385364,0.02128917800118273,0.5268054556343625,0.18805440567711407,YLR044C,non_ess,non_ess
0.1382925010616921,0.22463739292025747,5,0.3739097573695709,0.010279840091376356,0.1967223069638326,0.2467161621930325,YJL162C,non_ess,non_ess
0.4854758513788458,-0.06539631530259125,6,-0.6622130074490578,0.03927986906710311,0.7872072120415337,0.11620294599018005,YDL002C,non_ess,non_ess
-0.5560741995726153,-0.26841991105858537,3,-0.5313343424193363,0.007947019867549669,0.2646968925114621,0.2913907284768212,YLR126C,non_ess,non_ess
-0.035299174096884746,-0.1930111469206447,3,-0.06780573710573921,0.011857707509881422,0.4637082285303629,0.2324110671936759,YBL091C,non_ess,non_ess
-0.7875297664507178,-0.4192374393344667,1,0.191224954098918,0.0012903225806451613,0.03803431708991078,0.7270967741935483,YOR149C,ess,ess
0.2540202845007433,-0.0798980007137337,0,1.0555694710660373,0.007996801279488205,0.1927956090291157,0.08716513394642142,YDL056W,non_ess,non_ess
0.4854758513788458,-0.1002003602893331,3,0.15577864898670174,0.01588352084712111,0.454689705213973,0.10456651224354732,YOL068C,non_ess,non_ess
-0.3824825244140385,-0.3525296864432115,0,0.3166503414190678,0.00533175355450237,0.2220018545229755,0.2731042654028436,YJR064W,ess,ess
0.2540202845007433,-0.15240642776944588,5,-0.5222455462367167,0.026143790849673203,0.3837402007336648,0.5320261437908497,YMR194W,non_ess,non_ess
0.1382925010616921,-0.13210406819384646,1,1.2737005794489065,0.006566946369937978,0.4271798613644655,0.18423932871214885,YDR213W,non_ess,non_ess
5.288178864099471,2.257773687562427,2,5.170976382556169,0.015222649025465928,0.30634369169401016,0.09204723289230332,YJL130C,non_ess,non_ess
1.4691620106107812,0.39285694368950974,0,-0.0214528765743795,0.031155015197568383,0.6725186039199246,0.4703647416413374,YLR085C,non_ess,non_ess
-0.9032575498897691,-0.456941821403437,0,0.24030445348506355,0.0,0.0,0.5511221945137157,YOL123W,ess,ess
0.8326592016959995,0.6335849215144742,1,-0.00781968230045018,0.022539444027047332,0.6064576423375052,0.16453794139744554,YER130C,non_ess,non_ess
-0.2667547409749872,-0.3583303606076685,0,0.6683867536864444,0.005301204819277107,0.15664462360721082,0.18987951807228914,YLR396C,non_ess,ess
-0.9032575498897691,-0.456941821403437,6,-0.978503114604218,0.0,0.0,1.0,YJR135W-A,non_ess,non_ess
0.022564717622640867,0.1260259321244889,3,-0.2859368454886084,0.015609756097560976,0.3945336064047664,0.2195121951219512,YOR026W,non_ess,non_ess
-0.9032575498897691,-0.456941821403437,0,0.4775220338514338,0.0,0.0,0.6654155495978552,YAR007C,ess,ess
2.105664819525563,0.3899566066072813,4,2.290736872284034,0.013471502590673576,0.2475711744755129,0.05725388601036269,YKL215C,non_ess,non_ess
-0.6139380912921409,-0.4163371022522382,0,-0.6240400634820557,0.007656967840735069,0.13326297915559118,0.5436447166921899,YMR197C,ess,ess
-0.4403464161335641,-0.2278151919073865,4,-0.7985449501883509,0.01735357917570499,0.524503076718757,0.29067245119305857,YCR087C-A,non_ess,non_ess
-0.15102695753593598,-0.3061242931275557,0,2.1271385409968824,0.0035326086956521743,0.12452445652173913,0.14592391304347824,YCR033W,non_ess,ess
-0.6718019830116665,-0.36413103477212544,0,0.3439167299669264,0.002328288707799767,0.07153095076275008,0.3958090803259604,YLR259C,ess,ess
-0.3824825244140385,-0.3728320460188109,0,1.1319153590000417,0.0034816247582205033,0.06750593458765605,0.2769825918762089,YLR347C,ess,ess
-0.2667547409749872,-0.19881182108510168,0,0.5102417001088642,0.005786428195686482,0.13608691189489486,0.20199894792214626,YDR456W,non_ess,non_ess
-0.32461863269451285,-0.03639294448030638,13,-0.7140191456899893,0.018050541516245487,0.4439691409920379,0.3357400722021661,YOL129W,non_ess,non_ess
1.2377064437326788,0.07091952756214764,0,1.1755415806766152,0.01405241169768325,0.30931799175862873,0.08203570072161033,YPR194C,non_ess,non_ess
0.5433397430983714,0.11152424671334647,5,-0.294116762052966,0.024606299212598427,0.41078495369425977,0.10137795275590553,YJR008W,non_ess,non_ess
-0.2667547409749872,-0.2887222706341848,0,1.9199139880331564,0.003186558516801854,0.11139677481653147,0.28823870220162223,YIL026C,ess,ess
-0.2667547409749872,-0.19881182108510168,6,-0.6513064520299143,0.01765650080256822,0.5618085255367512,0.15890850722311398,YPL041C,non_ess,non_ess
-0.6139380912921409,0.06511885339769068,0,-0.7876383947692076,0.010570824524312895,0.3551968923494732,0.9640591966173362,YMR236W,ess,ess
-0.6139380912921409,-0.4105364280877813,2,-0.8612576438484258,0.012755102040816329,0.30312500000000003,0.5637755102040817,YJL190C,non_ess,non_ess
-0.6139380912921409,-0.3148253043742412,3,-0.36228273342261264,0.005313496280552604,0.11439431582841578,0.28374070138150903,YKL110C,non_ess,non_ess
0.08042860934216649,-0.15820710193390286,4,0.26484420317813634,0.010423053341508276,0.508450889521592,0.19619865113427346,YJR152W,non_ess,non_ess
-0.32461863269451285,-0.3960347426766388,0,0.7856322244422366,0.004537205081669693,0.2390647614234189,0.3126134301270417,YIL078W,ess,ess
-0.5560741995726153,-0.23071552898961506,1,-0.8121781444622804,0.01345291479820628,0.4907923789579113,0.8408071748878924,YHR051W,non_ess,non_ess
-0.32461863269451285,-0.35543002352543995,0,0.3602765630956416,0.00576036866359447,0.14812111962303853,0.7108294930875576,YEL013W,non_ess,ess
3.2629426539160757,0.9584226747240648,0,2.481601592119045,0.01769041769041769,0.5230355569978211,0.08378378378378379,YAL017W,non_ess,non_ess
-0.6139380912921409,-0.42793845058115215,0,-0.5286077035645504,0.0065963060686015824,0.20525802847702587,0.5369393139841688,YLR186W,ess,ess
0.311884176220269,0.01871346008203488,0,1.5899906866040667,0.006798316607316285,0.24136618733303844,0.606668824862415,YFL025C,non_ess,non_ess
-0.09316306581641036,-0.21911418066070107,0,-0.3840958442608995,0.015267175572519085,0.6574630501867792,0.3075245365321701,YKR026C,non_ess,non_ess
-0.09316306581641036,-0.25101788856521445,3,-0.7358322565282762,0.026415094339622643,0.8524625060474118,0.10377358490566037,YLR109W,non_ess,non_ess
2.568575953281768,1.2484563829469133,6,0.7283728084917334,0.02802428771602055,0.3397494623875396,0.09528257823446988,YHL024W,non_ess,non_ess
4.1887649214284846,2.820439081514753,2,0.3684564796599992,0.0504297994269341,0.9715056844440336,0.13696275071633238,YHR032W,non_ess,non_ess
1.1219786602936277,0.7379970564746997,1,1.9962598759671608,0.009898190045248868,0.2526472442697129,0.0873868778280543,YPR049C,non_ess,non_ess
1.1798425520131532,0.14632829170008832,0,1.7372291847625034,0.011073515841279606,0.4328738010682028,0.1113503537373116,YGL156W,non_ess,non_ess
-0.6718019830116665,-0.3989350797588673,4,0.30301714714513844,0.002390914524805738,0.14657030556612144,0.224148236700538,YPL120W,non_ess,non_ess
-0.4403464161335641,-0.08569867487819066,0,-0.940330170637216,0.026229508196721308,0.7833666533386645,0.4,YDR377W,non_ess,non_ess
-0.9032575498897691,-0.456941821403437,0,-0.00781968230045018,0.0,0.0,0.8009015777610818,YPR085C,ess,ess
1.1798425520131532,0.007112111753120929,0,1.4700185769934888,0.01217450118363206,0.32367900300344543,0.0963814677037538,YOR346W,non_ess,non_ess
-0.4982103078530897,-0.3003236189630987,4,2.65610647882534,0.0016424213984045054,0.03778937900829032,0.31229469732519943,YMR259C,non_ess,non_ess
-0.5560741995726153,-0.4163371022522382,0,-0.3486495391486833,0.006276150627615064,0.14947547146928628,0.5847280334728033,YPL266W,ess,ess
-0.9032575498897691,-0.456941821403437,0,-0.3813692054061137,0.0,0.0,0.7706521739130435,YFR004W,ess,ess
-0.9032575498897691,-0.456941821403437,0,-0.8830707546867129,0.0,0.0,1.0,YKL058W,ess,ess
-0.9032575498897691,-0.456941821403437,0,-0.435901982501831,0.0,0.0,0.9011627906976744,YOR194C,ess,ess
0.2540202845007433,-0.13210406819384646,0,0.39299622935307205,0.011286681715575621,0.3345542825503641,0.2325056433408578,YEL063C,non_ess,non_ess
-0.4982103078530897,-0.1640077760983598,2,-0.5940470360794112,0.010204081632653059,0.3979021776308289,0.2682215743440233,YHR181W,non_ess,non_ess
1.2377064437326788,0.2971458199759697,2,0.7719990301683073,0.016902695294655094,0.5717445034027949,0.12654179990863407,YGL203C,non_ess,non_ess
0.4854758513788458,-0.10890137153601856,2,0.474795394996648,0.01288936627282492,0.4637814047313406,0.5553168635875403,YMR100W,non_ess,non_ess
0.6590675265374226,0.030314808410948833,0,0.8810645843597419,0.011693373754872241,0.19078514143190345,0.2841056734517107,YOL006C,non_ess,non_ess
0.022564717622640867,-0.10890137153601856,2,-0.3650093722773985,0.017057569296375266,0.3092119577041904,0.279317697228145,YOR164C,non_ess,non_ess
-0.5560741995726153,-0.3699317089365824,0,-0.5449675366932656,0.008108108108108109,0.2455071955071955,0.2256756756756757,YOL032W,non_ess,non_ess
-0.15102695753593598,0.07962053880883313,4,0.21031142608241904,0.008274984086569064,0.2707424338869278,0.2253341820496499,YMR029C,non_ess,non_ess
-0.7875297664507178,-0.39023406851218173,0,-0.032359431993522966,0.0015337423312883436,0.05959171958526172,0.6641104294478528,YPL145C,non_ess,ess
-0.7296658747311922,-0.4453404730745231,0,-0.05144590397702402,0.002338269680436477,0.07396785920403635,0.8994544037412315,YKL172W,ess,ess
-0.4982103078530897,-0.3844333943477248,3,-0.3677360111321844,0.007486631016042781,0.19772276632818606,0.7144385026737968,YIL134W,non_ess,non_ess
-0.8453936581702434,-0.4540414843212086,0,-0.12506515305624238,0.0008319467554076539,0.017786575944853816,0.3785357737104825,YGR005C,ess,ess
-0.3824825244140385,-0.2887222706341848,1,-0.7576453673665631,0.017786561264822136,0.3980162577373406,0.3339920948616601,YCL033C,non_ess,non_ess
-0.7296658747311922,-0.43083878766338063,4,-0.7685519227857065,0.006072874493927126,0.21236894010173368,0.3785425101214575,YJR055W,non_ess,non_ess
-0.2088908492554616,-0.1872104727561877,3,-0.17959793015195968,0.010507880910683012,0.296861683695927,0.4019264448336252,YOL043C,non_ess,non_ess
1.0641147685741021,0.1289262692067174,1,0.14759873242234414,0.022636484687083888,0.9433508944595612,0.11384820239680428,YFR021W,non_ess,non_ess
-0.2088908492554616,-0.16690811318058832,0,0.8483449181023115,0.005279366476022877,0.22145714607270384,0.289925208974923,YOR014W,non_ess,ess
-0.2088908492554616,-0.2887222706341848,2,1.5763574923301376,0.003903708523096942,0.10650393736118276,0.2199089134677944,YKL210W,ess,non_ess
1.5270259023303068,0.39285694368950974,7,4.995562616231613,0.006143943826799297,0.14751909880640132,0.1417495611468695,YFR019W,non_ess,non_ess
1.2955703354522043,0.3087471683048836,1,1.385492772495127,0.013268156424581005,0.3835951251243591,0.1162709497206704,YBR229C,non_ess,non_ess
0.9483869851350506,0.2507404266603139,10,0.8565248346666691,0.014022787028921999,0.3504890849929987,0.2857142857142857,YCL045C,non_ess,non_ess
0.8905230934155252,0.6509869440078451,2,0.35209664653128403,0.017950202663578458,0.34681681041050805,0.06137811233352634,YHR037W,non_ess,non_ess
0.022564717622640867,-0.19881182108510168,1,-0.10597868107274132,0.013082583810302535,0.4696515440587395,0.1643499591169256,YDL104C,non_ess,non_ess
0.3697480679397946,0.1289262692067174,7,-0.2804835677790367,0.02133850630455868,0.6422575050288352,0.35402521823472355,YDL078C,non_ess,non_ess
1.2955703354522043,0.062218516315462186,0,2.3016434277031776,0.00981404958677686,0.2980174752381553,0.09684917355371901,YKL209C,non_ess,non_ess
-0.32461863269451285,-0.39023406851218173,0,1.3554997450924824,0.0035323207347227135,0.12538705765945535,0.4697986577181208,YLR129W,ess,ess
1.3534342271717301,1.419576270798394,2,0.1585052878414876,0.025759577278731842,0.4833278030639779,0.10898282694848084,YMR065W,non_ess,non_ess
0.022564717622640867,-0.25101788856521445,0,0.191224954098918,0.01032258064516129,0.25870467616904225,0.4903225806451613,YKL047W,non_ess,non_ess
0.8326592016959995,0.2652421120714563,0,0.18577167638934625,0.019430051813471502,0.6578210334687019,0.13665803108808292,YKL103C,non_ess,non_ess
-0.4982103078530897,-0.23651620315407199,1,-0.7340144972917523,0.013157894736842105,0.382807981492192,0.325187969924812,YDR397C,ess,non_ess
0.022564717622640867,-0.17270878734504527,2,-0.09779876450838372,0.012987012987012988,0.3021145521145521,0.32386363636363635,YGR193C,non_ess,non_ess
-0.3824825244140385,-0.2655195739763569,0,1.6908763242311438,0.0028125,0.06161269430051813,0.6265625,YGR274C,ess,ess
3.7258537876722806,1.6922079565278718,2,1.260067385174977,0.029347028613352893,0.8244889960591816,0.07960381511371974,YLL026W,non_ess,non_ess
-0.7875297664507178,-0.43083878766338063,0,0.09033931647184096,0.001389854065323141,0.058161859106488724,0.9492703266157052,YNL261W,ess,ess
-0.8453936581702434,-0.4540414843212086,1,-0.24503726266682044,0.0009345794392523364,0.030934579439252336,1.0,YJL031C,ess,ess
1.4112981188912557,0.4595646965807649,4,-0.18777784671631728,0.0353045013239188,0.8170815751611069,0.08737864077669902,YOL126C,non_ess,non_ess
-0.32461863269451285,-0.24231687731852894,0,1.2709739405941205,0.003652300949598247,0.07355432891793995,0.2892622352081812,YER151C,non_ess,ess
-0.6139380912921409,-0.3989350797588673,0,-0.14415162503974344,0.004233700254022015,0.1338807853913377,0.4072819644369179,YLR418C,non_ess,non_ess
1.816345360927935,0.674189640665673,1,1.8381148223895805,0.013979773944080905,0.4598779972009504,0.148720999405116,YBR235W,non_ess,non_ess
-0.3824825244140385,-0.29742328188087025,0,0.17759175982498865,0.0058631921824104215,0.18738762214983712,0.2078175895765472,YMR131C,ess,non_ess
0.6012036348178971,0.3145478424693406,3,0.6220338931550846,0.012845849802371542,0.35154385003717764,0.2149209486166008,YDR452W,non_ess,non_ess
-0.32461863269451285,-0.36413103477212544,1,-0.6812994794325589,0.01694915254237288,0.5177896063874492,0.23559322033898306,YMR118C,non_ess,non_ess
0.1382925010616921,-0.1466057536049889,4,-0.16869137473281626,0.015597920277296359,0.3613748255394856,0.2435008665511265,YOL065C,non_ess,non_ess
-0.8453936581702434,-0.4453404730745231,4,-0.7467388119474196,0.0019305019305019305,0.03873873873873874,0.640926640926641,YPL252C,ess,non_ess
1.0641147685741021,0.3522522245383109,4,-0.00781968230045018,0.025544703230653644,0.4642648444301337,0.12997746055597295,YER152C,non_ess,non_ess
0.2540202845007433,0.5204717753075632,1,-0.3950023996800429,0.02209944751381216,0.4204419889502761,0.17458563535911606,YPL054W,non_ess,non_ess
0.08042860934216649,-0.23651620315407199,1,-0.6158601469176981,0.0256797583081571,1.047876804296744,0.12235649546827795,YOR202W,non_ess,non_ess
-0.5560741995726153,-0.10600103445379007,6,-0.07598565367009681,0.004777070063694267,0.2118173194199756,0.34394904458598724,YOR245C,non_ess,non_ess
-0.6718019830116665,-0.16690811318058832,6,-0.6622130074490578,0.006546644844517185,0.2158647026732133,0.3289689034369885,YDL072C,non_ess,non_ess
0.022564717622640867,-0.12050271986493252,0,0.8919711397788853,0.006893580353295993,0.205613247073112,0.17621714778112882,YBR142W,ess,non_ess
0.1961563927812177,-0.03929328156253487,3,1.6090771585875678,0.006109324758842444,0.14852263839402105,0.1594855305466238,YGR125W,non_ess,non_ess
-0.7296658747311922,-0.3583303606076685,0,0.8210785295544528,0.0013374944271065535,0.06920550208491777,0.2666072224699064,YPR024W,non_ess,ess
0.6590675265374226,-0.15530676485167436,5,-0.14415162503974344,0.02286198137171888,0.5533085917091538,0.14225232853513972,YIL153W,non_ess,non_ess
-0.6718019830116665,-0.3757323831010394,0,-0.4277220659374734,0.004602991944764097,0.112350578896691,0.4867663981588032,YAL034W-A,ess,ess
0.8905230934155252,0.1492286287823168,7,0.3548232853860699,0.017919075144508672,0.6123106753493818,0.17630057803468208,YJL172W,non_ess,non_ess
-0.3824825244140385,-0.3583303606076685,0,1.0119432493894631,0.003668976763147167,0.18086696562032886,0.2229922543823889,YLR222C,ess,ess
-0.7296658747311922,-0.3525296864432115,0,-0.8176314221718521,0.006818181818181818,0.12421875,0.4863636363636364,YOR224C,ess,ess
-0.6718019830116665,-0.4163371022522382,2,0.03853317823090953,0.0028943560057887122,0.045041692509130996,0.3350217076700434,YER003C,ess,ess
-0.9032575498897691,-0.456941821403437,0,-0.7767318393500642,0.0,0.0,1.0,YOR257W,ess,ess
-0.2088908492554616,-0.14950609068721735,2,0.8592514735214549,0.00525164113785558,0.2185165622877839,0.26783369803063456,YOR112W,non_ess,non_ess
-0.5560741995726153,-0.3670313718543539,0,0.0712528444883399,0.0042313117066290545,0.08184537206534026,0.6939351198871649,YHR005C,non_ess,ess
-0.4403464161335641,-0.27132024814081385,7,-0.7985449501883509,0.01735357917570499,0.7825526176936156,0.27765726681127983,YNL052W,non_ess,non_ess
-0.4403464161335641,-0.3148253043742412,0,0.2212179815015625,0.0050536955148452285,0.19552280798611296,0.19519898926089704,YIL142W,ess,non_ess
-0.6718019830116665,-0.4134367651700097,0,-0.31592987289125296,0.004032258064516129,0.08503969254032258,0.4475806451612903,YDR267C,ess,ess
0.022564717622640867,-0.20461249524955866,4,-0.4222687882279017,0.018285714285714287,0.3413164956590371,0.10628571428571428,YLR351C,non_ess,non_ess
-0.5560741995726153,-0.3815330572654964,0,-0.6540330908847002,0.00967741935483871,0.3140198511166253,0.2290322580645161,YFL038C,ess,non_ess
0.7169314182569483,0.1753316625223732,3,0.008540150828265012,0.020756115641215715,0.5390755014126185,0.1363973313565604,YKL046C,non_ess,non_ess
-0.2667547409749872,-0.16110743901613134,0,-0.16596473587803034,0.00950734658599827,0.22693622937882826,0.2904062229904927,YJR072C,ess,non_ess
0.4854758513788458,0.15792964002900226,0,1.039209637937322,0.009665726943213855,0.39060449768100497,0.16190092629883207,YIL107C,non_ess,non_ess
0.2540202845007433,0.007112111753120929,0,-0.3268364283103964,0.020408163265306117,0.4303071744161582,0.1846938775510204,YGR144W,non_ess,non_ess
-0.7296658747311922,-0.3206259785386981,9,-0.978503114604218,0.01140684410646388,0.5563904079499493,1.0,YGR037C,non_ess,non_ess
-0.7875297664507178,-0.4250381134989237,0,-0.1168852364918848,0.0016515276630883564,0.039302177298811525,0.6763005780346821,YKL195W,ess,ess
0.022564717622640867,0.053517505068776734,0,-0.6049535914985547,0.02373887240356083,1.0471286437423637,0.18397626112759646,YMR095C,non_ess,non_ess
-0.9032575498897691,-0.456941821403437,0,-0.7058392291256317,0.0,0.0,1.0,YER112W,ess,ess
-0.15102695753593598,-0.2829215964697278,2,0.6520269205577292,0.006319883325230919,0.1870141818390913,0.2066115702479339,YLR143W,non_ess,non_ess
1.8742092526474603,0.6712893035834445,0,0.979223583132033,0.01985932974762102,0.5835898160388306,0.09888291270169633,YGL216W,non_ess,non_ess
1.5848897940498323,0.6857909889945869,2,0.3439167299669264,0.025029103608847497,0.6097837840077224,0.13445867287543656,YGR124W,non_ess,non_ess
-0.4403464161335641,-0.10890137153601856,0,-0.5122478704358352,0.010309278350515464,0.2603561387066541,0.6494845360824743,YOR039W,non_ess,non_ess
0.022564717622640867,-0.1930111469206447,1,0.27029748088770805,0.009773976786805132,0.39586109675297215,0.2425167990226023,YPL256C,non_ess,non_ess
-0.035299174096884746,-0.0973000232071046,4,0.6056740600263695,0.007477567298105683,0.16632624251140382,0.15204386839481554,YJL128C,non_ess,non_ess
-0.7296658747311922,-0.4076360910055528,2,-0.5095212315810493,0.003851091142490373,0.08162014063188551,0.4878048780487805,YAL009W,non_ess,non_ess
-0.5560741995726153,-0.27132024814081385,4,-0.4277220659374734,0.006904487917146146,0.2766022404358752,0.3901035673187572,YOL080C,non_ess,non_ess
-0.8453936581702434,-0.4395397989100661,0,-0.9975895865877192,0.004132231404958678,0.11270568088749908,1.0,YDR086C,ess,ess
0.1382925010616921,1.1063398659177175,2,-0.7140191456899893,0.032490974729241874,0.7585165736790285,0.29422382671480146,YER042W,non_ess,non_ess
1.7584814692084092,0.34065087620939694,8,0.8156252518448811,0.02056325435851587,0.3915338720054987,0.08940545373267769,YCL039W,non_ess,non_ess
-0.32461863269451285,-0.3525296864432115,4,-0.2859368454886084,0.00975609756097561,0.3096806638169474,0.4058536585365854,YGL153W,non_ess,non_ess
-0.7296658747311922,-0.4221377764166952,0,0.22394462035634835,0.0018915510718789407,0.08823962922323578,0.2496847414880201,YDL143W,ess,ess
0.022564717622640867,-0.1959114840028732,0,2.4897815086834023,0.003922530031870556,0.08654737385827763,0.3142927188036284,YIL126W,ess,ess
-0.6718019830116665,-0.4221377764166952,2,-0.6376732577559849,0.006269592476489028,0.2013155272074945,1.0,YDR298C,non_ess,non_ess
0.1961563927812177,0.16082997711123076,3,-0.3513761780034692,0.01993704092339979,0.6999635019845796,0.2350472193074501,YNR027W,non_ess,non_ess
-0.6139380912921409,-0.3032239560453272,0,-0.6958415533247502,0.008710801393728224,0.22230541077547727,0.3397212543554007,YML094W,non_ess,ess
-0.09316306581641036,-0.26841991105858537,0,0.5484146440758663,0.007205352547606794,0.31249613998970666,0.3468862583633556,YNL167C,non_ess,ess
1.0062508768545764,0.3087471683048836,2,-0.4986146761619059,0.04171934260429835,2.236434892541088,0.1011378002528445,YLR414C,non_ess,non_ess
-0.4982103078530897,-0.3003236189630987,12,-0.6731195628682013,0.011686143572621035,0.3562604340567613,0.7529215358931552,YKL156W,non_ess,non_ess
-0.7296658747311922,-0.3960347426766388,1,-0.7085658679804175,0.005357142857142857,0.14262218045112782,0.4732142857142857,YBR217W,non_ess,ess
0.022564717622640867,0.010012448835349415,1,-0.4658950099044755,0.01934703748488513,0.3498423066854486,0.17654171704957675,YDL051W,non_ess,non_ess
0.022564717622640867,-0.03929328156253487,3,0.22394462035634835,0.01008827238335435,0.2351828499369483,0.2730138713745271,YBR020W,non_ess,non_ess
-0.3824825244140385,-0.31772564145646964,0,2.375262676782396,0.002276751834050089,0.06685093472462507,0.4110801922590437,YGL092W,ess,ess
0.2540202845007433,0.6364852585967027,0,-0.2095909575546042,0.018034265103697024,0.38487609216131335,0.3165013525698828,YAL036C,non_ess,non_ess
-0.15102695753593598,-0.24811755148298595,2,-0.3050233174721095,0.012948207171314742,0.3620102921646747,0.33665338645418325,YNL316C,non_ess,non_ess
0.08042860934216649,0.12312559504226042,0,-0.6267667023368415,0.02615384615384616,0.9041758241758241,0.31076923076923074,YGL037C,non_ess,non_ess
1.1219786602936277,0.24784008957808534,5,0.6929265033795171,0.01665080875356803,0.26649260899849314,0.1279733587059943,YJR005W,non_ess,non_ess
1.7584814692084092,0.7524987418858421,2,2.7297257279045586,0.010591756850103615,0.2315515492466909,0.15864609716785633,YJR092W,non_ess,non_ess
-0.5560741995726153,-0.2887222706341848,0,1.1101022481617546,0.002342834830144475,0.08203938193785909,0.28504490433424445,YLR127C,ess,ess
-0.15102695753593598,-0.19881182108510168,0,-0.2504905403763922,0.012218045112781954,0.35647326470683144,0.14943609022556392,YOR049C,non_ess,non_ess
0.4276119596593202,0.11732492087780345,1,0.14487209356755826,0.015343562374916613,0.4315647051085701,0.1160773849232822,YDR348C,non_ess,non_ess
0.2540202845007433,-0.06539631530259125,3,0.6792933091055878,0.009583133684714902,0.3736889740722994,0.27982750359367514,YDR338C,non_ess,non_ess
-0.7296658747311922,-0.4163371022522382,0,-0.5940470360794112,0.004373177842565598,0.10440313900828542,0.3892128279883382,YOR232W,ess,ess
0.3697480679397946,-0.10890137153601856,10,0.5893142268976543,0.011066398390342052,0.2651780993125991,0.1011066398390342,YFR048W,non_ess,non_ess
-0.5560741995726153,-0.39023406851218173,2,-0.6167690265359601,0.009077155824508321,0.2632375189107413,0.4947049924357035,YJL024C,non_ess,non_ess
-0.15102695753593598,-0.10890137153601856,0,1.5490911037822788,0.0042706964520367935,0.114303934451573,0.19612352168199731,YDR028C,non_ess,non_ess
-0.2088908492554616,-0.0798980007137337,5,-0.678572840577773,0.020236087689713318,0.5299077472472968,0.315345699831366,YIL157C,non_ess,non_ess
1.7584814692084092,0.5581761573765335,0,0.8510715569570974,0.020210896309314587,0.4984405554592935,0.12170474516695955,YKL034W,non_ess,non_ess
0.8326592016959995,0.062218516315462186,0,0.3439167299669264,0.017462165308498253,0.3269906353343566,0.10360884749708964,YOR090C,non_ess,non_ess
1.9320731443669859,0.4450630111696225,0,-0.2477639015216063,0.045923149015932516,1.378153701968135,0.15370196813495782,YMR244W,non_ess,non_ess
-0.2088908492554616,-0.2829215964697278,0,1.9908065982575889,0.0033994334277620396,0.15069050991501418,0.3118980169971671,YLR272C,ess,ess
-0.9032575498897691,-0.456941821403437,0,-0.7903650336239935,0.0,0.0,1.0,YER074W-A,ess,ess
-0.09316306581641036,-0.2278151919073865,4,-0.3731892888417561,0.015069967707212056,0.2670049720641755,0.2163616792249731,YGR208W,non_ess,non_ess
-0.32461863269451285,-0.33512766394984056,2,-0.6622130074490578,0.016366612111292964,0.5085340191723171,0.28150572831423903,YGL200C,non_ess,non_ess
0.9483869851350506,1.0831371692598897,10,0.5347814498019371,0.016597510373443983,0.2916979775868265,0.06742738589211618,YNR019W,non_ess,non_ess
-0.8453936581702434,-0.4482408101567516,0,0.1666852044058452,0.0006565988181221272,0.11276303035987867,0.948128693368352,YML043C,ess,ess
8.87574015071006,9.027160437483717,8,1.8408414612443664,0.05022288261515602,1.294706779104996,0.1411589895988113,YER176W,non_ess,non_ess
1.0641147685741021,0.14632829170008832,1,-0.14415162503974344,0.028789161727349705,1.0451409613969822,0.08044030482641829,YML018C,non_ess,non_ess
-0.2088908492554616,-0.2336158660718435,0,0.4857019504157914,0.0064034151547492,0.14079197216870645,0.1552828175026681,YGR225W,non_ess,non_ess
-0.035299174096884746,0.4015579549361952,0,1.0882891373234675,0.005912495072920773,0.20607590442902005,0.3094205754828538,YBR202W,ess,non_ess
-0.4982103078530897,-0.3931344055944103,3,0.013993428537836741,0.005166051660516605,0.16119311193111932,0.3808118081180812,YML097C,non_ess,non_ess
-0.6139380912921409,-0.4250381134989237,0,0.1994048706632756,0.003207184092366902,0.060656258368259476,0.2989095574085953,YMR013C,ess,ess
-0.6139380912921409,-0.4192374393344667,3,-0.23685734610246284,0.0046339202965709,0.1885932006413934,0.5495829471733086,YGL211W,non_ess,non_ess
-0.4982103078530897,-0.4105364280877813,0,1.7563156567460043,0.002139364303178484,0.06505493768262867,0.3588019559902199,YPL160W,ess,ess
0.4276119596593202,-0.06539631530259125,4,2.4407020092972567,0.005714285714285714,0.21681397738951694,0.19826086956521732,YOL138C,non_ess,non_ess
-0.4403464161335641,-0.31772564145646964,0,0.9601371111485321,0.00333889816360601,0.1433681986985111,0.3192821368948247,YBR198C,ess,ess
-0.6139380912921409,-0.3815330572654964,0,0.16123192669627345,0.0032959789057350032,0.09074313952362732,0.4568226763348714,YMR290C,ess,ess
0.022564717622640867,0.13182660628894588,0,0.5429613663662946,0.008260196179659271,0.17242394692059124,0.1584925141972122,YJL073W,non_ess,non_ess
-0.4403464161335641,-0.4018354168410958,3,-0.23685734610246284,0.007414272474513438,0.2165956132221193,0.8155699721964782,YJR139C,non_ess,non_ess
-0.2088908492554616,0.053517505068776734,3,-0.5749605640959101,0.016973125884016973,0.5273792685390988,0.3734087694483734,YGL198W,non_ess,non_ess
-0.7875297664507178,-0.4250381134989237,0,-0.558600730967195,0.0027586206896551718,0.0537510227936879,0.5296551724137931,YBL041W,ess,ess
6.50332059020951,12.249434935839565,6,-0.3077499563268953,0.12787212787212787,3.4009626736899463,0.07292707292707293,YPL111W,non_ess,non_ess
1.2377064437326788,0.4856677303208213,7,-0.6840261182873447,0.06303236797274275,1.0955702627692063,0.31175468483816016,YDL125C,non_ess,non_ess
0.4854758513788458,0.3058468312226551,4,0.17759175982498865,0.015635179153094463,0.20401192257869785,0.1237785016286645,YMR004W,non_ess,non_ess
-0.32461863269451285,-0.2771209223052708,3,0.4502556453035752,0.005449591280653951,0.1796185286103542,0.2686648501362398,YKR084C,non_ess,non_ess
0.08042860934216649,-0.05959564113813427,6,0.3548232853860699,0.009826589595375723,0.3584657996146436,0.2352601156069364,YNL275W,non_ess,non_ess
-0.7875297664507178,-0.43083878766338063,0,-0.6213134246272698,0.003048780487804878,0.08653216565722703,0.5548780487804879,YDR236C,ess,ess
1.1798425520131532,0.5697775057054475,10,1.1837214972409729,0.013626040878122634,0.3666745262530869,0.2554882664647994,YML099C,non_ess,non_ess
-0.4403464161335641,-0.2394165402363005,5,-0.3213831506008247,0.008113590263691683,0.19601524141722432,0.4655172413793103,YPR128C,non_ess,non_ess
0.5433397430983714,-0.11760238278270403,1,1.4154857998977717,0.008629616845012079,0.3726804185066596,0.1052813255091474,YNL023C,non_ess,non_ess
2.2213926029646145,0.4305613257584801,0,4.69290570335038,0.008303859757035214,0.33015930709303004,0.0568968168537598,YCR032W,non_ess,non_ess
0.7747953099764741,0.16953098835791622,1,0.5211482555280077,0.015159435441714584,0.3926192038226616,0.10454783063251437,YBR280C,non_ess,non_ess
0.4276119596593202,0.13762728045340286,6,0.5102417001088642,0.01209889531825355,0.27466819083073685,0.10994213571804314,YNL293W,non_ess,non_ess
-0.6139380912921409,-0.42793845058115215,0,0.33301017454778303,0.0029308323563892145,0.05570712991580518,0.7919109026963658,YKR002W,ess,ess
0.6590675265374226,0.5001694157319637,6,-0.4004556773896147,0.030033370411568405,0.5873571645262412,0.07897664071190211,YER175C,non_ess,non_ess
-0.4982103078530897,-0.3467290122787545,12,-0.7649164043126587,0.014056224899598391,0.3559481829758057,0.1987951807228916,YMR292W,non_ess,non_ess
-0.8453936581702434,-0.4540414843212086,0,-0.8857973935414988,0.0027397260273972607,0.0846374119650182,0.5397260273972603,YOL133W,ess,ess
0.1382925010616921,0.4769667190741359,1,-0.7649164043126587,0.03614457831325301,0.7864184008762322,0.14457831325301204,YGL087C,non_ess,non_ess
-0.3824825244140385,-0.2945229447986418,0,-0.16051145816845866,0.007738607050730869,0.17024935511607908,0.2321582115219261,YGL246C,non_ess,non_ess
-0.8453936581702434,-0.4221377764166952,1,-0.7094747475986795,0.0017889087656529515,0.03586762075134168,0.4937388193202147,YIL004C,ess,ess
2.6264398450012933,0.6538872810900735,2,3.2995932485548036,0.01227364185110664,0.5587525150905432,0.08269617706237424,YMR162C,non_ess,non_ess
1.9320731443669859,0.7147943598168718,3,3.043289196204933,0.010452218430034127,0.2705790907525749,0.12521331058020474,YMR247C,non_ess,non_ess
-0.4982103078530897,-0.349629349360983,0,-0.19050448557110314,0.006194690265486726,0.23164239425823985,0.2513274336283186,YGL155W,ess,ess
-0.4403464161335641,-0.3583303606076685,0,-0.2095909575546042,0.007213706041478809,0.21020144460041087,0.33543733092876465,YOR136W,non_ess,ess
-0.4403464161335641,-0.33802800103206904,0,1.4318456330264866,0.00274442538593482,0.07579533318230362,0.2620926243567753,YEL032W,ess,ess
0.2540202845007433,0.08832155005551857,7,-0.3077499563268953,0.01998001998001998,0.5572688181383834,0.15184815184815184,YAL020C,non_ess,non_ess
1.3534342271717301,1.1295425625755455,1,0.2539376477589929,0.024088943792464484,0.7421783674240298,0.1439159975293391,YBR078W,non_ess,non_ess
-0.6718019830116665,-0.4337391247456092,0,-0.6622130074490578,0.006546644844517185,0.17440099216232427,0.6923076923076923,YOR294W,ess,ess
-0.4982103078530897,-0.2626192368941284,3,-0.14415162503974344,0.0059271803556308214,0.10964121465690424,0.1371718882303133,YBR125C,non_ess,non_ess
-0.6139380912921409,-0.3467290122787545,0,-0.3404696225843257,0.0051813471502590676,0.15795706883789784,0.5015544041450777,YDR460W,ess,ess
-0.6139380912921409,-0.4134367651700097,0,-0.7930916724787793,0.010706638115631693,0.32839540843191634,0.40471092077087795,YFR003C,ess,non_ess
-0.2667547409749872,-0.1959114840028732,0,-0.20686431869981836,0.009892086330935251,0.2472514296255303,0.18345323741007194,YBR249C,non_ess,non_ess
-0.2667547409749872,-0.349629349360983,4,-0.02690615428395124,0.008396946564885497,0.20119525914021694,0.13053435114503814,YLL002W,non_ess,non_ess
-0.2667547409749872,-0.1930111469206447,3,-0.7603720062213489,0.02186878727634195,0.6685938423512977,0.3737574552683897,YKL056C,non_ess,non_ess
-0.4403464161335641,-0.349629349360983,0,0.1285122604388431,0.0054017555705604325,0.1645080105579768,0.548953409858204,YDR376W,ess,ess
-0.5560741995726153,-0.4221377764166952,0,0.1884983152441321,0.003878474466709761,0.08368554522400676,0.34130575307045896,YCR072C,ess,ess
-0.8453936581702434,-0.4453404730745231,2,-0.962143281475503,0.0035587188612099642,0.08978679179920007,0.4234875444839858,YPR052C,non_ess,non_ess
-0.4403464161335641,-0.3206259785386981,13,-0.514974509290621,0.01034928848641656,0.1971178434970968,0.18758085381630013,YBL036C,non_ess,non_ess
0.08042860934216649,-0.3061242931275557,1,-0.045992626267452284,0.013188518231186969,0.5523960136062541,0.20403413498836304,YNR029C,non_ess,non_ess
-0.4403464161335641,-0.2452172144007575,0,0.6520269205577292,0.0038891589693728725,0.13468496833532906,0.2430724355858045,YPL043W,ess,ess
1.2377064437326788,0.7960037981192694,3,0.5865875880428684,0.018639798488664986,0.5071240827948746,0.08866498740554156,YNL279W,non_ess,non_ess
-0.2667547409749872,-0.10600103445379007,0,0.36572984080521337,0.0063145809414466144,0.1225843487278249,0.3128587830080368,YAL040C,non_ess,non_ess
-0.5560741995726153,-0.36123069768989696,0,-0.6240400634820557,0.009188361408882085,0.2443313738082301,0.25114854517611024,YLR051C,ess,non_ess
2.3371203864036656,1.4630813270318217,4,1.8626545720826533,0.016524048391856002,0.4089013474968034,0.10091472410740633,YBR245C,non_ess,non_ess
-0.9032575498897691,-0.456941821403437,0,-0.8176314221718521,0.0,0.0,1.0,YGR074W,ess,ess
-0.5560741995726153,-0.3989350797588673,1,0.31937698027385364,0.0035481963335304554,0.06400559611769335,0.3051448846836192,YCR054C,ess,ess
0.1961563927812177,-0.22491485482515805,5,0.5647744772045815,0.009688934217236104,0.35661528844730306,0.5843957164711882,YBR215W,non_ess,non_ess
-0.8453936581702434,-0.4424401359922946,0,-0.8339912553005673,0.0023696682464454982,0.2105055292259084,0.7345971563981043,YLR275W,ess,ess
-0.32461863269451285,-0.3119249672920127,1,0.10942578845534202,0.00684931506849315,0.1962869502523432,0.25,YOR043W,non_ess,non_ess
-0.6139380912921409,-0.3728320460188109,0,0.7201928919273758,0.002345215759849907,0.1065956401322255,0.5023452157598499,YOR206W,ess,ess
0.022564717622640867,-0.22491485482515805,3,0.9328707226006732,0.006762468300929839,0.11252253191136223,0.29205409974640745,YGR200C,non_ess,non_ess
-0.5560741995726153,-0.3844333943477248,2,-0.11506747725536087,0.00494641384995878,0.11776674676816755,0.6883759274525969,YGR214W,non_ess,non_ess
0.3697480679397946,0.22753773000248595,5,0.06579956677876818,0.015580736543909348,0.29486907945248997,0.1990084985835694,YOR334W,non_ess,non_ess
-0.8453936581702434,-0.4540414843212086,0,-0.9076105043797856,0.0029325513196480947,0.11116790874115527,0.4369501466275661,YPL098C,non_ess,ess
1.0062508768545764,0.09992289838443252,7,0.493881866980149,0.017525225703664358,0.3671206502591824,0.09399893786510886,YHL040C,non_ess,non_ess
-0.8453936581702434,-0.4540414843212086,0,-0.22049751297374767,0.0009115770282588881,0.06084607853067287,0.8842297174111212,YIL083C,ess,ess
-0.7875297664507178,-0.4482408101567516,0,0.251211008904207,0.0012376237623762374,0.05933632425742575,0.4672029702970297,YDL207W,ess,ess
0.311884176220269,0.16373031419345924,1,0.0957925941814127,0.014532871972318341,0.4701192861045347,0.1640138408304498,YDR346C,non_ess,non_ess
0.08042860934216649,0.16082997711123076,0,0.3848163127887144,0.009642654566080544,0.20346462505461813,0.3244469653998865,YER068W,non_ess,non_ess
-0.15102695753593598,-0.20461249524955866,0,-0.21231759640939007,0.011754068716094029,0.2984538400451601,0.1735985533453888,YGR173W,non_ess,non_ess
0.08042860934216649,-0.20461249524955866,1,0.8592514735214549,0.007439824945295405,0.2002679408743804,0.36280087527352295,YER017C,non_ess,non_ess
-0.6718019830116665,-0.4134367651700097,6,-0.9921363088781476,0.016129032258064516,0.4207676006592889,0.3588709677419355,YBL071W-A,non_ess,non_ess
-0.32461863269451285,-0.33802800103206904,0,1.0855624984686818,0.003946329913180742,0.11855097208575616,0.2707182320441989,YPL084W,non_ess,ess
-0.5560741995726153,-0.05669530405590579,7,-0.7903650336239935,0.01276595744680851,0.3782791676408698,0.1127659574468085,YLR170C,non_ess,non_ess
0.1961563927812177,0.2420394154136284,0,0.4611622007227186,0.01028695181375203,0.3836711559285328,0.11640498105035192,YMR092C,non_ess,non_ess
-0.8453936581702434,-0.4221377764166952,5,-0.3704626499869703,0.001072961373390558,0.02478656977735083,0.9152360515021459,YDR068W,non_ess,non_ess
2.568575953281768,0.9207182926550944,3,3.3623059422148787,0.011907124429450288,0.25204265101308504,0.10974399682476682,YML059C,non_ess,non_ess
-0.7875297664507178,-0.4018354168410958,3,-0.3213831506008247,0.0020283975659229213,0.07364836100468282,0.5202839756592292,YLR239C,non_ess,non_ess
-0.3824825244140385,-0.2858219335519563,0,0.39572286820785785,0.0050704225352112674,0.34132796780684105,0.20056338028169013,YDR037W,ess,non_ess
-0.4403464161335641,-0.36123069768989696,2,-0.3650093722773985,0.008528784648187633,0.2928737700749203,0.17057569296375266,YOL096C,non_ess,non_ess
0.022564717622640867,-0.08279833779596217,5,-0.05144590397702402,0.012470771628994544,0.3464677589361075,0.21200311769290725,YBR287W,non_ess,non_ess
-0.4982103078530897,-0.3786327201832679,1,-0.6622130074490578,0.011456628477905071,0.5552249169270446,0.2536824877250409,YBR014C,non_ess,non_ess
-0.035299174096884746,-0.2742205852230423,0,0.36300320195042746,0.008625646923519264,0.32956282696812017,0.14951121334100054,YHR194W,non_ess,non_ess
-0.9032575498897691,-0.456941821403437,0,-0.26957701235989323,0.0,0.0,1.0,YJR141W,ess,ess
1.6427536857693583,0.3725545841139104,1,2.3916225099111106,0.0110803324099723,0.32966204986149583,0.07982875849911861,YDR216W,non_ess,non_ess
4.709539946904216,2.7682330140346414,5,0.6765666702508021,0.04654510556621881,1.8053859128715173,0.059021113243762,YMR246W,non_ess,non_ess
-0.2667547409749872,-0.15820710193390286,4,1.1646350252574718,0.004196871423120946,0.1683113315528424,0.19916062571537585,YNL082W,non_ess,non_ess
-0.7875297664507178,-0.4221377764166952,2,-0.7440121730926338,0.003838771593090211,0.1368669717997933,0.40307101727447214,YPL148C,non_ess,non_ess
-0.9032575498897691,-0.456941821403437,0,-0.16596473587803034,0.0,0.0,0.26879861711322384,YGR046W,non_ess,ess
-0.6139380912921409,-0.34382867519652605,2,-0.21231759640939007,0.004520795660036167,0.08662387968260556,0.5108499095840868,YPR191W,non_ess,non_ess
-0.6139380912921409,-0.3235263156209266,2,0.4693421172870762,0.0026939655172413795,0.10186239427456084,0.7246767241379308,YKL174C,non_ess,non_ess
-0.09316306581641036,-0.1698084502628168,9,-0.09234548679881201,0.011308562197092085,0.4782579429186861,0.340064620355412,YOR201C,non_ess,non_ess
-0.8453936581702434,-0.3003236189630987,9,-0.7031125902708458,0.00176678445229682,0.03336078712682767,0.8374558303886925,YCL001W,non_ess,non_ess
3.0314870870379735,0.7931034610370409,0,6.069858325017242,0.008480917934647045,0.27355287338182965,0.09840359191818407,YGL195W,non_ess,non_ess
-0.32461863269451285,-0.3670313718543539,0,-0.2777569289242508,0.009671179883945842,0.25020066053500706,0.2205029013539652,YLR097C,non_ess,non_ess
-0.15102695753593598,0.004211774670892442,0,-0.013272960010021907,0.009811320754716982,0.2536526761648056,0.44981132075471697,YKL059C,ess,non_ess
1.9320731443669859,3.281592677589084,17,-0.24503726266682044,0.04579439252336449,0.9299384027187764,0.11401869158878505,YPR040W,non_ess,non_ess
-0.7296658747311922,-0.4192374393344667,1,0.8510715569570974,0.0013181019332161687,0.024011197072092483,0.6805799648506151,YBR080C,ess,ess
-0.6718019830116665,-0.3467290122787545,0,-0.23685734610246284,0.003707136237256719,0.15396573888606535,0.7914735866543096,YHR069C,ess,non_ess
-0.2667547409749872,-0.3061242931275557,8,-0.3022966786173236,0.010923535253227408,0.3848445496906272,0.17676266137040714,YDR204W,non_ess,non_ess
1.4112981188912557,0.07962053880883313,12,0.3984495070626437,0.02249718785151856,0.7191007598870285,0.12935883014623173,YCR088W,non_ess,non_ess
0.4276119596593202,-0.053794966973677305,1,0.6165806154455129,0.011397423191278492,0.4216320630251305,0.12190287413280475,YBR212W,non_ess,non_ess
0.022564717622640867,-0.2104131694140156,0,1.4400255495908445,0.005471956224350204,0.2490913934074666,0.3160054719562244,YAR019C,ess,ess
-0.7875297664507178,-0.4337391247456092,3,0.09851923303619856,0.0013812154696132596,0.04981123388581952,0.2838397790055249,YGL097W,ess,ess
1.5270259023303068,0.16663065127568774,2,2.00989307024109,0.011827654181920586,0.2847642831718241,0.08307519008729937,YNL106C,non_ess,non_ess
-0.6139380912921409,-0.4337391247456092,0,-0.314112113654729,0.005030181086519115,0.12940802711002858,0.613682092555332,YBL050W,ess,ess
-0.09316306581641036,0.18983334793351564,0,0.39299622935307205,0.007900677200902935,0.32121190744921,0.4018058690744921,YMR213W,ess,ess
-0.2088908492554616,-0.2771209223052708,6,0.0876126776170551,0.008356545961002786,0.17604600038667825,0.2137883008356546,YJL123C,non_ess,non_ess
1.4112981188912557,0.21013570750911506,0,2.1925778735117434,0.010660980810234541,0.38310303768725945,0.11140724946695096,YDR293C,non_ess,non_ess
-0.6718019830116665,-0.4105364280877813,0,1.1264620812904698,0.0015509887553315238,0.03624470068106957,0.5001938735944165,YOL130W,ess,ess
0.9483869851350506,0.16373031419345924,1,1.6581566579737137,0.010113780025284451,0.2891522433128087,0.10145385587863463,YMR261C,non_ess,non_ess
0.022564717622640867,-0.2220145177429296,4,0.00036023426390741585,0.011940298507462687,0.21531137416366444,0.1246268656716418,YHR004C,non_ess,non_ess
2.9736231953184467,3.011861328941834,10,-0.4386286213566168,0.07817969661610269,1.4465248481584538,0.07701283547257877,YMR069W,non_ess,non_ess
-0.15102695753593598,-0.2742205852230423,0,1.3091468845611227,0.004676258992805755,0.1438599120703437,0.21798561151079132,YIL109C,ess,ess
0.022564717622640867,-0.12920373111161798,4,-0.22322415182853356,0.014625228519195612,0.7105843787429869,0.7065813528336379,YLR420W,non_ess,non_ess
-0.4982103078530897,-0.349629349360983,0,0.6574801982673009,0.003393116820164809,0.0816548977479661,0.16868637905962192,YER022W,ess,ess
-0.15102695753593598,-0.24811755148298595,1,0.3302835356929971,0.0076335877862595426,0.22314929877507544,0.15443335290663535,YPL030W,non_ess,non_ess
-0.6718019830116665,-0.3844333943477248,0,0.4993351446897207,0.002117522498676549,0.2859278173948245,0.8713605082053997,YML046W,ess,ess
-0.4982103078530897,-0.3699317089365824,0,-0.7985449501883509,0.015184381778741863,0.32095466323345645,0.3145336225596529,YKL067W,non_ess,non_ess
2.4528481698427167,0.8424091914349252,5,1.243707552046262,0.02141802067946824,0.4025809050624413,0.08308714918759233,YIL047C,non_ess,non_ess
-0.7875297664507178,-0.42793845058115215,0,-0.6540330908847002,0.0032258064516129032,0.13815668202764975,0.6435483870967742,YDR167W,ess,ess
-0.32461863269451285,-0.2771209223052708,0,0.6574801982673009,0.004847309743092582,0.15202706776346092,0.18759088705768293,YMR108W,non_ess,non_ess
-0.4403464161335641,-0.11180170861824704,0,0.6438470039933716,0.00390625,0.14715998427672955,0.439453125,YJL034W,ess,ess
0.1961563927812177,0.04771683090431975,0,1.783582045293863,0.005754088431253785,0.1832145736804948,0.2780133252574197,YPL022W,non_ess,non_ess
4.998859405501844,2.9335522277216644,5,0.6084006988811553,0.0507715281234445,1.1469652387043117,0.051269288203086114,YKL029C,non_ess,non_ess
-0.4403464161335641,-0.2394165402363005,2,-0.3241097894556105,0.008138351983723296,0.3325626560621474,0.32451678535096645,YHR104W,non_ess,non_ess
-0.8453936581702434,-0.4540414843212086,0,-0.6185867857724839,0.0015174506828528073,0.029146936760699863,1.0,YLR293C,ess,ess
-0.7875297664507178,-0.43083878766338063,0,-0.17687129129717385,0.0017467248908296946,0.0337973338114203,0.3537117903930131,YLR291C,ess,ess
1.2377064437326788,0.7931034610370409,5,0.21031142608241904,0.023551877784850413,0.7071664858197313,0.09611712285168683,YLR004C,non_ess,non_ess
0.6590675265374226,-0.09149934904264764,2,-0.06507909825095334,0.02129337539432177,0.7811626858945471,0.09858044164037856,YLR130C,non_ess,non_ess
-0.7296658747311922,-0.43083878766338063,0,-0.7140191456899893,0.005415162454873646,0.15647240845796806,0.4314079422382672,YLR066W,ess,ess
-0.7875297664507178,-0.4337391247456092,0,-0.2723036512146791,0.0019230769230769234,0.07258991008991009,0.5865384615384616,YOR075W,ess,ess
0.3697480679397946,-0.123403056947161,3,2.3616294825084667,0.00558659217877095,0.19242239677405806,0.3344337227018791,YNL250W,non_ess,non_ess
-0.2667547409749872,-0.33802800103206904,0,0.9246908060363156,0.004666949512091642,0.07071275646868888,0.3949936359779381,YAL043C,ess,ess
-0.7875297664507178,-0.4453404730745231,1,-0.5122478704358352,0.002577319587628866,0.04448398576512457,0.3904639175257732,YOR095C,ess,ess
0.8326592016959995,-0.17850946150950225,7,0.6002207823167978,0.015,0.3815254237288136,0.1285,YBR260C,non_ess,non_ess
-0.7875297664507178,-0.4424401359922946,1,0.2893839528712091,0.0012062726176115801,0.02057667613525818,0.4276236429433052,YPR144C,ess,ess
0.4276119596593202,0.03321514549317731,8,0.3602765630956416,0.01324884792626728,0.3675706014415692,0.195852534562212,YLR361C,non_ess,non_ess
-0.5560741995726153,-0.3670313718543539,0,0.1639585655510593,0.003947368421052632,0.16950187969924813,0.3868421052631579,YDL160C,non_ess,ess
-0.7875297664507178,-0.4482408101567516,0,-0.6267667023368415,0.003076923076923077,0.07137942226549822,0.4046153846153846,YPL233W,ess,ess
0.1961563927812177,-0.22491485482515805,0,1.8735611275017967,0.00558659217877095,0.24926358557643474,0.2578653337253749,YBL022C,non_ess,non_ess
-0.9032575498897691,-0.456941821403437,1,-0.5095212315810493,0.0,0.0,0.3594351732991014,YLR323C,ess,ess
-0.5560741995726153,-0.2568185627296714,0,-0.5595096105854569,0.008287292817679558,0.2342961806389623,0.5538674033149171,YDR447C,non_ess,ess
-0.9032575498897691,-0.456941821403437,2,-0.7440121730926338,0.0,0.0,0.8502879078694817,YAL033W,ess,non_ess
-0.5560741995726153,-0.36123069768989696,0,1.3336866342541955,0.002137513359458497,0.09209859448414004,0.4086213038831493,YNL287W,ess,ess
0.4854758513788458,0.2652421120714563,1,-0.37864256655132783,0.02600216684723727,0.4475209297744509,0.13434452871072589,YDL119C,non_ess,non_ess
0.3697480679397946,0.036115482575405804,16,0.42026261790093067,0.01220865704772475,0.2618953850560309,0.30077691453940064,YGR194C,non_ess,non_ess
-0.7296658747311922,-0.4221377764166952,0,0.21031142608241904,0.0019096117122851689,0.05547265498638227,0.3418204964990452,YGL078C,non_ess,ess
-0.2667547409749872,-0.2945229447986418,0,2.1216852632873104,0.0029940119760479052,0.07033369159117663,0.3824169842133914,YOR151C,ess,ess
0.6012036348178971,0.03901581965763429,1,0.06034628906919645,0.01849217638691323,0.464849204588461,0.2226173541963016,YML102W,non_ess,non_ess
-0.2667547409749872,-0.3699317089365824,3,-0.28321020663382257,0.010700389105058366,0.3891911435556627,0.2315175097276265,YDL065C,non_ess,non_ess
0.3697480679397946,-0.07409732654927671,4,0.035806539376123665,0.015953589557650468,0.34620453835689674,0.13850616388687453,YLR090W,non_ess,non_ess
1.6427536857693583,1.5210880686763912,5,0.3166503414190678,0.026066350710900472,0.755514751495,0.15165876777251186,YKR072C,non_ess,non_ess
-0.7296658747311922,-0.4366394618278376,0,1.1355508774730894,0.0011587485515643105,0.03792075290393692,0.8165314793356508,YJL041W,ess,ess
0.08042860934216649,0.007112111753120929,0,-0.22049751297374767,0.015496809480401094,0.4610568006789677,0.4904284412032817,YLR056W,non_ess,non_ess
1.6427536857693583,0.6248839102677887,6,1.7045095185050732,0.013685847589424573,0.34000405706944353,0.14494556765163294,YIL156W,non_ess,non_ess
0.022564717622640867,-0.11760238278270403,0,0.2784773974520657,0.009720534629404616,0.2285488381286808,0.19015795868772786,YNL291C,non_ess,non_ess
-0.5560741995726153,-0.21911418066070107,4,-0.6049535914985547,0.008902077151335312,0.2100960579866528,0.2744807121661721,YDR067C,non_ess,non_ess
-0.8453936581702434,-0.43083878766338063,0,0.8837912232145277,0.00043252595155709344,0.016938923312142917,0.4641003460207612,YJL033W,ess,ess
