hits_count,reads_count,hits_count_pro,orf_len,insertion_index,NI,HFI,orf,label,predictions
0.01445086705202312,0.002160947359322327,0.054054054054054064,0.0886800163465468,0.003698224852071005,0.08820496452159395,0.25961538461538464,YJL049W,non_ess,non_ess
0.05780346820809248,0.0112369262684761,0.0,0.16693910911319984,0.007996801279488205,0.1927956090291157,0.16273490603758498,YDL056W,non_ess,non_ess
0.13872832369942195,0.029043132509292077,0.027027027027027032,0.2574581119738455,0.012532637075718016,0.3496754352470098,0.14882506527415146,YPL137C,non_ess,non_ess
0.07803468208092486,0.016163886247731005,0.13513513513513514,0.11973845525132815,0.014933628318584071,0.30434939083525275,0.2616150442477876,YKR039W,non_ess,non_ess
0.0028901734104046237,0.0005186273662373584,0.08108108108108109,0.10972619534123418,0.0006020469596628537,0.01804817698857434,0.7278747742323901,YGL076C,non_ess,non_ess
0.09248554913294796,0.0224738525369522,0.0,0.12341642827952595,0.017185821697099892,0.4031159730115858,0.3351235230934479,YGR013W,ess,non_ess
0.03757225433526011,0.005791338922983836,0.2432432432432433,0.03555373927257867,0.022727272727272728,0.4588174982911825,0.2290209790209789,YGR016W,non_ess,non_ess
0.10982658959537572,0.026882185149969744,0.4324324324324325,0.18961994278708624,0.013408609738884969,0.3734171315961172,0.1146788990825688,YML076C,non_ess,non_ess
0.005780346820809247,0.0003457515774915723,0.0,0.05006129955046997,0.0025477707006369425,0.07738084248746115,0.4535031847133758,YER126C,ess,ess
0.011560693641618495,0.001210130521220503,0.08108108108108109,0.05292194523906825,0.004836759371221282,0.07693979864951156,0.3603385731559855,YOR278W,ess,non_ess
0.060693641618497114,0.019102774656409367,0.0,0.017572537801389457,0.06818181818181818,1.5518181818181815,0.35714285714285715,YML084W,non_ess,non_ess
0.05202312138728323,0.015472383092747859,0.21621621621621626,0.006538618716796079,0.1232876712328767,2.5225624496373893,0.226027397260274,YOR161C-C,non_ess,non_ess
0.2369942196531792,0.05385080819431239,0.0,0.4346138128320393,0.012750738609858498,0.6033614814297668,0.1795988182242264,YFL007W,non_ess,non_ess
0.04335260115606936,0.009075978909153772,0.10810810810810813,0.06395586432366163,0.015166835187057632,0.3733503968002269,0.26289180990899896,YKR013W,non_ess,non_ess
0.06647398843930635,0.012706370472815282,0.0,0.17429505516959545,0.008815638175546186,0.14078900671464872,0.36834036029129935,YIL066C,non_ess,non_ess
0.0028901734104046237,0.00017287578874578615,0.0,0.04372701266857377,0.0014450867052023119,0.10034852091125468,1.0,YOL102C,ess,ess
0.03757225433526011,0.004149018929898867,0.054054054054054064,0.03964037597057622,0.02056962025316456,0.6668887408394404,0.19778481012658228,YNR049C,non_ess,non_ess
0.10693641618497107,0.02333823148068113,0.16216216216216214,0.1465059256232121,0.016810540663334848,0.30143920063987506,0.133575647432985,YOR001W,non_ess,non_ess
0.031791907514450865,0.006828593655458553,0.1891891891891892,0.017776869636289334,0.03536977491961415,2.4646867779411528,0.21543408360128616,YGR039W,non_ess,non_ess
0.02023121387283237,0.0035439536692886157,0.13513513513513514,0.03821005312627708,0.011456628477905071,0.3241091926735671,0.35842880523731585,YDR041W,ess,non_ess
0.10982658959537572,0.07796698072434956,0.054054054054054064,0.017981201471189208,0.12101910828025478,1.5682476180449545,0.12101910828025478,YBL001C,non_ess,non_ess
0.05780346820809248,0.014694442043391822,0.10810810810810813,0.0905190028606457,0.014503263234227704,0.4897146161683848,0.3886874546773024,YOL041C,non_ess,non_ess
0.0722543352601156,0.013570749416544212,0.0,0.10727421332243564,0.015384615384615384,0.3214213607914395,0.12430769230769233,YMR011W,non_ess,non_ess
0.0,0.0,0.0,0.0026563138536984067,0.0,0.0,1.0,YBR131C-A,non_ess,non_ess
0.008670520231213872,0.0014694442043391822,0.0,0.05455659991826727,0.0035252643948296123,0.1250209837166359,0.372502937720329,YDR472W,ess,ess
0.07803468208092486,0.016423199930849685,0.0,0.16693910911319984,0.010795681727309077,0.3939641534690472,0.5461815273890444,YGL073W,ess,non_ess
0.05780346820809248,0.030080387241766787,0.32432432432432434,0.0380057212913772,0.03289473684210526,0.5521072926532269,0.2680921052631579,YKL001C,non_ess,non_ess
0.008670520231213872,0.0002593136831186792,0.0,0.04495300367797303,0.004225352112676056,0.3800256081946223,0.4943661971830986,YDR162C,non_ess,non_ess
0.05202312138728323,0.0075200968104416985,0.2702702702702703,0.10257458111973848,0.011568123393316195,0.4113814839595732,0.24357326478149105,YHR168W,non_ess,non_ess
0.0838150289017341,0.03180914512922465,0.08108108108108109,0.05414793624846752,0.03431952662721893,0.6998125256312613,0.1739644970414201,YEL009C,non_ess,non_ess
0.02890173410404624,0.004062581035525975,0.0,0.08438904781364938,0.007757951900698216,0.3495927075252133,0.3762606671838635,YPR108W,ess,non_ess
0.04624277456647399,0.014521566254646038,0.13513513513513514,0.022067838169186758,0.0427807486631016,0.7435414626798222,0.37433155080213903,YFR036W,non_ess,non_ess
0.07803468208092486,0.017633330452070186,0.0,0.16836943195749898,0.01070578905630452,0.33748725501302823,0.14948453608247422,YBL008W,non_ess,non_ess
0.04624277456647399,0.04555277033451465,0.027027027027027032,0.017981201471189208,0.050955414012738856,1.2712210149452563,0.6337579617834395,YKR032W,non_ess,non_ess
0.026011560693641616,0.0067421557610856594,0.10810810810810813,0.0046996322026971816,0.07563025210084033,1.4655785391079508,0.42857142857142855,YDR524C-A,non_ess,non_ess
0.02890173410404624,0.006309966289221194,0.0,0.015937883122190438,0.035211267605633804,0.5818332454620773,0.3028169014084507,YIL058W,non_ess,non_ess
0.02023121387283237,0.00509983576800069,0.054054054054054064,0.10277891295463834,0.004490057729313664,0.06932882817362193,0.4990378447722899,YMR014W,non_ess,non_ess
0.026011560693641616,0.002506698936813899,0.0,0.0588475684511647,0.009846827133479213,0.3606342651092551,0.175054704595186,YLR455W,non_ess,non_ess
0.026011560693641616,0.012447056789696605,0.2972972972972973,0.01920719248058848,0.02710843373493976,0.6084495048255849,0.4789156626506024,YJR086W,non_ess,non_ess
0.01445086705202312,0.0027660126199325783,0.054054054054054064,0.07560277891295464,0.004310344827586207,0.20524847870182555,0.7370689655172413,YLR191W,non_ess,non_ess
0.01445086705202312,0.0017287578874578616,0.0,0.07703310175725378,0.004233700254022015,0.1338807853913377,0.4690939881456393,YLR418C,non_ess,ess
0.049132947976878616,0.008816665226035093,0.0,0.14507560277891296,0.007798165137614679,0.13124565296591925,0.1610091743119266,YOR156C,non_ess,non_ess
0.05491329479768786,0.011064050479730312,0.10810810810810813,0.08336738863914997,0.014913657770800628,0.3088130962444149,0.2802197802197802,YGR263C,non_ess,non_ess
0.011560693641618495,0.0030253263030512573,0.027027027027027032,0.03821005312627708,0.006546644844517185,0.11899751717380895,0.6268412438625205,YKL214C,non_ess,non_ess
0.026011560693641616,0.004840522084882012,0.0,0.1620351450756028,0.00370522848909016,0.08522025524907369,0.3643474680938658,YOR168W,ess,ess
0.03757225433526011,0.005877776817356729,0.027027027027027032,0.06885982836125869,0.012252591894439209,0.33432072169112703,0.22431668237511784,YPL138C,non_ess,non_ess
0.06358381502890173,0.009940357852882704,0.0,0.11115651818553332,0.013079667063020214,0.3894347733073299,0.2122473246135553,YHR045W,non_ess,non_ess
0.0028901734104046237,0.0003457515774915723,0.054054054054054064,0.014507560277891298,0.0038022813688212928,0.13579838724490734,0.7794676806083649,YGL032C,non_ess,non_ess
0.0,0.0,0.027027027027027032,0.03759705762157745,0.0,0.0,1.0,YFR042W,ess,ess
0.2167630057803468,0.319301581813467,0.4594594594594595,0.02881078872088272,0.15856236786469344,3.107822410147991,0.08456659619450317,YCR006C,non_ess,non_ess
0.0028901734104046237,0.0003457515774915723,0.0,0.05585070153929983,0.0011494252873563214,0.03307238272755514,1.0,YBR191W,non_ess,ess
0.05202312138728323,0.014521566254646038,0.10810810810810813,0.08173273395995098,0.0144,0.4905600000000001,0.1736,YHR115C,non_ess,non_ess
0.026011560693641616,0.0017287578874578616,0.0,0.3447078054760932,0.0017609078458227351,0.048609441820163794,0.7364507924085306,YOR290C,non_ess,ess
0.01445086705202312,0.0014694442043391822,0.0,0.06620351450756028,0.004892367906066536,0.3556591062205255,0.6301369863013698,YML037C,non_ess,non_ess
0.0838150289017341,0.014262252571527356,0.0,0.10993052717613404,0.017427884615384616,0.4985400169683258,0.10036057692307693,YNL117W,non_ess,non_ess
0.023121387283236997,0.002333823148068113,0.16216216216216214,0.031467102574581116,0.015625,0.4111842105263158,0.41015625,YGR174C,non_ess,non_ess
0.031791907514450865,0.005445587345492263,0.08108108108108109,0.0958316305680425,0.007549759780370624,0.2436442989634479,0.3575840768702814,YLR108C,non_ess,non_ess
0.04624277456647399,0.006915031549831446,0.08108108108108109,0.11238250919493258,0.009411764705882352,0.4103292637809841,0.3311764705882353,YLR417W,non_ess,non_ess
0.008670520231213872,0.0003457515774915723,0.0,0.03923171230077646,0.004792332268370607,0.14414583724863747,0.6916932907348243,YDR487C,ess,ess
0.023121387283236997,0.003976143141153081,0.0,0.034123416428279534,0.014519056261343012,0.5966794380587485,0.3774954627949184,YBR164C,non_ess,non_ess
0.04046242774566474,0.008557351542916414,0.2432432432432433,0.08091540662035146,0.011308562197092085,0.4782579429186861,0.3844911147011309,YOR201C,non_ess,non_ess
0.008670520231213872,0.0010372547324747168,0.0,0.14262362076011445,0.0013992537313432835,0.06698507462686566,0.5755597014925373,YHR074W,ess,ess
0.023121387283236997,0.0049269599792549044,0.0,0.12975071516142214,0.004092071611253197,0.08981800659772415,0.3069053708439898,YGR083C,ess,ess
0.10693641618497107,0.032154896706716216,0.054054054054054064,0.12014711892112792,0.02039691289966924,0.4200649940240704,1.0,YDR046C,non_ess,non_ess
0.11271676300578035,0.03639035353098798,0.08108108108108109,0.07274213322435638,0.034883720930232565,0.7345326897762177,0.1833631484794276,YDR517W,non_ess,non_ess
0.07803468208092486,0.016163886247731005,0.027027027027027032,0.12791172864732325,0.014004149377593363,0.34757435063154624,0.26348547717842324,YGR054W,non_ess,non_ess
0.02023121387283237,0.003111764197424151,0.0,0.11749080506742952,0.003943661971830986,0.09637116818558407,0.7481690140845071,YOL066C,ess,ess
0.008670520231213872,0.0006915031549831446,0.0,0.023498161013485903,0.007594936708860759,0.28442262981141825,0.6075949367088608,YNL170W,non_ess,non_ess
0.0,0.0,0.10810810810810813,0.003882304863097671,0.0,0.0,1.0,YMR272W-B,non_ess,non_ess
0.017341040462427744,0.0047540841905091185,0.0,0.027584797711483453,0.013186813186813187,0.3972323972323973,0.389010989010989,YLR068W,non_ess,non_ess
0.017341040462427744,0.0006915031549831446,0.0,0.017572537801389457,0.01948051948051948,0.5578750108951451,1.0,YJL022W,non_ess,non_ess
0.060693641618497114,0.0087302273316622,0.0,0.2842255823457295,0.004972768174283685,0.1380929828715763,0.278711816244376,YPR164W,non_ess,non_ess
0.08670520231213873,0.015904572564612324,0.21621621621621626,0.02370249284838578,0.07537688442211055,1.897940790911077,0.16834170854271358,YOR268C,non_ess,non_ess
0.04046242774566474,0.007174345232950125,0.10810810810810813,0.08418471597874949,0.01088646967340591,0.5087992142097078,0.2332814930015552,YER143W,non_ess,non_ess
0.011560693641618495,0.0013830063099662892,0.0,0.1058438904781365,0.002493765586034913,0.1322809048806555,0.6514962593516209,YDR434W,ess,ess
0.05780346820809248,0.008470913648543521,0.0,0.24683285655905196,0.005443658138268917,0.1876937334946936,0.2778987479586282,YDR335W,non_ess,non_ess
0.07514450867052022,0.010286109430374276,0.10810810810810813,0.2893338782182264,0.00604932526756631,0.1262004476057524,0.1742671009771987,YPR189W,non_ess,non_ess
0.031791907514450865,0.002506698936813899,0.08108108108108109,0.17572537801389454,0.004182509505703422,0.06934922491956713,0.4095057034220532,YNR011C,ess,non_ess
0.031791907514450865,0.005877776817356729,0.10810810810810813,0.017981201471189208,0.03503184713375796,1.0475690021231423,0.29936305732484075,YDR048C,non_ess,non_ess
0.02023121387283237,0.0014694442043391822,0.027027027027027032,0.17981201471189212,0.0026022304832713753,0.13042379182156133,0.6546468401486989,YPL126W,ess,ess
0.03468208092485549,0.0047540841905091185,0.08108108108108109,0.05537392725786678,0.013904982618771726,0.23367999468304906,0.2746234067207416,YJL160C,non_ess,non_ess
0.005780346820809247,0.00112369262684761,0.0,0.054692821141533864,0.0023446658851113715,0.08303496931867388,0.9343493552168816,YDL191W,non_ess,ess
0.01445086705202312,0.0029388884086783643,0.08108108108108109,0.0651818553330609,0.004965243296921549,0.08585065829515967,0.3783515392254221,YPL069C,non_ess,non_ess
0.14739884393063582,0.04304607139770075,0.0,0.054760931753167146,0.059718969555035126,2.2319964871194378,1.0,YFL021C-A,non_ess,non_ess
0.031791907514450865,0.004840522084882012,0.0,0.15284021250510832,0.004795117698343504,0.13180668353082148,0.3321708805579773,YDL028C,ess,ess
0.02890173410404624,0.0035439536692886157,0.0,0.1691867592970985,0.003946329913180742,0.11855097208575616,0.3729281767955801,YPL084W,non_ess,ess
0.0838150289017341,0.015040193620883397,0.0,0.11646914589293013,0.016477272727272726,0.3855556515727617,0.18352272727272728,YNL065W,non_ess,non_ess
0.06647398843930635,0.012965684155933962,0.10810810810810813,0.17306906416019618,0.00887688151292937,0.2751264238141892,0.1617136240833655,YKR064W,non_ess,non_ess
0.05491329479768786,0.01486731783213761,0.5405405405405406,0.1348590110339191,0.00935960591133005,0.3531062834461495,0.20098522167487684,YPL089C,non_ess,non_ess
0.049132947976878616,0.005359149451119371,0.054054054054054064,0.08193706579485084,0.013567438148443736,0.2799967101856308,0.2338387869114126,YKR048C,non_ess,non_ess
0.0028901734104046237,0.00017287578874578615,0.0,0.14691458929301185,0.00045310376076121433,0.01565267537175104,0.9338468509288628,YKL078W,ess,ess
0.008670520231213872,0.001210130521220503,0.0,0.04781364936657132,0.003989361702127659,0.08564852700490998,0.8257978723404256,YGL240W,non_ess,ess
0.011560693641618495,0.008643789437289308,0.16216216216216214,0.03821005312627708,0.006546644844517185,0.2158647026732133,0.6170212765957447,YDL072C,non_ess,non_ess
0.05202312138728323,0.017114703085832832,0.054054054054054064,0.04842664487127095,0.02365308804204994,0.6501566764378854,0.21287779237844945,YKL207W,non_ess,non_ess
0.3728323699421965,0.12438413000259313,0.32432432432432434,0.15610952186350635,0.05508112724167378,0.6981314301980399,0.03800170794192997,YBR001C,non_ess,non_ess
0.04046242774566474,0.013830063099662893,0.2432432432432433,0.1258684102983245,0.007376185458377239,0.1846835678423108,0.1701791359325606,YDR386W,non_ess,non_ess
0.017341040462427744,0.0018151957818307548,0.054054054054054064,0.02554147936248468,0.014117647058823532,0.6060130718954249,0.9529411764705882,YDL062W,non_ess,non_ess
0.0,0.0,0.0,0.029423784225582342,0.0,0.0,1.0,YML133W-B,non_ess,non_ess
0.031791907514450865,0.006569279972339874,0.0,0.06722517368205967,0.010607521697203472,0.2644156500734943,0.4860173577627773,YBL033C,non_ess,non_ess
0.008670520231213872,0.0004321894718644654,0.027027027027027032,0.012464241928892523,0.012875536480686695,0.644273948994979,0.5021459227467812,YGL258W-A,non_ess,non_ess
0.05491329479768786,0.007952286282306162,0.054054054054054064,0.10870453616673477,0.011543134872417985,0.17840489080302555,0.1767922235722965,YER054C,non_ess,non_ess
0.01445086705202312,0.0026795747255596854,0.027027027027027032,0.0046996322026971816,0.04201680672268908,1.2227602905569008,1.0,YBR223W-A,non_ess,non_ess
0.031791907514450865,0.006223528394848302,0.054054054054054064,0.14255551014848114,0.0051329911339244045,0.1761800495351592,0.3616425571628558,YML017W,non_ess,non_ess
0.06936416184971098,0.027919439882444462,0.054054054054054064,0.05496526358806703,0.028004667444574097,0.7344572511708211,0.17736289381563594,YOR040W,non_ess,non_ess
0.023121387283236997,0.0029388884086783643,0.0,0.16571311810380054,0.0032219089810712853,0.0775996778091019,0.2513089005235602,YNL216W,ess,ess
0.0,0.0,0.0,0.38666394224220135,0.0,0.0,1.0,YPL283C,non_ess,non_ess
0.005780346820809247,0.0002593136831186792,0.027027027027027032,0.022476501838986515,0.005263157894736842,0.3738656987295826,0.8210526315789474,YAL064W-B,non_ess,non_ess
0.005780346820809247,0.001210130521220503,0.10810810810810813,0.045361667347772784,0.002793296089385475,0.07110679726745996,0.8645251396648045,YJL121C,non_ess,non_ess
0.08092485549132948,0.018151957818307547,0.027027027027027032,0.11524315488353085,0.016073478760045924,0.6726190158331776,0.24225028702640644,YNR059W,non_ess,non_ess
0.02023121387283237,0.012879246261561068,0.027027027027027032,0.11646914589293013,0.003977272727272728,0.1334395087235996,0.9704545454545456,YDL227C,non_ess,non_ess
0.07803468208092486,0.03059901460800415,0.10810810810810813,0.1937065794850838,0.009329647546648235,0.2362611901841961,0.2404975812024879,YIL130W,non_ess,non_ess
0.02023121387283237,0.008125162071051949,0.10810810810810813,0.026767470371883945,0.01580135440180587,0.474844090752573,0.3295711060948081,YDR462W,non_ess,non_ess
0.04624277456647399,0.02696862304434264,0.054054054054054064,0.06048222313036373,0.017057569296375266,0.43567874911158494,0.3400852878464819,YML087C,non_ess,non_ess
0.06936416184971098,0.010631861007865848,0.054054054054054064,0.1601961585615039,0.009991673605328892,0.4461736431761411,0.14945878434637802,YOR017W,non_ess,non_ess
0.031791907514450865,0.009853919958509809,0.08108108108108109,0.10461789946873724,0.006935687263556117,0.3133903133903134,0.2572509457755359,YAL028W,non_ess,non_ess
0.04046242774566474,0.013138559944679749,0.2702702702702703,0.03698406211687781,0.023608768971332208,0.6021853126660353,0.2799325463743676,YHL019W-A,non_ess,non_ess
0.14161849710982655,0.2823926009162417,0.35135135135135137,0.01185124642419289,0.21875,3.361781984334204,0.21428571428571427,YMR194C-A,non_ess,non_ess
0.0838150289017341,0.02039934307200276,0.0,0.07131181038005723,0.02643573381950775,0.5065613667407856,0.15952597994530535,YKR042W,non_ess,non_ess
0.0953757225433526,0.02895669461491918,0.0,0.16407846342460156,0.013420089467263115,0.3379191248320802,0.1610410736071574,YJL187C,non_ess,non_ess
0.02890173410404624,0.006396404183594088,0.08108108108108109,0.12913771965672252,0.00513874614594039,0.12726660776641846,0.3854059609455293,YLR098C,non_ess,non_ess
0.0028901734104046237,0.0005186273662373584,0.0,0.053603051355401166,0.0011947431302270011,0.017648856658609095,0.933094384707288,YIL052C,non_ess,ess
0.06358381502890173,0.013743625205290001,0.10810810810810813,0.07294646505925624,0.019625334522747548,0.8452459744221134,0.1471900089206066,YNL288W,non_ess,non_ess
0.04624277456647399,0.01573169677586654,0.3783783783783784,0.07335512872905599,0.014196983141082519,0.3506460356626272,0.28748890860692106,YOL128C,non_ess,non_ess
0.0,0.0,0.0,0.06048222313036373,0.0,0.0,1.0,YLR340W,ess,ess
0.008670520231213872,0.0005186273662373584,0.054054054054054064,0.0480179812014712,0.003973509933774834,0.1289277159363111,0.7059602649006622,YOR010C,non_ess,non_ess
0.12716763005780346,0.04053937246088685,0.2432432432432433,0.2308949734368615,0.012790697674418604,0.16216126681242962,0.17296511627906974,YHL023C,non_ess,non_ess
0.03757225433526011,0.007347221021695911,0.0,0.06824683285655905,0.0123574144486692,0.4514977279050357,0.23098859315589354,YNL274C,non_ess,non_ess
0.03468208092485549,0.009335292592272452,0.054054054054054064,0.0768287699223539,0.010186757215619695,0.4285568760611205,0.2410865874363328,YKL077W,non_ess,non_ess
0.05491329479768786,0.012706370472815282,0.054054054054054064,0.06885982836125869,0.0179076343072573,0.6840948872051605,1.0,YOR173W,non_ess,non_ess
0.04624277456647399,0.01521306940962918,0.35135135135135137,0.0190028606456886,0.0486322188449848,0.949359859998158,0.3069908814589666,YJR048W,non_ess,non_ess
0.0,0.0,0.0,0.019411524315488357,0.0,0.0,1.0,YIR009W,non_ess,non_ess
0.049132947976878616,0.005791338922983836,0.027027027027027032,0.17143440948099714,0.006622516556291391,0.17391464311994115,0.15426567978184652,YBR179C,non_ess,non_ess
0.03757225433526011,0.011669115740340566,0.13513513513513514,0.05598692276256642,0.014908256880733948,0.3438187716139359,0.19839449541284404,YOR311C,non_ess,non_ess
0.02023121387283237,0.006137090500475408,0.0,0.02022885165508786,0.02017291066282421,0.6639795415011553,1.0,YLR232W,non_ess,non_ess
0.04335260115606936,0.010026795747255596,0.027027027027027032,0.05680425010216592,0.016968325791855202,0.3597529216445847,0.2341628959276018,YHR029C,non_ess,non_ess
0.0,0.0,0.0,0.048630976706170816,0.0,0.0,1.0,YGL123W,ess,ess
0.005780346820809247,0.0006050652606102515,0.08108108108108109,0.06259365209099578,0.0020639834881320948,0.08933039327052289,0.7265221878224974,YER102W,non_ess,non_ess
0.008670520231213872,0.0016423199930849686,0.21621621621621626,0.014711892112791171,0.011278195488721804,0.29061893143454665,0.5413533834586466,YER019C-A,non_ess,non_ess
0.005780346820809247,0.00017287578874578615,0.027027027027027032,0.05169595422966899,0.002472187886279357,0.05913473423980223,0.7873918417799752,YDR025W,non_ess,non_ess
0.008670520231213872,0.003803267352407295,0.0,0.03759705762157745,0.0049833887043189366,0.15422949143879375,0.5681063122923588,YPL239W,non_ess,non_ess
0.10693641618497107,0.028783818826173393,0.0,0.15427053534940746,0.015982721382289417,0.3466080046929579,0.10496760259179264,YGR143W,non_ess,non_ess
0.01445086705202312,0.003284639986169937,0.0,0.15447486718430736,0.0021570319240724768,0.0809208916590473,0.7277825711820535,YKL134C,non_ess,ess
0.06647398843930635,0.013311435733425534,0.0,0.19697588884348186,0.007817811012916384,0.2294500197287417,0.1478585995921142,YBL085W,non_ess,non_ess
0.15895953757225434,0.03682254300285245,0.2432432432432433,0.12321209644462608,0.02958579881656805,0.6537052690898845,0.07638515330823023,YNL104C,non_ess,non_ess
0.02023121387283237,0.0045812084017633325,0.0,0.0570085819370658,0.007891770011273957,0.2292688865247101,0.3494926719278467,YDR054C,ess,non_ess
0.026011560693641616,0.00509983576800069,0.054054054054054064,0.11156518185533308,0.00533175355450237,0.09157670002876914,0.2719194312796209,YMR088C,non_ess,non_ess
0.07514450867052022,0.0324142103898349,0.16216216216216214,0.06885982836125869,0.024505183788878417,0.7021200443813456,0.21583411875589067,YKL051W,non_ess,non_ess
0.049132947976878616,0.013397873627798429,0.21621621621621626,0.021046178994687373,0.04735376044568245,0.9724168697771588,0.7715877437325905,YPR038W,non_ess,non_ess
0.02890173410404624,0.003111764197424151,0.21621621621621626,0.07376379239885575,0.0088261253309797,0.29750984261729324,0.27537511032656664,YMR214W,non_ess,non_ess
0.02023121387283237,0.011150488374103209,0.027027027027027032,0.0407301457567089,0.010802469135802469,0.33276718533128785,0.4830246913580247,YLR445W,non_ess,non_ess
0.28323699421965315,0.25914080732993344,0.2972972972972973,0.04515733551287291,0.13744740532959324,4.315488403143124,1.0,YOL110W,non_ess,non_ess
0.005780346820809247,0.0005186273662373584,0.0,0.05925623212096445,0.002173913043478261,0.1471691352126135,0.8206521739130435,YAR015W,non_ess,ess
0.008670520231213872,0.0003457515774915723,0.027027027027027032,0.021250510829587253,0.008287292817679558,0.31503517967606365,0.8618784530386742,YOL161C,non_ess,non_ess
0.011560693641618495,0.003803267352407295,0.1891891891891892,0.0190028606456886,0.0121580547112462,0.2577699820993068,1.0,YGR018C,non_ess,non_ess
0.03468208092485549,0.008298037859797734,0.0,0.018594196975888846,0.03715170278637772,0.9940240478076174,0.2662538699690403,YJL120W,non_ess,non_ess
0.02890173410404624,0.004321894718644654,0.0,0.17123007764609727,0.0039001560062402493,0.07320970258165166,1.0,YAL041W,ess,ess
0.03468208092485549,0.003803267352407295,0.10810810810810813,0.049856967715570084,0.015345268542199487,0.3219814241486068,0.4386189258312021,YCR075C,non_ess,non_ess
0.0028901734104046237,8.643789437289306e-05,0.08108108108108109,0.009603596240294238,0.005235602094240838,0.1856291749413252,0.5863874345549738,YFL041W-A,non_ess,non_ess
0.01445086705202312,0.0013830063099662892,0.054054054054054064,0.023293829178586026,0.012755102040816329,0.30312500000000003,0.41326530612244894,YJL190C,non_ess,non_ess
0.04624277456647399,0.006137090500475408,0.0,0.1021659174499387,0.01032258064516129,0.25870467616904225,0.20258064516129032,YKL047W,non_ess,non_ess
0.01445086705202312,0.006655717866712767,0.0,0.07825909276665305,0.0041701417848206855,0.12797701788527474,0.7147623019182652,YMR026C,non_ess,non_ess
0.04046242774566474,0.005013397873627798,0.0,0.1440539436044136,0.006466512702078522,0.20528088730674746,0.27528868360277137,YIL091C,ess,ess
0.02890173410404624,0.00898954101478088,0.0,0.008173273395995098,0.05882352941176471,7.762254901960784,0.6352941176470588,YLL066W-B,non_ess,non_ess
0.04624277456647399,0.0112369262684761,0.1891891891891892,0.02234028061571993,0.042328042328042326,0.750004707300081,0.1931216931216931,YJR112W-A,non_ess,non_ess
0.049132947976878616,0.02091797043824012,0.0,0.043931344503473635,0.02446043165467626,0.531597036910531,0.660431654676259,YLR298C,ess,non_ess
0.05202312138728323,0.013052122050306855,0.2972972972972973,0.06232120964446261,0.01865284974093264,0.2836626319523574,0.2373056994818653,YER037W,non_ess,non_ess
0.0028901734104046237,8.643789437289306e-05,0.0,0.043931344503473635,0.0014388489208633096,0.0584087185696987,1.0,YOL149W,ess,ess
0.0,0.0,0.0,0.07989374744585206,0.0,0.0,1.0,YHR107C,ess,ess
0.05491329479768786,0.017287578874578616,0.3783783783783784,0.0570085819370658,0.021420518602029308,0.6075394588500563,0.17249154453213078,YDR233C,non_ess,non_ess
0.04624277456647399,0.006396404183594088,0.2702702702702703,0.07723743359215368,0.013513513513513514,0.3126499280345434,0.2204391891891892,YIL042C,non_ess,non_ess
0.03468208092485549,0.006569279972339874,0.0,0.020841847159787496,0.033707865168539325,1.2601555747623163,0.3848314606741573,YIL032C,non_ess,non_ess
0.10404624277456646,0.02610424410061371,0.054054054054054064,0.1920719248058848,0.012543554006968641,0.3007208939084465,0.3979094076655052,YEL043W,non_ess,non_ess
0.05491329479768786,0.008816665226035093,0.027027027027027032,0.07744176542705354,0.016006739679865205,0.3878124122437517,0.21061499578770007,YGR010W,non_ess,non_ess
0.10693641618497107,0.024807675685020316,0.2972972972972973,0.15958316305680426,0.015461763476807356,0.3753995690894981,0.16966151274550773,YBR284W,non_ess,non_ess
0.008670520231213872,0.0028524505143054713,0.027027027027027032,0.042092357989374746,0.004491017964071856,0.07396254003620666,0.6751497005988024,YNR017W,ess,non_ess
0.05491329479768786,0.017287578874578616,0.08108108108108109,0.03248876174908051,0.03605313092979128,0.9096282746099136,0.27893738140417457,YBR047W,non_ess,non_ess
0.08959537572254335,0.020312905177629872,0.0,0.1129955046996322,0.018139262726740785,0.5617034100758039,0.13282621416032767,YJL214W,non_ess,non_ess
0.026011560693641616,0.0027660126199325783,0.0,0.09092766653044546,0.006498194945848376,0.21937538314828686,0.2895306859205776,YLR005W,ess,ess
0.0,0.0,0.0,0.044748671843073164,0.0,0.0,1.0,YDR412W,ess,ess
0.03468208092485549,0.0044083326130175465,0.0,0.0670208418471598,0.01160541586073501,0.22067508853290788,0.2611218568665377,YPR004C,non_ess,non_ess
0.05202312138728323,0.005877776817356729,0.1891891891891892,0.085002043318349,0.01386748844375963,0.3424345146379045,0.17026194144838214,YLR387C,non_ess,non_ess
0.03468208092485549,0.006828593655458553,0.1891891891891892,0.014711892112791171,0.045112781954887216,1.2074758324382384,0.44360902255639095,YBR076C-A,non_ess,non_ess
0.19942196531791906,0.06517417235716137,0.054054054054054064,0.1810380057212914,0.025480059084194977,1.0819399310684392,0.08567208271787298,YPR160W,non_ess,non_ess
0.0,0.0,0.0,0.03105843890478137,0.0,0.0,1.0,YLR008C,ess,non_ess
0.008670520231213872,0.004667646296136226,0.32432432432432434,0.0020433183489987745,0.0375,1.32002508361204,0.475,YAR035C-A,non_ess,non_ess
0.01445086705202312,0.001210130521220503,0.0,0.034123416428279534,0.009074410163339385,0.4093768905021174,0.411978221415608,YHR148W,ess,non_ess
0.0028901734104046237,0.0005186273662373584,0.027027027027027032,0.06763383735185942,0.0009587727708533076,0.05173310366121196,0.7651006711409396,YDR439W,non_ess,ess
0.01445086705202312,0.0010372547324747168,0.0,0.12259910093992644,0.0027027027027027037,0.07183738360208948,0.7297297297297297,YGL142C,ess,ess
0.1213872832369942,0.036131039847869306,0.08108108108108109,0.09807928075194117,0.02818791946308725,0.7661693340216831,0.2087248322147651,YEL071W,non_ess,non_ess
0.031791907514450865,0.00959460627539113,0.027027027027027032,0.3058847568451165,0.002422373926447919,0.059342962970664034,0.5126624091609777,YBL034C,ess,ess
0.02023121387283237,0.0044083326130175465,0.08108108108108109,0.04352268083367389,0.010159651669085631,0.3104215308891273,0.4267053701015965,YMR311C,non_ess,non_ess
0.05780346820809248,0.01797908202956176,0.2972972972972973,0.02227217000408664,0.05305039787798409,1.7811277148935054,0.9336870026525201,YDR426C,non_ess,non_ess
0.023121387283236997,0.003198202091797044,0.0,0.09746628524724152,0.0054017555705604325,0.1645080105579768,0.4328156650911546,YDR376W,ess,ess
0.031791907514450865,0.011323364162848992,0.3783783783783784,0.03378286337011307,0.020146520146520148,0.4681848549773079,0.33516483516483514,YIL009C-A,non_ess,non_ess
0.0,0.0,0.0,0.017981201471189208,0.0,0.0,1.0,YBL100C,non_ess,non_ess
0.0722543352601156,0.015558820987120752,0.054054054054054064,0.06416019615856151,0.0252016129032258,0.5806823249591199,0.13608870967741934,YNL301C,non_ess,non_ess
0.05202312138728323,0.009853919958509809,0.1891891891891892,0.10277891295463834,0.011545862732520848,0.3524374599101988,0.2033354714560616,YDR463W,non_ess,non_ess
0.008670520231213872,0.0006050652606102515,0.0,0.15038823048630978,0.001328609388839681,0.06874259487191285,0.5828166519043402,YLL008W,ess,ess
0.02023121387283237,0.0045812084017633325,0.027027027027027032,0.1240294237842256,0.003741314804917157,0.09100860953165953,0.4350614644575094,YKL212W,non_ess,non_ess
0.008670520231213872,0.001210130521220503,0.054054054054054064,0.05353494074376789,0.003588516746411484,0.1378184404500194,0.42105263157894735,YGL019W,non_ess,non_ess
0.0028901734104046237,0.0006050652606102515,0.0,0.014303228442991419,0.003846153846153847,0.12056655918931368,0.5769230769230769,YDR378C,non_ess,non_ess
0.05491329479768786,0.01322499783905264,0.10810810810810813,0.02451982018798529,0.04634146341463415,0.8800149328023893,0.3829268292682927,YPL250C,non_ess,non_ess
0.031791907514450865,0.004840522084882012,0.0,0.1029832447895382,0.007042253521126761,0.15627630323775324,0.1997439180537772,YER006W,ess,non_ess
0.04335260115606936,0.008557351542916414,0.1891891891891892,0.13179403351042093,0.007556675062972292,0.1238087200394713,0.2508816120906801,YOR275C,non_ess,non_ess
0.10982658959537572,0.027141498833088425,0.16216216216216214,0.2374335921536576,0.010746606334841629,0.2766115926327194,0.15186651583710406,YKL201C,non_ess,non_ess
0.005780346820809247,0.00112369262684761,0.027027027027027032,0.014916223947691053,0.007434944237918215,0.19460403289399567,0.9591078066914498,YLR438C-A,ess,non_ess
0.026011560693641616,0.005704901028610943,0.027027027027027032,0.0768287699223539,0.00764006791171477,0.13857716675638745,0.5789473684210527,YLR082C,non_ess,non_ess
0.026011560693641616,0.0035439536692886157,0.0,0.05169595422966899,0.011124845488257108,0.2941131025957973,0.5512978986402967,YKR034W,non_ess,non_ess
0.10404624277456646,0.02048578096637566,0.13513513513513514,0.1319983653453208,0.018108651911468814,0.27212186160440904,0.10412474849094568,YAL048C,non_ess,non_ess
0.04624277456647399,0.007347221021695911,0.0,0.19574989783408256,0.005471956224350204,0.2490913934074666,0.3956908344733242,YAR019C,ess,ess
0.005780346820809247,0.0003457515774915723,0.0,0.05680425010216592,0.0022624434389140274,0.07158472723575167,0.6380090497737556,YDR489W,ess,ess
0.10982658959537572,0.016768951508341255,0.0,0.2948508377605231,0.008677780315140445,0.21834205302289705,0.20666818908426585,YEL022W,non_ess,non_ess
0.0838150289017341,0.016423199930849685,0.0,0.05925623212096445,0.03152173913043478,1.082602554654876,0.14782608695652175,YMR055C,non_ess,non_ess
0.01445086705202312,0.002160947359322327,0.0,0.11279117286473235,0.0029308323563892145,0.08496887253911145,0.8347010550996483,YJL008C,ess,ess
0.0,0.0,0.0,0.01818553330608909,0.0,0.0,1.0,YBL112C,non_ess,non_ess
0.02023121387283237,0.013916500994035784,0.0,0.011033919084593379,0.0330188679245283,1.43563286163522,0.5188679245283019,YIR021W-A,non_ess,non_ess
0.02023121387283237,0.002420261042441006,0.0,0.0778504290968533,0.00586756077116513,0.19612226002443447,0.4040234702430847,YOL136C,non_ess,non_ess
0.011560693641618495,0.002333823148068113,0.027027027027027032,0.07355946056395588,0.003539823008849557,0.19221505090159025,0.3584070796460177,YNL331C,non_ess,non_ess
0.026011560693641616,0.005359149451119371,0.027027027027027032,0.07355946056395588,0.007964601769911504,0.17252355124179275,0.2831858407079646,YGL148W,non_ess,non_ess
0.03757225433526011,0.006915031549831446,0.08108108108108109,0.20004086636698,0.004352192835621024,0.1890095174326845,0.21627050552393706,YIL169C,non_ess,non_ess
0.18208092485549127,0.04589852191200623,0.32432432432432434,0.08336738863914997,0.04945054945054945,1.2441308691308692,0.1695447409733124,YLR438W,non_ess,non_ess
0.03468208092485549,0.005445587345492263,0.0,0.08255006129955048,0.009508716323296357,0.19122004207181392,0.2369255150554675,YER059W,non_ess,non_ess
0.0,0.0,0.0,0.05986922762566409,0.0,0.0,1.0,YLR464W,non_ess,ess
0.02890173410404624,0.02411617253003717,0.0,0.02881078872088272,0.0211416490486258,0.720548989706443,0.6765327695560254,YPR168W,ess,non_ess
0.02023121387283237,0.0035439536692886157,0.054054054054054064,0.126685737637924,0.003664921465968585,0.08536772566541488,0.8167539267015707,YDR390C,ess,non_ess
0.0722543352601156,0.009421730486645344,0.027027027027027032,0.1847159787494892,0.009051412020275163,0.24809097491936016,0.17523533671252714,YML111W,non_ess,non_ess
0.10982658959537572,0.03414296827729276,0.0,0.13158970167552106,0.01917255297679112,0.30129889939689763,0.1296670030272452,YML056C,non_ess,non_ess
0.023121387283236997,0.008643789437289308,0.027027027027027032,0.07355946056395588,0.007079646017699116,0.6019894354119504,0.33893805309734515,YOR193W,non_ess,non_ess
0.05202312138728323,0.012274181000950816,0.027027027027027032,0.08111973845525132,0.014504431909750204,0.4949195180912325,0.5052377115229654,YBR233W,non_ess,non_ess
0.10693641618497107,0.037341170369089814,0.08108108108108109,0.13179403351042093,0.018639798488664986,0.5071240827948746,0.14105793450881612,YNL279W,non_ess,non_ess
0.05491329479768786,0.020658656755121445,0.027027027027027032,0.047609317531671434,0.025367156208277702,0.6483947276458096,0.4072096128170895,YMR038C,non_ess,non_ess
0.03757225433526011,0.004062581035525975,0.054054054054054064,0.13342868818961995,0.006470881035340966,0.1862175764614789,0.4484818317570931,YLL043W,non_ess,non_ess
0.2890173410404624,0.04978822715878641,0.0,0.5662035145075603,0.011957431543704412,0.4001140555008784,0.0883654191079756,YBL088C,non_ess,non_ess
0.17341040462427745,0.06880456392082289,0.13513513513513514,0.11483449121373113,0.034562211981566816,0.7523619735601302,0.07603686635944701,YJR103W,non_ess,non_ess
0.0,0.0,0.027027027027027032,0.027380465876583573,0.0,0.0,1.0,YBR266C,non_ess,non_ess
0.060693641618497114,0.020140029388884085,0.054054054054054064,0.10727421332243564,0.012923076923076924,0.4431923076923077,0.21046153846153845,YBL080C,non_ess,non_ess
0.049132947976878616,0.011582677845967672,0.054054054054054064,0.07212913771965672,0.015329125338142471,0.3446798917944094,0.14517583408476106,YGL248W,non_ess,non_ess
0.09248554913294796,0.024029734635664275,0.13513513513513514,0.11115651818553332,0.019024970273483943,0.5825264707547704,0.1890606420927468,YBR220C,non_ess,non_ess
0.023121387283236997,0.003889705246780188,0.0,0.29668982427462204,0.0018157058556513843,0.03542674207079205,0.48660916931457104,YNL102W,ess,ess
0.0,0.0,0.027027027027027032,0.02145484266448713,0.0,0.0,1.0,YBR253W,ess,non_ess
0.0,0.0,0.027027027027027032,0.034327748263179414,0.0,0.0,1.0,YKR007W,non_ess,non_ess
0.0722543352601156,0.019880715705765408,0.2432432432432433,0.13363302002451982,0.01242544731610338,0.3230616302186879,0.13469184890656066,YER088C,non_ess,non_ess
0.008670520231213872,0.0010372547324747168,0.027027027027027032,0.017163874131589704,0.009933774834437088,0.23116068316486585,0.7350993377483444,YNL146W,non_ess,non_ess
0.06647398843930635,0.020140029388884085,0.054054054054054064,0.02227217000408664,0.0610079575596817,1.5017862910724598,1.0,YKR012C,non_ess,non_ess
0.005780346820809247,0.00017287578874578615,0.027027027027027032,0.07131181038005723,0.0018231540565177761,0.06980544810991482,0.9817684594348224,YER107C,non_ess,non_ess
0.08959537572254335,0.027919439882444462,0.08108108108108109,0.07458111973845526,0.027074235807860263,0.5919412465263993,0.10829694323144104,YPL014W,non_ess,non_ess
0.011560693641618495,0.0009508168381018238,0.0,0.018798528810788726,0.012269938650306749,0.42007498295841855,0.6411042944785276,YNL244C,ess,non_ess
0.06647398843930635,0.017201140980205722,0.054054054054054064,0.04822231303637107,0.03034300791556728,1.669484680415702,0.21635883905013192,YPR158W,non_ess,non_ess
0.0028901734104046237,0.0002593136831186792,0.0,0.019411524315488357,0.0029850746268656717,0.0714308890330954,1.0,YML031C-A,non_ess,non_ess
0.0028901734104046237,0.00017287578874578615,0.0,0.0696771557008582,0.0009319664492078283,0.024464119291705496,1.0,YER127W,ess,ess
0.008670520231213872,0.003198202091797044,0.0,0.02615447486718431,0.0069124423963133645,0.11671611640679252,0.543778801843318,YKL006C-A,ess,non_ess
0.0028901734104046237,0.0003457515774915723,0.0,0.06742950551695955,0.0009615384615384617,0.026079277864992152,0.7432692307692308,YML015C,ess,ess
0.0,0.0,0.0,0.049856967715570084,0.0,0.0,1.0,YCL068C,non_ess,non_ess
0.0722543352601156,0.026882185149969744,0.054054054054054064,0.03923171230077646,0.039936102236421724,0.5390986072769006,0.1805111821086262,YML001W,non_ess,non_ess
0.01445086705202312,0.0049269599792549044,0.0,0.08009807928075195,0.004078303425774877,0.0967868795152645,0.6827079934747146,YOL022C,ess,ess
0.005780346820809247,0.0007779410493560378,0.0,0.0551695954229669,0.002325581395348837,0.08417216244359597,0.4511627906976744,YKL180W,ess,ess
0.08670520231213873,0.01633676203647679,0.10810810810810813,0.1158561503882305,0.01713306681896059,0.29213902516896983,0.1513420902341519,YLR077W,non_ess,non_ess
0.04624277456647399,0.013916500994035784,0.21621621621621626,0.045565999182672665,0.022253129346314324,0.4332884444150091,0.3908205841446453,YMR063W,non_ess,non_ess
0.049132947976878616,0.022906042008816664,0.35135135135135137,0.026358806702084188,0.03890160183066362,0.6472110380519267,0.2265446224256293,YER035W,non_ess,non_ess
0.049132947976878616,0.009853919958509809,0.10810810810810813,0.045565999182672665,0.023643949930458968,0.646990606979608,0.21974965229485396,YER188W,non_ess,non_ess
0.011560693641618495,0.0006050652606102515,0.0,0.15774417654270534,0.0016906170752324595,0.07475072487479435,0.7032967032967034,YDL060W,ess,ess
0.060693641618497114,0.015126631515256287,0.027027027027027032,0.09154066203514508,0.015064562410329984,0.5702858086558014,0.12553802008608322,YML068W,non_ess,non_ess
0.023121387283236997,0.0036303915636615096,0.0,0.10931753167143443,0.004833836858006042,0.29845388306379955,0.3993957703927493,YJL110C,non_ess,non_ess
0.06647398843930635,0.020226467283256982,0.0,0.06906416019615856,0.021616541353383457,0.5824081688596491,0.1973684210526316,YBR076W,non_ess,non_ess
0.07514450867052022,0.012792808367188177,0.10810810810810813,0.1293420514916224,0.013340174448435094,0.3552789685363876,0.17444843509492047,YBL075C,non_ess,non_ess
0.026011560693641616,0.0015558820987120756,0.054054054054054064,0.12219043727012667,0.004880694143167028,0.0857426111713666,0.3438177874186551,YGR138C,non_ess,non_ess
0.02890173410404624,0.01037254732474717,0.027027027027027032,0.0913363302002452,0.007189072609633356,0.25482866043613706,0.21926671459381736,YKL133C,non_ess,non_ess
0.04046242774566474,0.005013397873627798,0.08108108108108109,0.24969350224765025,0.003767491926803014,0.14709778918605615,0.3821313240043057,YNL273W,non_ess,non_ess
0.011560693641618495,0.0015558820987120756,0.10810810810810813,0.06375153248876175,0.004056795131845843,0.08452678755273614,0.9807302231237324,YDR044W,ess,non_ess
0.02023121387283237,0.0045812084017633325,0.0,0.09174499387004496,0.005010737294201861,0.13824015413536347,0.5275590551181102,YNL317W,ess,ess
0.017341040462427744,0.0028524505143054713,0.0,0.041070698814875364,0.009188361408882085,0.2443313738082301,0.3476263399693721,YLR051C,ess,non_ess
0.008670520231213872,0.00112369262684761,0.0,0.0588475684511647,0.0032822757111597373,0.10258100234636576,0.486870897155361,YLR448W,non_ess,ess
0.026011560693641616,0.00509983576800069,0.10810810810810813,0.13240702901512055,0.004513540621865597,0.1545370055119487,0.4608826479438315,YDR194C,non_ess,non_ess
0.06358381502890173,0.015385945198374969,0.054054054054054064,0.1021659174499387,0.014193548387096775,0.4882580645161291,0.1367741935483871,YIL097W,non_ess,non_ess
0.0028901734104046237,0.0005186273662373584,0.0,0.010012259910093994,0.005076142131979695,0.17482517482517482,0.6040609137055838,YCR102W-A,non_ess,non_ess
0.04046242774566474,0.01797908202956176,0.0,0.1113608500204332,0.00830860534124629,0.27040733746965195,0.3228486646884273,YJL016W,non_ess,non_ess
0.06936416184971098,0.014694442043391822,0.054054054054054064,0.16448712709440133,0.00973630831643002,0.323039103743804,0.1955375253549696,YPL153C,ess,non_ess
0.02890173410404624,0.011582677845967672,0.0,0.028606456885982838,0.02127659574468085,0.7753279682504685,0.5702127659574469,YOR013W,non_ess,non_ess
0.031791907514450865,0.010286109430374276,0.13513513513513514,0.02472415202288517,0.02663438256658596,1.0133748414620083,0.3414043583535109,YDR156W,non_ess,non_ess
0.0,0.0,0.0,0.016550878626890073,0.0,0.0,1.0,YHR214C-D,non_ess,non_ess
0.02890173410404624,0.004321894718644654,0.027027027027027032,0.07478545157335513,0.008710801393728224,0.25125065695988164,0.3693379790940767,YJL147C,non_ess,non_ess
0.11271676300578035,0.018670585184544904,0.054054054054054064,0.2159787494891704,0.012108040981061784,0.3518351038699837,0.17044396150263896,YFL034W,non_ess,non_ess
0.005780346820809247,0.0002593136831186792,0.0,0.06906416019615856,0.0018796992481203009,0.04472815702622894,0.9125939849624058,YBR087W,ess,ess
0.008670520231213872,0.0029388884086783643,0.0,0.0913363302002452,0.002156721782890007,0.08413415689784183,0.9769949676491732,YGL111W,ess,ess
0.017341040462427744,0.005964214711729622,0.0,0.04590655224083913,0.008287292817679558,0.2342961806389623,0.3770718232044199,YDR447C,non_ess,non_ess
0.008670520231213872,0.0003457515774915723,0.054054054054054064,0.03780138945647732,0.004958677685950414,0.15840721262208865,0.7090909090909091,YMR263W,non_ess,non_ess
0.06358381502890173,0.03811911141844585,0.1891891891891892,0.018798528810788726,0.06748466257668713,1.3692225751089897,1.0,YLR296W,non_ess,non_ess
0.008670520231213872,0.0004321894718644654,0.0,0.029015120555782595,0.0063025210084033615,0.14983620566870814,1.0,YNL089C,non_ess,non_ess
0.023121387283236997,0.010286109430374276,0.0,0.13608500204331836,0.00390625,0.14715998427672955,0.4423828125,YJL034W,ess,ess
0.017341040462427744,0.0033710778805428297,0.0,0.06804250102165918,0.005719733079122974,0.2051894160905544,0.5338417540514776,YNL084C,non_ess,non_ess
0.005780346820809247,0.00017287578874578615,0.0,0.03814194251464378,0.003278688524590164,0.10251236783393153,0.7475409836065574,YLL050C,ess,ess
0.008670520231213872,0.0006050652606102515,0.027027027027027032,0.02554147936248468,0.007058823529411766,0.21991349480968853,0.44,YBL083C,non_ess,non_ess
0.049132947976878616,0.014175814677154463,0.16216216216216214,0.03064977523498161,0.034,0.7234905149051492,0.294,YER066C-A,non_ess,non_ess
0.01445086705202312,0.001901633676203648,0.0,0.12096444626072746,0.002738225629791895,0.11443175298596985,0.4463307776560789,YMR168C,ess,ess
0.005780346820809247,0.00017287578874578615,0.027027027027027032,0.021863506334286884,0.005390835579514825,0.13601701228514546,0.6145552560646901,YJL184W,non_ess,non_ess
0.05491329479768786,0.013830063099662893,0.054054054054054064,0.09726195341234163,0.012855209742895805,0.3124020018471981,0.17456021650879566,YOL112W,non_ess,non_ess
0.008670520231213872,0.0014694442043391822,0.054054054054054064,0.04120692003814195,0.004580152671755725,0.10495781438328647,0.4015267175572519,YDR500C,non_ess,non_ess
0.08670520231213873,0.02627711988935949,0.10810810810810813,0.1213731099305272,0.016375545851528384,0.3748540792943923,0.1779475982532751,YLR248W,non_ess,non_ess
0.031791907514450865,0.0033710778805428297,0.027027027027027032,0.05108295872496935,0.01375,0.3225,0.23,YGL174W,non_ess,non_ess
0.13583815028901733,0.05506093871553289,0.13513513513513514,0.21734096172183628,0.014501697007096574,0.4548979426355789,0.10737426720148102,YKL157W,non_ess,non_ess
0.026011560693641616,0.00760653470481459,0.0,0.12913771965672252,0.004624871531346352,0.42644805988093626,0.5467625899280576,YLR273C,non_ess,non_ess
0.049132947976878616,0.010891174690984528,0.054054054054054064,0.07335512872905599,0.015084294587400175,0.6012767425810904,0.19964507542147286,YDR142C,non_ess,non_ess
0.023121387283236997,0.00561846313423805,0.0,0.07355946056395588,0.007079646017699116,0.266389033489502,0.2991150442477876,YHR052W,non_ess,non_ess
0.01445086705202312,0.002333823148068113,0.1891891891891892,0.04372701266857377,0.00722543352601156,0.21447201466234314,0.3988439306358382,YLL033W,non_ess,non_ess
0.0028901734104046237,0.0002593136831186792,0.027027027027027032,0.025745811197384557,0.002336448598130841,0.08607968519429414,0.5887850467289719,YOL040C,ess,non_ess
0.02023121387283237,0.0087302273316622,0.054054054054054064,0.04331834899877402,0.010204081632653059,0.3979021776308289,0.3469387755102041,YHR181W,non_ess,non_ess
0.02023121387283237,0.003284639986169937,0.0,0.021250510829587253,0.01933701657458564,0.9145402867818476,0.8397790055248618,YJR018W,non_ess,non_ess
0.1329479768786127,0.07641109862563747,0.2972972972972973,0.048086091813104484,0.060846560846560836,1.6846274846274845,0.10846560846560846,YDR535C,non_ess,non_ess
0.05202312138728323,0.01184199152908635,0.08108108108108109,0.10911319983653454,0.010895883777239709,0.3557335805084745,0.20823244552058112,YMR171C,non_ess,non_ess
0.011560693641618495,0.0008643789437289308,0.0,0.0596648957907642,0.0043196544276457895,0.07162792215917436,0.4038876889848812,YDR075W,non_ess,ess
0.0028901734104046237,8.643789437289306e-05,0.054054054054054064,0.02063751532488762,0.0028328611898017,0.0821529745042493,0.7705382436260623,YBL078C,non_ess,non_ess
0.04335260115606936,0.00950816838101824,0.027027027027027032,0.07458111973845526,0.013100436681222708,0.4814297933642462,0.2131004366812227,YPR140W,non_ess,non_ess
0.017341040462427744,0.01045898521912006,0.16216216216216214,0.08214139762975071,0.004777070063694267,0.2118173194199756,0.303343949044586,YOR245C,non_ess,non_ess
0.0028901734104046237,8.643789437289306e-05,0.10810810810810813,0.0696771557008582,0.0009319664492078283,0.024717081613633337,0.9040074557315936,YCR044C,non_ess,non_ess
0.005780346820809247,0.0003457515774915723,0.0,0.019411524315488357,0.005970149253731343,0.10568937490764002,1.0,YDR521W,non_ess,non_ess
0.06358381502890173,0.01486731783213761,0.21621621621621626,0.07703310175725378,0.018628281117696863,0.4390258961332204,0.3615580016934801,YGR012W,non_ess,non_ess
0.023121387283236997,0.00224738525369522,0.0,0.05496526358806703,0.009334889148191364,0.18391444445633906,0.2742123687281214,YDR116C,non_ess,non_ess
0.049132947976878616,0.010804736796611637,0.027027027027027032,0.1330200245198202,0.008487269096355467,0.1399272772257543,0.16075886170743886,YLR083C,non_ess,non_ess
0.011560693641618495,0.009248854697899558,0.0,0.017776869636289334,0.012861736334405145,0.29727848311068383,0.3472668810289389,YBL048W,non_ess,non_ess
0.011560693641618495,0.001901633676203648,0.0,0.16080915406620352,0.0016590626296142678,0.042925620442171686,0.6976358357527996,YLR182W,non_ess,ess
0.04046242774566474,0.006569279972339874,0.0,0.220065386187168,0.004266991770801585,0.1591938642161386,0.2471807375800061,YER111C,non_ess,non_ess
0.023121387283236997,0.005532025239865157,0.054054054054054064,0.02881078872088272,0.016913319238900642,0.43244808711517857,1.0,YOR325W,non_ess,non_ess
0.060693641618497114,0.023424669375054018,0.027027027027027032,0.0960359624029424,0.014383561643835616,0.4556008323218311,0.3746575342465753,YBL103C,non_ess,non_ess
0.017341040462427744,0.003284639986169937,0.027027027027027032,0.03044544340008173,0.012072434607645876,0.3310316444119261,0.4748490945674044,YPL034W,non_ess,non_ess
0.0028901734104046237,8.643789437289306e-05,0.054054054054054064,0.005721291377196569,0.00746268656716418,0.2011680726800779,1.0,YLR286W-A,non_ess,non_ess
0.01445086705202312,0.004321894718644654,0.10810810810810813,0.029423784225582342,0.010373443983402493,0.24923209570512475,0.4668049792531121,YDL004W,ess,non_ess
0.3265895953757225,0.1682945803440228,0.054054054054054064,0.11646914589293013,0.06420454545454546,1.6382254145225843,1.0,YGR068C,non_ess,non_ess
0.02890173410404624,0.005532025239865157,0.0,0.08193706579485084,0.007980845969672785,0.20283483382571887,0.28012769353551475,YCL044C,non_ess,non_ess
0.0028901734104046237,0.0017287578874578616,0.0,0.11054352268083367,0.0005977286312014345,0.017144466412248836,0.9402271368798566,YEL058W,ess,ess
0.026011560693641616,0.007174345232950125,0.10810810810810813,0.010216591744993873,0.045,1.0366981132075472,0.385,YOR032W-A,non_ess,non_ess
0.008670520231213872,0.0008643789437289308,0.0,0.05414793624846752,0.0035502958579881646,0.09272644515248066,0.685207100591716,YFR027W,ess,ess
0.1184971098265896,0.04382401244705679,0.10810810810810813,0.23130363710666124,0.011897852582704585,0.2925377834572612,0.3357515960533952,YDR128W,non_ess,non_ess
0.017341040462427744,0.00224738525369522,0.0,0.038823048630976714,0.00967741935483871,0.3140198511166253,0.4838709677419355,YFL038C,ess,non_ess
0.03468208092485549,0.012187743106577923,0.08108108108108109,0.10380057212913772,0.0076238881829733185,0.2514278071290042,0.4415501905972046,YMR215W,non_ess,non_ess
0.05202312138728323,0.006223528394848302,0.0,0.12770739681242338,0.00935064935064935,0.2235350299924291,0.17194805194805196,YGL060W,non_ess,non_ess
0.049132947976878616,0.00950816838101824,0.0,0.1873722926031876,0.006069260978222063,0.25663009479556875,0.35772938236344165,YPR019W,ess,non_ess
0.06936416184971098,0.010545423113492956,0.054054054054054064,0.37821822639967306,0.004283419596644655,0.10803465675855467,0.3462430840621096,YPL082C,ess,non_ess
0.02023121387283237,0.0027660126199325783,0.0,0.07069881487535759,0.006433823529411764,0.16637047824670034,0.703125,YDR047W,ess,ess
0.0028901734104046237,0.0004321894718644654,0.0,0.021863506334286884,0.0026954177897574125,0.05288595594386095,0.894878706199461,YIL115W-A,non_ess,non_ess
0.060693641618497114,0.00959460627539113,0.08108108108108109,0.0704944830404577,0.01935483870967742,0.6019484736956052,0.2783410138248848,YFR046C,non_ess,non_ess
0.01445086705202312,0.003111764197424151,0.027027027027027032,0.1293420514916224,0.0025654181631605947,0.04332799080126282,0.36480246280143663,YBR123C,ess,ess
0.0028901734104046237,0.0003457515774915723,0.0,0.042092357989374746,0.0014970059880239526,0.11128324745857124,1.0,YNL334C,non_ess,non_ess
0.005780346820809247,0.0004321894718644654,0.027027027027027032,0.09746628524724152,0.001350438892640108,0.02958570230977241,0.9851451721809588,YAL010C,non_ess,ess
0.02023121387283237,0.0013830063099662892,0.054054054054054064,0.05414793624846752,0.008284023668639055,0.2866600269494405,0.3384615384615385,YNL252C,non_ess,non_ess
0.06647398843930635,0.01521306940962918,0.054054054054054064,0.08847568451164692,0.01704966641957005,0.8642417116126888,0.1497405485544848,YMR210W,non_ess,non_ess
0.15028901734104044,0.03716829458034402,0.1891891891891892,0.14997956681651006,0.02309058614564832,0.4489210433845013,0.24422735346358795,YKL187C,non_ess,non_ess
0.05780346820809248,0.020831532543867232,0.08108108108108109,0.06804250102165918,0.019065776930409915,0.5636597423903164,0.2202097235462345,YDR297W,non_ess,non_ess
0.05202312138728323,0.013570749416544212,0.0,0.0815284021250511,0.01443464314354451,0.34282277465918204,0.23496391339214115,YOL082W,non_ess,non_ess
0.04335260115606936,0.01184199152908635,0.054054054054054064,0.0551695954229669,0.017441860465116282,0.4561276009791922,0.20813953488372086,YDL201W,non_ess,non_ess
0.02023121387283237,0.004149018929898867,0.21621621621621626,0.02022885165508786,0.02017291066282421,0.6472283437870826,0.34293948126801155,YNL122C,non_ess,non_ess
0.026011560693641616,0.0012965684155933962,0.0,0.1636697997548018,0.003668976763147167,0.09498740251147808,0.31716265796983284,YLR337C,non_ess,ess
0.01445086705202312,0.002074509464949433,0.0,0.0588475684511647,0.005470459518599561,0.09278624708342904,0.5831509846827133,YDL179W,non_ess,ess
0.03757225433526011,0.007174345232950125,0.0,0.08561503882304862,0.00994644223412395,0.36290570543943823,0.5761285386381025,YMR091C,non_ess,non_ess
0.005780346820809247,0.0008643789437289308,0.0,0.017981201471189208,0.006369426751592357,0.1858443954997321,0.9044585987261148,YDR029W,non_ess,non_ess
0.03757225433526011,0.013570749416544212,0.08108108108108109,0.10931753167143443,0.00785498489425982,0.18783955219000534,0.3516616314199396,YKR017C,non_ess,non_ess
0.06358381502890173,0.008384475754170628,0.054054054054054064,0.09787494891704128,0.014794889038332213,0.3498906229467647,1.0,YDR132C,non_ess,non_ess
0.01445086705202312,0.002074509464949433,0.054054054054054064,0.0298324478953821,0.010245901639344263,0.18188492319607588,0.4815573770491803,YBR120C,non_ess,non_ess
0.005780346820809247,0.0012965684155933962,0.054054054054054064,0.02227217000408664,0.005305039787798408,0.16119533740539752,1.0,YLR062C,non_ess,non_ess
0.0,0.0,0.0,0.01736820596648958,0.0,0.0,1.0,YLR147C,ess,non_ess
0.04335260115606936,0.009767482064136915,0.0,0.03902738046587659,0.024077046548956663,1.1346308186195828,0.2808988764044944,YOR016C,non_ess,non_ess
0.12716763005780346,0.19024980551473766,0.4594594594594595,0.019411524315488357,0.13134328358208955,5.200786763855144,0.8985074626865671,YDR094W,non_ess,non_ess
0.13005780346820808,0.07926354913994295,0.35135135135135137,0.034940743767879034,0.07992895204262877,1.3470692717584372,1.0,YIR017C,non_ess,non_ess
0.06936416184971098,0.016250324142103898,0.08108108108108109,0.12157744176542705,0.013079019073569485,0.5000029298877853,0.2,YCR023C,non_ess,non_ess
0.049132947976878616,0.01823839571268044,0.08108108108108109,0.005925623212096446,0.12408759124087593,2.135942889227561,0.2846715328467153,YIR018C-A,non_ess,non_ess
0.026011560693641616,0.00760653470481459,0.054054054054054064,0.01736820596648958,0.02950819672131148,1.0636804433156315,0.3344262295081967,YLL020C,non_ess,non_ess
0.2167630057803468,0.3245742933702135,0.10810810810810813,0.027380465876583573,0.16592920353982302,3.9776399522720496,0.09734513274336284,YHL006C,non_ess,non_ess
0.2052023121387283,0.03405653038291987,0.054054054054054064,0.08827135267674703,0.05274888558692422,0.9619034232704368,0.1173848439821694,YKR003W,non_ess,non_ess
0.017341040462427744,0.0017287578874578616,0.0,0.09521863506334287,0.004143646408839779,0.10770969362129584,0.6436464088397789,YLR394W,non_ess,ess
0.04335260115606936,0.007952286282306162,0.08108108108108109,0.19779321618308132,0.005077860528097495,0.1641202846156794,0.2931618144888287,YDL073W,non_ess,non_ess
0.026011560693641616,0.003284639986169937,0.08108108108108109,0.08745402533714754,0.006746626686656672,0.17627841484663076,0.4002998500749625,YJL060W,non_ess,non_ess
0.07514450867052022,0.014780879937764715,0.027027027027027032,0.0923579893747446,0.01849217638691323,0.464849204588461,0.13584637268847796,YML102W,non_ess,non_ess
0.15028901734104044,0.025672054628749243,0.054054054054054064,0.10543522680833677,0.032540675844806015,0.8750747351386686,0.09198998748435544,YIL162W,non_ess,non_ess
0.08670520231213873,0.035439536692886166,0.10810810810810813,0.09746628524724152,0.02025658338960162,0.5214337245156007,0.16205266711681296,YEL016C,non_ess,non_ess
0.017341040462427744,0.00561846313423805,0.054054054054054064,0.047609317531671434,0.00801068090787717,0.26790522957163226,0.3417890520694259,YOL154W,non_ess,non_ess
0.04335260115606936,0.015991010458985218,0.08108108108108109,0.09337964854924398,0.01055594651653765,0.7597153804050355,0.22026741731175228,YLR034C,non_ess,non_ess
0.07803468208092486,0.01097761258535742,0.027027027027027032,0.11994278708622805,0.014908890115958034,0.2832211272989848,0.17283268912203206,YLR353W,non_ess,non_ess
0.0,0.0,0.0,0.11708214139762975,0.0,0.0,1.0,YIL172C,non_ess,ess
0.1445086705202312,0.04123087561587,0.40540540540540543,0.2098487944421741,0.01596933886937081,0.3757357302550532,0.26700734589587993,YKL197C,non_ess,non_ess
0.026011560693641616,0.003111764197424151,0.0,0.11156518185533308,0.00533175355450237,0.2220018545229755,0.30983412322274884,YJR064W,ess,ess
0.011560693641618495,0.0018151957818307548,0.0,0.1158561503882305,0.002284408909194746,0.04531245303435631,0.9468874928612222,YKL012W,ess,ess
0.03468208092485549,0.007433658916068805,0.027027027027027032,0.0778504290968533,0.010058675607711651,0.3178421028855952,0.5088013411567477,YGL213C,non_ess,non_ess
0.031791907514450865,0.005186273662373585,0.0,0.19411524315488354,0.0037931034482758617,0.09411898446381203,0.28,YBR112C,non_ess,ess
0.0722543352601156,0.010113233641628491,0.027027027027027032,0.19391091131998367,0.008629616845012079,0.3726804185066596,0.22160856057991024,YNL023C,non_ess,non_ess
0.02023121387283237,0.0028524505143054713,0.027027027027027032,0.10952186350633428,0.004221954161640532,0.11991522584104007,0.7062726176115802,YHR078W,non_ess,non_ess
0.04335260115606936,0.0087302273316622,0.027027027027027032,0.0190028606456886,0.04559270516717325,0.6671285535490792,1.0,YPR146C,non_ess,non_ess
0.05780346820809248,0.020658656755121445,0.16216216216216214,0.007764609726195342,0.12195121951219512,3.149023113267782,0.21341463414634146,YER078W-A,non_ess,non_ess
0.049132947976878616,0.018065519923934653,0.027027027027027032,0.05190028606456886,0.020935960591133004,0.4959073493556253,0.8596059113300493,YNL108C,non_ess,non_ess
0.0028901734104046237,0.0009508168381018238,0.054054054054054064,0.037188393951777685,0.0016778523489932886,0.03917514613552717,0.8909395973154363,YNL158W,ess,non_ess
0.06358381502890173,0.01322499783905264,0.027027027027027032,0.07437678790355537,0.01926444833625219,0.4182339653290693,0.21278458844133105,YPL203W,non_ess,non_ess
0.0028901734104046237,0.00017287578874578615,0.0,0.0479498705898379,0.001326259946949602,0.04428035462518221,0.940318302387268,YOR293W,non_ess,ess
0.026011560693641616,0.0027660126199325783,0.0,0.02063751532488762,0.025495750708215296,0.7087390196871949,0.5439093484419264,YCR085W,non_ess,non_ess
0.008670520231213872,0.0009508168381018238,0.10810810810810813,0.04086636697997549,0.004615384615384616,0.2456868131868132,0.6384615384615384,YIR024C,non_ess,non_ess
0.05202312138728323,0.013570749416544212,0.0,0.2505108295872497,0.004828326180257511,0.3616378880127758,0.26126609442060084,YDR097C,non_ess,non_ess
0.04335260115606936,0.02195522517071484,0.054054054054054064,0.049243972210870464,0.019404915912031046,0.4058919956473209,0.2238033635187581,YBL043W,non_ess,non_ess
0.0953757225433526,0.042527444031463385,0.13513513513513514,0.15222721700040867,0.014442013129102843,0.4261000680359672,0.15054704595185994,YLR069C,non_ess,non_ess
0.05780346820809248,0.025066989368138996,0.027027027027027032,0.11360850020433184,0.011641443538998836,0.6055459073646444,0.2077997671711292,YBR044C,non_ess,non_ess
0.023121387283236997,0.006828593655458553,0.10810810810810813,0.027993461381283204,0.01735357917570499,0.524503076718757,0.2754880694143167,YCR087C-A,non_ess,non_ess
0.09826589595375723,0.019102774656409367,0.10810810810810813,0.1626481405803024,0.01394585726004922,0.2884003281378179,0.12387202625102545,YLR095C,non_ess,non_ess
0.0838150289017341,0.0337107788054283,0.054054054054054064,0.059460563955864326,0.0314192849404117,0.6847521313417816,0.17009750812567714,YNL072W,non_ess,non_ess
0.06936416184971098,0.014608004149018932,0.13513513513513514,0.07212913771965672,0.02164111812443643,0.4660176368999404,0.4905320108205591,YPL018W,non_ess,non_ess
0.13583815028901733,0.030858328291122825,0.0,0.13955864323661624,0.022391615054788,1.0093356971964271,0.1448308718437351,YDL214C,non_ess,non_ess
0.06647398843930635,0.03578528827037773,0.054054054054054064,0.08609181310448169,0.01750380517503805,0.5520229900724687,0.1765601217656012,YER044C-A,non_ess,non_ess
0.04335260115606936,0.01521306940962918,0.027027027027027032,0.085002043318349,0.011556240369799691,0.288605847157465,1.0,YGR149W,non_ess,non_ess
0.03757225433526011,0.007174345232950125,0.0,0.15999182672660406,0.0054189245518966225,0.1224247119019138,0.4260108378491038,YPL180W,non_ess,non_ess
0.02023121387283237,0.0067421557610856594,0.027027027027027032,0.027584797711483453,0.015384615384615384,0.5518847686178364,0.4461538461538462,YFR057W,non_ess,non_ess
0.02890173410404624,0.0036303915636615096,0.027027027027027032,0.09910093992644056,0.006644518272425249,0.18188368090301404,0.7475083056478405,YGL119W,non_ess,non_ess
0.026011560693641616,0.002420261042441006,0.0,0.07560277891295464,0.007758620689655172,0.16299310344827586,0.6086206896551725,YKR038C,ess,non_ess
0.0,0.0,0.027027027027027032,0.004495300367797304,0.0,0.0,1.0,YDR510C-A,non_ess,non_ess
0.05491329479768786,0.01236061889532371,0.0,0.2889252145484266,0.004426840633737186,0.10965971173313624,1.0,YER093C,ess,ess
0.03757225433526011,0.005445587345492263,0.027027027027027032,0.08479771148344913,0.01003861003861004,0.4500066569032087,0.2084942084942085,YFL026W,non_ess,non_ess
0.008670520231213872,0.0009508168381018238,0.08108108108108109,0.07335512872905599,0.0026619343389529732,0.15564884086497102,0.616681455190772,YPL279C,non_ess,non_ess
0.07514450867052022,0.016163886247731005,0.1891891891891892,0.10053126277073968,0.017038007863695942,0.4850394579069184,0.20052424639580604,YBR139W,non_ess,non_ess
0.011560693641618495,0.0013830063099662892,0.027027027027027032,0.17674703718839396,0.0015122873345935724,0.04574209990586471,0.3803402646502835,YKL073W,non_ess,ess
0.02023121387283237,0.004667646296136226,0.0,0.03187576624438088,0.013513513513513514,0.28713424167969626,0.7277992277992278,YJR097W,non_ess,non_ess
0.031791907514450865,0.010631861007865848,0.2432432432432433,0.06640784634246016,0.010731707317073172,0.2653440349099977,0.2497560975609756,YGR283C,non_ess,non_ess
0.023121387283236997,0.00959460627539113,0.08108108108108109,0.063342868818962,0.00816326530612245,0.186968281288419,0.2785714285714286,YBL068W,non_ess,non_ess
0.031791907514450865,0.003889705246780188,0.10810810810810813,0.030854107069881488,0.02186878727634195,0.4614006104219752,0.4254473161033797,YMR071C,non_ess,non_ess
0.031791907514450865,0.005359149451119371,0.08108108108108109,0.115038823048631,0.0063254744105807935,0.13962384175150133,0.4226566992524439,YGL186C,non_ess,non_ess
0.0028901734104046237,0.0018151957818307548,0.0,0.01621032556872361,0.003472222222222222,0.09745842781557068,0.8888888888888888,YHR199C-A,non_ess,non_ess
0.02890173410404624,0.01149623995159478,0.027027027027027032,0.0995096035962403,0.006618133686300464,0.13900487335298714,0.3309066843150232,YDL189W,non_ess,non_ess
0.011560693641618495,0.0018151957818307548,0.0,0.04495300367797303,0.0056338028169014105,0.12920843840334584,0.9535211267605632,YKL009W,non_ess,non_ess
0.06358381502890173,0.009248854697899558,0.08108108108108109,0.4274621986105435,0.0034777110338286435,0.1473034435912766,0.2736326272526083,YCR093W,ess,non_ess
0.02023121387283237,0.00449477050739044,0.027027027027027032,0.05925623212096445,0.0076086956521739125,0.4639190821256038,0.5141304347826087,YKR104W,non_ess,non_ess
0.0,0.0,0.0,0.0022476501838986514,0.0,0.0,1.0,YBL039C-A,non_ess,non_ess
0.14161849710982655,0.04010718298902238,0.4324324324324325,0.021250510829587253,0.13535911602209946,4.397731280122252,1.0,YMR103C,non_ess,non_ess
0.04046242774566474,0.00786584838793327,0.08108108108108109,0.08581937065794852,0.010687022900763359,0.3333773468124613,0.41603053435114506,YMR240C,ess,non_ess
0.031791907514450865,0.006223528394848302,0.054054054054054064,0.05026563138536985,0.013959390862944164,0.2088801535223474,0.2322335025380711,YPL246C,non_ess,non_ess
0.0028901734104046237,8.643789437289306e-05,0.0,0.0860237024928484,0.0007616146230007616,0.025245947444084416,1.0,YPR173C,non_ess,ess
0.005780346820809247,0.0005186273662373584,0.08108108108108109,0.005925623212096446,0.0145985401459854,0.5532846715328467,0.6496350364963503,YMR158C-A,non_ess,non_ess
0.1184971098265896,0.033365027227936724,0.4594594594594595,0.1158561503882305,0.023415191319246145,0.7485332221734572,0.1342090234151913,YLL061W,non_ess,non_ess
0.049132947976878616,0.01184199152908635,0.16216216216216214,0.11442582754393135,0.009826589595375723,0.3584657996146436,0.3728323699421965,YNL275W,non_ess,non_ess
0.03468208092485549,0.007433658916068805,0.0,0.11728647323252965,0.0067720090293453715,0.21761797269697947,0.38826185101580135,YMR227C,ess,non_ess
0.07803468208092486,0.01823839571268044,0.2702702702702703,0.054352268083367385,0.03183962264150944,0.4990469378286421,0.1945754716981132,YEL005C,non_ess,non_ess
0.011560693641618495,0.005791338922983836,0.054054054054054064,0.007968941561095219,0.023952095808383242,0.8569101796407187,0.6287425149700598,YOR381W-A,non_ess,non_ess
0.023121387283236997,0.003457515774915723,0.027027027027027032,0.06845116469145894,0.0075829383886255935,0.2710060000466929,0.2786729857819905,YJR060W,non_ess,non_ess
0.06936416184971098,0.029648197769902324,0.0,0.13077237433592154,0.012182741116751269,0.3966159052453469,0.4807106598984772,YIL037C,non_ess,non_ess
0.04046242774566474,0.013052122050306855,0.08108108108108109,0.12893338782182265,0.007205352547606794,0.3220441108168159,0.40452907874421,YDL109C,non_ess,non_ess
0.026011560693641616,0.006569279972339874,0.0,0.21393543114017166,0.002820432466311501,0.05488919099050586,0.4030084612973989,YML010W,ess,ess
0.023121387283236997,0.0030253263030512573,0.0,0.1675521046178995,0.0031872509960159364,0.3236912813860836,0.2581673306772909,YDR207C,non_ess,non_ess
0.026011560693641616,0.008643789437289308,0.054054054054054064,0.03780138945647732,0.014876033057851241,0.3599089222465846,0.5239669421487604,YMR073C,non_ess,non_ess
0.01445086705202312,0.006828593655458553,0.1891891891891892,0.02145484266448713,0.0136986301369863,0.3305568940593378,0.5068493150684932,YMR075C-A,non_ess,non_ess
0.026011560693641616,0.005359149451119371,0.4594594594594595,0.0886800163465468,0.006656804733727811,0.15689780163799522,0.21375739644970407,YGL129C,non_ess,non_ess
0.011560693641618495,0.0014694442043391822,0.0,0.0995096035962403,0.0026472534745201853,0.07818354622492697,1.0,YGL065C,ess,ess
0.04335260115606936,0.01037254732474717,0.0,0.12178177360032695,0.008161044613710556,0.15411316648531012,1.0,YPL070W,non_ess,non_ess
0.031791907514450865,0.008557351542916414,0.13513513513513514,0.06129955046996322,0.011578947368421052,0.2758763882182521,0.2368421052631579,YBR183W,non_ess,non_ess
0.02023121387283237,0.0030253263030512573,0.0,0.13547200653861874,0.0034330554193231977,0.07352460356383847,0.5561549779303581,YKL025C,non_ess,ess
0.0028901734104046237,0.00017287578874578615,0.054054054054054064,0.06211687780956274,0.0010395010395010396,0.02561002297844404,0.7484407484407485,YNL215W,non_ess,non_ess
0.02023121387283237,0.003803267352407295,0.2432432432432433,0.07131181038005723,0.006381039197812215,0.17768739920061707,0.4247948951686418,YLR063W,non_ess,non_ess
0.02890173410404624,0.0027660126199325783,0.0,0.0361667347772783,0.01721170395869191,0.4292465838095871,0.29604130808950085,YDR248C,non_ess,non_ess
0.0028901734104046237,0.0010372547324747168,0.13513513513513514,0.06007355946056396,0.001072961373390558,0.02478656977735083,0.9163090128755365,YDR068W,non_ess,non_ess
0.04624277456647399,0.006396404183594088,0.0,0.0406620351450756,0.02472952086553323,0.8449599314223369,0.1391035548686244,YCR020C,non_ess,non_ess
0.03757225433526011,0.005272711556746477,0.0,0.2319166326113609,0.0037626628075253256,0.14381024798253575,0.2865412445730825,YBL105C,ess,ess
0.07514450867052022,0.016423199930849685,0.13513513513513514,0.13056804250102166,0.013218098627351295,0.3009504736904166,0.14489069649211994,YOL113W,non_ess,non_ess
0.008670520231213872,0.0029388884086783643,0.0,0.1510012259910094,0.0013233348037053375,0.04654520759219709,0.8817820908689898,YDL164C,ess,ess
0.011560693641618495,0.0015558820987120756,0.0,0.058643236616264825,0.004390779363336993,0.09433345529942676,0.7486278814489572,YNL006W,ess,ess
0.03757225433526011,0.005272711556746477,0.0,0.1565181855333061,0.005536626916524703,0.22706322165436305,0.5907155025553663,YMR212C,non_ess,ess
0.008670520231213872,0.0010372547324747168,0.0,0.10359624029423783,0.0019096117122851689,0.05547265498638227,0.4423933800127308,YGL078C,non_ess,ess
0.0,0.0,0.027027027027027032,0.044748671843073164,0.0,0.0,1.0,YDR149C,non_ess,non_ess
0.03757225433526011,0.007174345232950125,0.027027027027027032,0.0488353085410707,0.01694915254237288,0.6390827517447657,0.5097783572359843,YNL314W,non_ess,non_ess
0.017341040462427744,0.0036303915636615096,0.0,0.03964037597057622,0.00949367088607595,0.4738631036099391,0.4398734177215189,YOR247W,non_ess,non_ess
0.011560693641618495,0.0044083326130175465,0.054054054054054064,0.012872905598692277,0.016736401673640166,0.3373382979540132,0.4058577405857741,YBL008W-A,non_ess,non_ess
0.0028901734104046237,0.0008643789437289308,0.0,0.03187576624438088,0.0019305019305019305,0.03531126855869124,0.7741312741312741,YJL124C,non_ess,non_ess
0.0,0.0,0.0,0.022476501838986515,0.0,0.0,1.0,YEL026W,ess,non_ess
0.011560693641618495,0.0007779410493560378,0.08108108108108109,0.0022476501838986514,0.04819277108433735,1.0068917645892212,0.5421686746987951,YJL136W-A,non_ess,non_ess
0.017341040462427744,0.003111764197424151,0.08108108108108109,0.013894564773191663,0.023622047244094488,0.6377952755905512,0.4606299212598425,YPR012W,non_ess,non_ess
0.023121387283236997,0.002420261042441006,0.0,0.0715161422149571,0.007272727272727274,0.2443434343434344,0.3427272727272727,YBR221C,non_ess,non_ess
0.0028901734104046237,8.643789437289306e-05,0.13513513513513514,0.053739272578667764,0.0011918951132300355,0.029536430379925382,0.5125148986889154,YLR393W,non_ess,non_ess
0.0722543352601156,0.015472383092747859,0.10810810810810813,0.1223947691050266,0.013535462912831621,0.3262160305378243,0.2317271250676773,YEL062W,non_ess,non_ess
0.04335260115606936,0.007001469444204339,0.054054054054054064,0.10093992644053944,0.0097911227154047,0.1821916756258639,0.29699738903394257,YFR039C,non_ess,non_ess
0.02890173410404624,0.0047540841905091185,0.2432432432432433,0.07192480588475685,0.009041591320072331,0.4714098646879093,0.23508137432188064,YIR025W,non_ess,non_ess
0.008670520231213872,0.0028524505143054713,0.0,0.12055578259092767,0.0016483516483516484,0.08474566670442958,0.7032967032967034,YFL002C,ess,ess
0.05491329479768786,0.01037254732474717,0.13513513513513514,0.06456885982836126,0.01903807615230461,0.556497610605827,0.18036072144288576,YGR080W,non_ess,non_ess
0.0,0.0,0.0,0.029423784225582342,0.0,0.0,1.0,YNL339W-B,non_ess,non_ess
0.04335260115606936,0.010286109430374276,0.08108108108108109,0.06824683285655905,0.014258555133079847,0.3680572829679116,0.2984790874524715,YNL264C,non_ess,non_ess
0.011560693641618495,0.0013830063099662892,0.10810810810810813,0.010216591744993873,0.02,0.38756410256410256,0.575,YDR524C-B,non_ess,non_ess
0.04335260115606936,0.012014867317832138,0.08108108108108109,0.09562729873314264,0.010316368638239341,0.2261609547242188,0.30536451169188444,YHR030C,non_ess,non_ess
0.02023121387283237,0.0013830063099662892,0.0,0.06865549652635881,0.006616257088846882,0.14564587271581605,0.31096408317580343,YNL007C,ess,ess
0.04335260115606936,0.010631861007865848,0.0,0.1630568042501022,0.006137479541734861,0.2816806134839765,0.3821603927986907,YLR228C,non_ess,non_ess
0.0028901734104046237,8.643789437289306e-05,0.0,0.06375153248876175,0.0010141987829614604,0.02162803521140629,0.9574036511156186,YAL003W,ess,ess
0.0,0.0,0.0,0.007764609726195342,0.0,0.0,1.0,YLR157W-E,non_ess,non_ess
0.017341040462427744,0.0027660126199325783,0.10810810810810813,0.01675521046178995,0.020270270270270268,0.7910524160524162,0.39864864864864863,YLL018C-A,non_ess,non_ess
0.026011560693641616,0.006915031549831446,0.16216216216216214,0.05230894973436862,0.011002444987775063,1.0255264022187351,0.28728606356968217,YDR262W,non_ess,non_ess
0.01445086705202312,0.0026795747255596854,0.2702702702702703,0.020841847159787496,0.01404494382022472,0.2575299782834482,0.452247191011236,YAL046C,non_ess,non_ess
0.011560693641618495,0.0018151957818307548,0.0,0.1945920174363166,0.0013759889920880633,0.03410532715738274,0.29102167182662536,YMR125W,non_ess,ess
0.03757225433526011,0.006915031549831446,0.0,0.13506334286881894,0.006394490900147565,0.2147093285984508,0.37973438268568616,YMR232W,non_ess,non_ess
0.10982658959537572,0.01918921255078226,0.027027027027027032,0.17041275030649775,0.01489028213166144,0.8751092039673158,0.1371473354231975,YMR053C,non_ess,non_ess
0.0,0.0,0.0,0.052513281569268495,0.0,0.0,1.0,YMR312W,non_ess,non_ess
0.06358381502890173,0.022300976748206414,0.10810810810810813,0.0696771557008582,0.020503261882572232,0.704664737332614,0.16589002795899346,YNL191W,non_ess,non_ess
0.0028901734104046237,0.00017287578874578615,0.08108108108108109,0.04045770331017573,0.0015527950310559005,0.05960774439035309,0.6956521739130435,YOR078W,non_ess,non_ess
0.1329479768786127,0.04226813034834472,0.08108108108108109,0.2529628116060482,0.012221041445270987,0.2751023464578934,0.10812964930924547,YJL197W,non_ess,non_ess
0.0,0.0,0.0,0.021250510829587253,0.0,0.0,1.0,YLL064C,non_ess,non_ess
0.049132947976878616,0.00760653470481459,0.027027027027027032,0.2143440948099714,0.005317485142320926,0.13480170127026556,0.4060056302783859,YPR055W,ess,non_ess
0.05202312138728323,0.009681044169764024,0.027027027027027032,0.18328565590519005,0.006566946369937978,0.4271798613644655,0.4589565851878876,YDR213W,non_ess,non_ess
0.01445086705202312,0.0010372547324747168,0.054054054054054064,0.08193706579485084,0.0039904229848363925,0.0969516735254384,0.35275339185953714,YER027C,non_ess,non_ess
0.011560693641618495,0.002074509464949433,0.0,0.045565999182672665,0.005563282336578581,0.12947275256037424,1.0,YGR033C,non_ess,non_ess
0.0,0.0,0.0,0.05986922762566409,0.0,0.0,1.0,YEL076C-A,non_ess,ess
0.1329479768786127,0.09179704382401244,0.16216216216216214,0.036575398447078064,0.07836456558773425,2.2881209269624945,0.14310051107325386,YEL067C,non_ess,non_ess
0.01445086705202312,0.0013830063099662892,0.0,0.13669799754801798,0.002430724355858045,0.0886087956650106,0.3767622751579971,YDR172W,ess,ess
0.031791907514450865,0.009335292592272452,0.40540540540540543,0.024451709576352003,0.026894865525672367,0.9856050117339774,0.26405867970660146,YDL012C,non_ess,non_ess
0.0028901734104046237,0.0008643789437289308,0.054054054054054064,0.0905190028606457,0.0007251631617113853,0.02558989234116138,0.5511240029006527,YOR056C,ess,ess
0.0028901734104046237,0.0003457515774915723,0.027027027027027032,0.03821005312627708,0.0016366612111292965,0.05611268164459654,1.0,YGR160W,non_ess,non_ess
0.008670520231213872,0.0003457515774915723,0.027027027027027032,0.035349407437678795,0.005272407732864675,0.12546331387068024,0.7803163444639719,YNL140C,non_ess,non_ess
0.08959537572254335,0.01659607571959547,0.054054054054054064,0.15713118103800575,0.013152312261349173,0.3221504632903304,0.12388629613915995,YGR237C,non_ess,non_ess
0.11560693641618495,0.04676290085573515,0.13513513513513514,0.08520637515324889,0.030745580322828595,0.7416391400818285,0.1291314373558801,YDR277C,non_ess,non_ess
0.12427745664739885,0.06595211340651741,0.0,0.019411524315488357,0.12835820895522387,6.3874094872173774,0.14328358208955225,YBL109W,non_ess,non_ess
0.02023121387283237,0.0035439536692886157,0.0,0.1140171638741316,0.004060324825986079,0.08452858046825562,0.3283062645011601,YBL020W,ess,ess
0.0,0.0,0.0,0.0815284021250511,0.0,0.0,1.0,YNL248C,non_ess,ess
0.0838150289017341,0.025412740945630563,0.0,0.10829587249693504,0.01768292682926829,0.5412257755508069,0.2664634146341464,YOR380W,non_ess,non_ess
0.031791907514450865,0.009940357852882704,0.054054054054054064,0.1031875766244381,0.007028753993610224,0.17589634362797302,0.4006389776357828,YDR501W,non_ess,non_ess
0.0838150289017341,0.031722707234851766,0.16216216216216214,0.020433183489987745,0.08285714285714285,1.184964749536178,0.7657142857142857,YDR008C,non_ess,non_ess
0.01445086705202312,0.0008643789437289308,0.027027027027027032,0.01982018798528811,0.014662756598240468,0.6390767450675284,1.0,YCL058W-A,non_ess,non_ess
0.017341040462427744,0.004149018929898867,0.027027027027027032,0.07172047404985697,0.005439709882139618,0.1902009670595346,0.4043517679057117,YER118C,non_ess,non_ess
0.026011560693641616,0.0060506526061025155,0.13513513513513514,0.060890886800163475,0.009533898305084743,0.20775813020303047,0.3093220338983051,YNL063W,non_ess,non_ess
0.07514450867052022,0.01521306940962918,0.08108108108108109,0.0815284021250511,0.02085004009623096,0.3616497182815304,0.2967121090617482,YAL042W,non_ess,non_ess
0.011560693641618495,0.00224738525369522,0.0,0.016959542296689827,0.013377926421404682,2.3015935471178444,0.8729096989966555,YHR214C-E,non_ess,non_ess
0.10404624277456646,0.03431584406603855,0.21621621621621626,0.07315079689415611,0.03202846975088968,0.6316864991103204,1.0,YPL001W,non_ess,non_ess
0.008670520231213872,0.001210130521220503,0.13513513513513514,0.017572537801389457,0.00974025974025974,0.2648273385600574,1.0,YPR126C,non_ess,non_ess
0.049132947976878616,0.01884346097329069,0.054054054054054064,0.16346546791990196,0.006938775510204082,0.283718820861678,0.19428571428571428,YMR160W,non_ess,non_ess
0.008670520231213872,0.0013830063099662892,0.0,0.0696771557008582,0.0027958993476234857,0.06550392757289307,0.6095060577819198,YHR025W,non_ess,ess
0.06647398843930635,0.01322499783905264,0.027027027027027032,0.08214139762975071,0.018312101910828025,0.3803717464810883,0.1552547770700637,YKR051W,non_ess,non_ess
0.01445086705202312,0.0060506526061025155,0.027027027027027032,0.06661217817736004,0.004863813229571985,0.18210295220076392,0.3754863813229572,YHR106W,non_ess,non_ess
0.03468208092485549,0.008038724176679056,0.027027027027027032,0.10012259910093993,0.007894736842105262,0.32180759275237275,0.4223684210526316,YMR169C,non_ess,non_ess
0.08670520231213873,0.023597545163799808,0.0,0.02615447486718431,0.06912442396313365,1.8469501259903296,1.0,YDL086C-A,non_ess,non_ess
0.0028901734104046237,8.643789437289306e-05,0.0,0.04188802615447487,0.001503759398496241,0.025053939195815632,0.5233082706766917,YLR075W,ess,ess
0.06358381502890173,0.016163886247731005,0.10810810810810813,0.07253780138945648,0.01973094170403588,0.3832799487508008,0.3040358744394619,YNL005C,non_ess,non_ess
0.0,0.0,0.0,0.01818553330608909,0.0,0.0,1.0,YHR218W-A,non_ess,non_ess
0.011560693641618495,0.0015558820987120756,0.0,0.07723743359215368,0.0033783783783783786,0.11413812067881834,0.4831081081081081,YGR185C,ess,ess
0.02023121387283237,0.004149018929898867,0.027027027027027032,0.017572537801389457,0.022727272727272728,0.5509950248756219,1.0,YGR242W,non_ess,non_ess
0.03757225433526011,0.01037254732474717,0.0,0.20392317123007767,0.0042706964520367935,0.114303934451573,0.1954664914586071,YDR028C,non_ess,non_ess
0.07803468208092486,0.047108652433226726,0.0,0.019411524315488357,0.08059701492537312,1.7931320839411962,0.21194029850746268,YOR029W,non_ess,non_ess
0.04335260115606936,0.019794277811392515,0.054054054054054064,0.06313853698406212,0.015353121801432956,0.4769063459570112,0.3336745138178096,YDR151C,non_ess,non_ess
0.08959537572254335,0.047108652433226726,0.08108108108108109,0.023498161013485903,0.07848101265822785,2.304699837072316,1.0,YNL269W,non_ess,non_ess
0.005780346820809247,0.0008643789437289308,0.0,0.038823048630976714,0.0032258064516129032,0.13815668202764975,0.9064516129032258,YDR167W,ess,ess
0.023121387283236997,0.005532025239865157,0.0,0.16959542296689825,0.0031496062992125984,0.1138920134983127,0.4771653543307087,YNL126W,ess,ess
0.04046242774566474,0.004149018929898867,0.0,0.046042773464105714,0.01928374655647383,0.6830358925220585,0.22176308539944906,YGL033W,non_ess,non_ess
0.16184971098265896,0.043651136658311,0.16216216216216214,0.15876583571720476,0.023519529609407813,0.4994553767461237,0.0865182696346073,YPL221W,non_ess,non_ess
0.01445086705202312,0.006482842077966981,0.0,0.005721291377196569,0.037313432835820885,1.1971393034825868,0.3059701492537313,YJL047C-A,non_ess,non_ess
0.02890173410404624,0.003198202091797044,0.16216216216216214,0.023498161013485903,0.02531645569620253,0.6611365472663614,0.2506329113924051,YHR132W-A,non_ess,non_ess
0.27167630057803466,0.05047973031376955,0.13513513513513514,0.3839395177768696,0.016528925619834708,0.487810387996762,0.10902057323720768,YGR032W,non_ess,non_ess
0.10693641618497107,0.048578096637565904,0.1891891891891892,0.06988148753575807,0.03438661710037175,0.8374238709167129,0.27695167286245354,YJR147W,non_ess,non_ess
0.008670520231213872,0.0006915031549831446,0.0,0.01838986514098897,0.009375,0.3511184210526316,1.0,YER107W-A,non_ess,non_ess
0.023121387283236997,0.0037168294580344026,0.0,0.07131181038005723,0.007292616226071103,0.16325225095555662,0.2880583409298086,YDR273W,non_ess,non_ess
0.03468208092485549,0.007779410493560376,0.027027027027027032,0.1293420514916224,0.0061570035915854285,0.2435056914277028,0.23601847101077475,YDL224C,non_ess,non_ess
0.0,0.0,0.0,0.029423784225582342,0.0,0.0,1.0,YFL068W,non_ess,non_ess
0.0,0.0,0.0,0.1211687780956273,0.0,0.0,1.0,YDL247W,non_ess,ess
0.06647398843930635,0.020226467283256982,0.08108108108108109,0.11973845525132815,0.012721238938053098,0.4112429605792438,0.2002212389380531,YLR055C,non_ess,non_ess
0.05780346820809248,0.01322499783905264,0.054054054054054064,0.052717613404168376,0.024271844660194167,0.5375807125934873,0.16868932038834952,YGL085W,non_ess,non_ess
0.05491329479768786,0.011150488374103209,0.13513513513513514,0.1364936657131181,0.009250243427458615,0.3234782095541589,0.2059396299902629,YBL024W,non_ess,non_ess
0.03468208092485549,0.00561846313423805,0.08108108108108109,0.08316305680425011,0.00944138473642801,0.3492568936357385,0.3013375295043273,YDR218C,non_ess,non_ess
0.05202312138728323,0.011669115740340566,0.0,0.1031875766244381,0.011501597444089457,0.38406868029557617,0.3552715654952077,YOR306C,non_ess,non_ess
0.0,0.0,0.16216216216216214,0.012055578259092769,0.0,0.0,1.0,YKL023C-A,non_ess,non_ess
0.017341040462427744,0.0035439536692886157,0.054054054054054064,0.06286609453752895,0.006166495375128468,0.11202118208580834,0.3843782117163412,YOR096W,non_ess,non_ess
0.011560693641618495,0.0016423199930849686,0.10810810810810813,0.03575807110747855,0.006956521739130435,0.21866946045049768,0.5147826086956522,YMR138W,non_ess,non_ess
0.031791907514450865,0.010545423113492956,0.10810810810810813,0.09542296689824276,0.007580978635423845,0.1694016838855771,0.2929014472777395,YDR514C,non_ess,non_ess
0.017341040462427744,0.002160947359322327,0.054054054054054064,0.07478545157335513,0.005226480836236934,0.2038785989363653,0.3188153310104529,YGL209W,non_ess,non_ess
0.0028901734104046237,0.002420261042441006,0.027027027027027032,0.014303228442991419,0.003846153846153847,0.1434766214177979,0.6346153846153846,YMR286W,non_ess,non_ess
0.1791907514450867,0.18169245397182124,1.0,0.04965263588067021,0.07958921694480102,1.4329255404158356,0.10397946084724004,YCL010C,non_ess,non_ess
0.0028901734104046237,0.0006050652606102515,0.054054054054054064,0.007560277891295466,0.006211180124223602,0.20862257946656929,1.0,YGL014C-A,non_ess,non_ess
0.06647398843930635,0.014953755726510504,0.10810810810810813,0.0659991826726604,0.022571148184494603,0.7200474927004203,0.25024533856722275,YPL244C,non_ess,non_ess
0.02890173410404624,0.060938715532889626,0.027027027027027032,0.016959542296689827,0.033444816053511704,1.412165360944396,0.274247491638796,YDR543C,non_ess,non_ess
0.0028901734104046237,0.0007779410493560378,0.08108108108108109,0.01736820596648958,0.003278688524590164,0.14296606938619902,0.9573770491803278,YHR125W,non_ess,non_ess
0.05491329479768786,0.010631861007865848,0.08108108108108109,0.10563955864323664,0.011867582760774516,0.30427163578319105,0.2036227357901312,YJL153C,non_ess,non_ess
0.008670520231213872,0.0015558820987120756,0.0,0.1411932979158153,0.001413094677343382,0.0323913515677053,0.8714083843617523,YGR145W,ess,ess
0.1329479768786127,0.025239865156884776,0.054054054054054064,0.18961994278708624,0.016231474947071278,0.3640558006255504,0.16019760056457305,YOR005C,non_ess,non_ess
0.03468208092485549,0.006309966289221194,0.13513513513513514,0.0976706170821414,0.008086253369272238,0.2016711590296496,0.5822102425876011,YDR257C,non_ess,non_ess
0.03468208092485549,0.00959460627539113,0.0,0.06579485083776053,0.011811023622047244,0.5139742147616163,0.312992125984252,YMR127C,non_ess,non_ess
0.04335260115606936,0.008557351542916414,0.054054054054054064,0.1076828769922354,0.00919681177191907,0.25167518914931825,0.3525444512568976,YPR198W,non_ess,non_ess
0.08092485549132948,0.024375486213155845,0.0,0.07315079689415611,0.02491103202846975,0.7701874747771214,0.2090747330960854,YDR459C,non_ess,non_ess
0.01445086705202312,0.0025931368311867924,0.054054054054054064,0.05762157744176542,0.005580357142857143,0.4137436224489796,0.5658482142857143,YFL059W,non_ess,non_ess
0.04335260115606936,0.00950816838101824,0.027027027027027032,0.12382509194932573,0.008029978586723769,0.27901545683214424,1.0,YHR206W,non_ess,non_ess
0.0953757225433526,0.017201140980205722,0.054054054054054064,0.07703310175725378,0.0279424216765453,0.5252292218975005,0.17527519051651144,YOR099W,non_ess,non_ess
0.06647398843930635,0.033365027227936724,0.0,0.06252554147936247,0.0237603305785124,0.9991681871847162,0.16632231404958678,YFL031W,non_ess,non_ess
0.023121387283236997,0.00449477050739044,0.4594594594594595,0.011033919084593379,0.03773584905660377,0.6445981333512388,0.3160377358490566,YML009C,non_ess,non_ess
0.06358381502890173,0.014694442043391822,0.21621621621621626,0.1420106252554148,0.010304449648711944,0.2491673172001041,0.13489461358313815,YOL057W,non_ess,non_ess
0.09826589595375723,0.04425620191892125,0.08108108108108109,0.032080098079280764,0.06525911708253357,0.8644356908656009,0.1324376199616123,YPR150W,non_ess,non_ess
0.04335260115606936,0.008470913648543521,0.027027027027027032,0.20780547609317532,0.004837149306675266,0.09964909955095448,0.3179619477587875,YPR032W,non_ess,non_ess
0.0,0.0,0.027027027027027032,0.004495300367797304,0.0,0.0,1.0,YKL156C-A,non_ess,non_ess
0.008670520231213872,0.0010372547324747168,0.0,0.10747854515733553,0.0018427518427518426,0.06212706212706213,0.4545454545454545,YNL189W,ess,ess
0.060693641618497114,0.005791338922983836,0.10810810810810813,0.1356763383735186,0.010284035259549459,0.24797794698429745,0.2238001958863859,YPR074C,non_ess,non_ess
0.01445086705202312,0.002160947359322327,0.0,0.15610952186350635,0.002134927412467976,0.05906182101200965,0.7497865072587532,YLR397C,ess,ess
0.07803468208092486,0.01737401676895151,0.0,0.1581528402125051,0.011382799325463743,0.23968658742236665,0.13406408094435074,YBR114W,non_ess,non_ess
0.08092485549132948,0.021782349381969053,0.054054054054054064,0.10788720882713528,0.017135862913096694,0.6106436148510812,0.12423500611995104,YPL212C,non_ess,non_ess
0.1213872832369942,0.02912957040366497,0.027027027027027032,0.09460563955864323,0.029186935371785964,0.6357233982969102,0.20152883947185546,YOR298W,non_ess,non_ess
0.06358381502890173,0.017806206240815973,0.32432432432432434,0.0659991826726604,0.02158979391560353,0.4607404371879348,0.30814524043179586,YGR084C,non_ess,non_ess
0.04335260115606936,0.011409802057221884,0.10810810810810813,0.06538618716796077,0.01485148514851485,0.5162916291629163,0.2227722772277228,YDR126W,non_ess,non_ess
0.1329479768786127,0.37133719422594863,0.3783783783783784,0.020024519820187988,0.13372093023255813,2.424891509958829,0.6075581395348837,YFR035C,non_ess,non_ess
0.03468208092485549,0.007952286282306162,0.0,0.11176951369023294,0.007096392667060911,0.1752195720261953,0.19160260201064452,YLR134W,non_ess,non_ess
0.008670520231213872,0.004062581035525975,0.16216216216216214,0.017776869636289334,0.00964630225080386,0.4110013780431787,1.0,YDL032W,non_ess,non_ess
0.008670520231213872,0.0003457515774915723,0.027027027027027032,0.039844707805476096,0.004724409448818898,0.14296159408645348,0.4881889763779528,YBR201W,non_ess,non_ess
0.0,0.0,0.027027027027027032,0.0406620351450756,0.0,0.0,1.0,YBR154C,ess,non_ess
0.05780346820809248,0.015126631515256287,0.21621621621621626,0.023293829178586026,0.051020408163265314,0.8557430192293524,0.8443877551020408,YJR114W,non_ess,non_ess
0.0028901734104046237,8.643789437289306e-05,0.16216216216216214,0.023498161013485903,0.002531645569620253,0.06600361663652803,0.810126582278481,YLR104W,non_ess,non_ess
0.1676300578034682,0.0787449217737056,0.2702702702702703,0.01920719248058848,0.1746987951807229,2.669755946864381,0.14457831325301204,YDR010C,non_ess,non_ess
0.049132947976878616,0.008557351542916414,0.21621621621621626,0.1493665713118104,0.007579135086937138,0.2649425711325723,0.2264823896567097,YOR076C,non_ess,non_ess
0.0722543352601156,0.011928429423459244,0.16216216216216214,0.0976706170821414,0.016846361185983826,0.2726614754916641,0.1738544474393531,YOR269W,non_ess,non_ess
0.06936416184971098,0.01149623995159478,0.0,0.09174499387004496,0.01717967072297781,0.6755334858412883,0.18253400143163925,YBR207W,non_ess,non_ess
0.008670520231213872,0.001210130521220503,0.16216216216216214,0.03739272578667757,0.005008347245409015,0.14900524815761074,0.4373956594323873,YDR084C,non_ess,non_ess
0.13872832369942195,0.038205549312818735,0.0,0.3882304863097671,0.008347826086956521,0.2613232514177693,0.18713043478260868,YBR275C,non_ess,non_ess
0.08959537572254335,0.04149018929898868,0.32432432432432434,0.028606456885982838,0.06595744680851064,0.9081586167624373,0.2276595744680851,YMR002W,non_ess,non_ess
0.01445086705202312,0.0027660126199325783,0.0,0.10482223130363713,0.0031466331025802393,0.07255611495699603,0.7400881057268722,YPR162C,ess,ess
0.02023121387283237,0.006655717866712767,0.054054054054054064,0.08990600735594606,0.00510948905109489,0.1434723309675953,0.316058394160584,YGR249W,non_ess,non_ess
0.03468208092485549,0.005359149451119371,0.16216216216216214,0.09440130772374336,0.008356545961002786,0.17604600038667825,0.2527855153203343,YJL123C,non_ess,non_ess
0.04624277456647399,0.01184199152908635,0.2972972972972973,0.029015120555782595,0.03361344537815126,0.9022013713460844,0.17857142857142858,YPR062W,non_ess,non_ess
0.005780346820809247,0.0006915031549831446,0.08108108108108109,0.09521863506334287,0.0013812154696132596,0.04981123388581952,0.7479281767955801,YGL097W,ess,non_ess
0.06936416184971098,0.010718298902238741,0.027027027027027032,0.22476501838986515,0.007164179104477613,0.3055983884259683,0.15850746268656715,YNR065C,non_ess,non_ess
0.008670520231213872,0.0009508168381018238,0.0,0.04147936248467512,0.004552352048558422,0.1655128872545219,0.7056145675265554,YKL142W,non_ess,non_ess
0.005780346820809247,0.0006050652606102515,0.0,0.005925623212096446,0.0145985401459854,1.2721859393008068,0.9781021897810219,YDR320W-B,non_ess,non_ess
0.060693641618497114,0.015385945198374969,0.08108108108108109,0.14241928892521455,0.009808500700607192,0.1926162094104746,0.13591779542269966,YNL101W,non_ess,non_ess
0.005780346820809247,0.0007779410493560378,0.16216216216216214,0.032080098079280764,0.003838771593090211,0.11088144101579804,0.8483685220729367,YNL133C,non_ess,non_ess
0.008670520231213872,0.0010372547324747168,0.0,0.09521863506334287,0.002071823204419889,0.04983352237386118,0.8501381215469613,YHR024C,ess,ess
0.060693641618497114,0.02411617253003717,0.13513513513513514,0.07989374744585206,0.017170891251022075,0.5943384402361072,0.19787408013082586,YNL078W,non_ess,non_ess
0.011560693641618495,0.0036303915636615096,0.13513513513513514,0.05578259092766653,0.004602991944764097,0.10873801304181052,0.6075949367088608,YNL159C,non_ess,non_ess
0.07514450867052022,0.013916500994035784,0.08108108108108109,0.16632611360850022,0.01043338683788122,0.2590599195777002,0.3374799357945425,YDR251W,non_ess,non_ess
0.15028901734104044,0.025239865156884776,0.10810810810810813,0.2595014303228443,0.013471502590673576,0.2475711744755129,0.08367875647668394,YKL215C,non_ess,non_ess
0.011560693641618495,0.0013830063099662892,0.10810810810810813,0.05803024111156519,0.004434589800443459,0.1117358251504593,0.3614190687361419,YDL198C,non_ess,non_ess
0.049132947976878616,0.014953755726510504,0.027027027027027032,0.035349407437678795,0.029876977152899824,0.8334752595437828,0.7346221441124781,YAL019W-A,non_ess,non_ess
0.04335260115606936,0.010026795747255596,0.21621621621621626,0.10931753167143443,0.00906344410876133,0.31294058408862035,0.37039274924471294,YDL225W,non_ess,non_ess
0.026011560693641616,0.008816665226035093,0.08108108108108109,0.03739272578667757,0.015025041736227047,0.3701695808804147,0.2854757929883139,YNL214W,non_ess,non_ess
0.0953757225433526,0.015299507304002076,0.10810810810810813,0.1438496117695137,0.015263644773358002,0.8314704581104452,0.18085106382978725,YPR159W,non_ess,non_ess
0.0,0.0,0.0,0.03575807110747855,0.0,0.0,1.0,YPL283W-A,non_ess,non_ess
0.008670520231213872,0.0014694442043391822,0.027027027027027032,0.06129955046996322,0.003157894736842105,0.09477488902980342,0.6042105263157894,YKL019W,ess,non_ess
0.03468208092485549,0.010804736796611637,0.13513513513513514,0.04331834899877402,0.01749271137026239,0.4345248303402994,0.2915451895043732,YGR232W,non_ess,non_ess
0.08670520231213873,0.0337107788054283,0.027027027027027032,0.08643236616264814,0.022744503411675512,0.4996919299386838,0.1326762699014405,YOR316C,non_ess,non_ess
0.026011560693641616,0.003803267352407295,0.0,0.16510012259910095,0.003637833468067906,0.13676571604805585,0.2716248989490703,YHR205W,non_ess,non_ess
0.023121387283236997,0.005704901028610943,0.0,0.029628116060482226,0.016494845360824743,0.3929654335961189,0.4371134020618557,YPR073C,non_ess,non_ess
0.049132947976878616,0.027487250410580002,0.40540540540540543,0.0923579893747446,0.01209103840682788,0.3527264106211475,0.1301564722617354,YBR297W,non_ess,non_ess
0.04046242774566474,0.005704901028610943,0.027027027027027032,0.07887208827135267,0.011589403973509934,0.3548967150563572,0.2673841059602649,YKL162C,non_ess,non_ess
0.03468208092485549,0.005013397873627798,0.08108108108108109,0.03698406211687781,0.020236087689713318,0.5397395847731733,0.19392917369308602,YJR069C,non_ess,non_ess
0.04046242774566474,0.02696862304434264,0.054054054054054064,0.020841847159787496,0.03932584269662921,1.4153942187650053,0.26685393258426965,YDL162C,non_ess,non_ess
0.08092485549132948,0.01797908202956176,0.0,0.2511238250919493,0.007492641156007494,0.25345299602725346,0.4147712068504148,YDR104C,non_ess,non_ess
0.06936416184971098,0.00950816838101824,0.054054054054054064,0.2834082550061299,0.00569935882213251,0.1297700162577864,0.2168131085252909,YGL131C,non_ess,non_ess
0.12427745664739885,0.042527444031463385,0.10810810810810813,0.0190028606456886,0.13069908814589665,2.9123650003233523,0.20364741641337386,YPR195C,non_ess,non_ess
0.07514450867052022,0.017287578874578616,0.10810810810810813,0.11115651818553332,0.015457788347205709,0.4051436461969237,0.2384066587395957,YEL020C,non_ess,non_ess
0.06936416184971098,0.015385945198374969,0.027027027027027032,0.1375153248876175,0.011599806669888834,0.5926901218313028,0.14499758337361046,YBR043C,non_ess,non_ess
0.0953757225433526,0.03154983144610597,0.0,0.10747854515733553,0.020270270270270268,0.3747528015820699,0.14250614250614252,YIL121W,non_ess,non_ess
0.01445086705202312,0.003803267352407295,0.0,0.042092357989374746,0.00748502994011976,0.2366578318772292,0.344311377245509,YDR226W,non_ess,non_ess
0.0,0.0,0.0,0.01675521046178995,0.0,0.0,1.0,YAR053W,non_ess,non_ess
0.02023121387283237,0.027746564093698675,0.2702702702702703,0.013894564773191663,0.02755905511811024,3.3668956274082764,0.5748031496062992,YNL337W,non_ess,non_ess
0.01445086705202312,0.002333823148068113,0.054054054054054064,0.013077237433592155,0.02066115702479339,0.6208852780501471,0.4132231404958678,YDR461C-A,non_ess,non_ess
0.060693641618497114,0.009421730486645344,0.08108108108108109,0.08929301185124643,0.015429831006612785,0.582371864884723,0.19324026451138868,YLR231C,non_ess,non_ess
0.008670520231213872,0.004062581035525975,0.2432432432432433,0.014507560277891298,0.01140684410646388,0.5563904079499493,0.6387832699619772,YGR037C,non_ess,non_ess
0.005780346820809247,0.0007779410493560378,0.0,0.04127503064977524,0.003048780487804878,0.08653216565722703,0.7987804878048781,YDR236C,ess,ess
0.0028901734104046237,0.0008643789437289308,0.0,0.026358806702084188,0.0022883295194508014,0.08085023066851038,0.988558352402746,YBL025W,non_ess,non_ess
0.011560693641618495,0.0019880715705765406,0.35135135135135137,0.009807928075194115,0.020618556701030927,0.5006018106651315,0.3711340206185567,YBR182C-A,non_ess,non_ess
0.017341040462427744,0.007087907338577231,0.10810810810810813,0.0425010216591745,0.008902077151335312,0.2100960579866528,0.3724035608308605,YDR067C,non_ess,non_ess
0.02023121387283237,0.00224738525369522,0.0,0.07498978340825503,0.006081668114682885,0.10501652106692573,0.4005212858384014,YJL125C,ess,ess
0.0028901734104046237,0.0010372547324747168,0.027027027027027032,0.03248876174908051,0.00189753320683112,0.08768975332068311,0.9658444022770398,YPR101W,non_ess,non_ess
0.011560693641618495,0.005704901028610943,0.0,0.04515733551287291,0.005610098176718092,0.1209966174408052,0.6115007012622721,YMR322C,non_ess,non_ess
0.0838150289017341,0.036131039847869306,0.2702702702702703,0.1401716387413159,0.013757115749525616,0.4788786482334871,0.23481973434535106,YDR176W,non_ess,non_ess
0.05780346820809248,0.019102774656409367,0.32432432432432434,0.06211687780956274,0.02079002079002079,0.6520339263702096,0.36174636174636177,YGL136C,non_ess,non_ess
0.09248554913294796,0.019621402022646728,0.10810810810810813,0.08255006129955048,0.02535657686212361,0.6533678799922857,0.11727416798732172,YNL009W,non_ess,non_ess
0.04335260115606936,0.005877776817356729,0.0,0.21557008581937068,0.004665629860031105,0.15107557219339654,0.27744945567651635,YKR086W,ess,ess
0.02023121387283237,0.0015558820987120756,0.16216216216216214,0.0406620351450756,0.010819165378670788,0.2275270479134467,0.3554868624420402,YAL007C,non_ess,non_ess
0.04046242774566474,0.01521306940962918,0.08108108108108109,0.1140171638741316,0.008120649651972156,0.2305290023201856,0.5150812064965197,YGR055W,non_ess,non_ess
0.02890173410404624,0.00760653470481459,0.054054054054054064,0.04188802615447487,0.015037593984962403,0.3588328619714423,0.2,YDR399W,non_ess,non_ess
0.011560693641618495,0.0008643789437289308,0.0,0.02411115651818553,0.0099009900990099,0.19985222402837305,0.3836633663366337,YOL012C,non_ess,non_ess
0.0722543352601156,0.013397873627798429,0.16216216216216214,0.052717613404168376,0.03033980582524272,1.1223795683631193,0.17354368932038836,YBR213W,non_ess,non_ess
0.02023121387283237,0.0009508168381018238,0.0,0.13833265222721702,0.003363767419509851,0.1781966172483552,0.3498318116290245,YPL106C,non_ess,ess
0.04046242774566474,0.004149018929898867,0.08108108108108109,0.15284021250510832,0.006102877070619006,0.3526145280177538,0.2715780296425458,YDR264C,non_ess,non_ess
0.05491329479768786,0.0076929725991874845,0.027027027027027032,0.09256232120964447,0.0134847409510291,0.4183954050270121,0.2370475514549326,YJL146W,non_ess,non_ess
0.0028901734104046237,8.643789437289306e-05,0.0,0.010829587249693505,0.004784688995215311,0.1940551297793962,0.8229665071770335,YKL138C-A,non_ess,non_ess
0.0,0.0,0.0,0.010420923579893748,0.0,0.0,1.0,YHR212W-A,non_ess,non_ess
0.008670520231213872,0.0003457515774915723,0.054054054054054064,0.09194932570494484,0.002142857142857143,0.06011904761904763,0.7878571428571428,YBL086C,non_ess,non_ess
0.017341040462427744,0.0017287578874578616,0.0,0.07948508377605233,0.0049301561216105174,0.09952077922856853,0.552999178307313,YPR041W,ess,ess
0.06647398843930635,0.014002938888408678,0.027027027027027032,0.126685737637924,0.012041884816753926,0.3470187865722205,0.15392670157068064,YNL176C,non_ess,non_ess
0.06647398843930635,0.015126631515256287,0.2702702702702703,0.20044953003677973,0.007684597393919143,0.26372450171343753,0.19378549949883064,YNL123W,non_ess,non_ess
0.017341040462427744,0.0028524505143054713,0.0,0.18348998774008995,0.002186588921282799,0.10012494793835901,0.5258746355685131,YML065W,ess,ess
0.6213872832369942,0.28610943037427605,0.08108108108108109,0.3054760931753167,0.0474090407938258,1.0865691495297485,0.03770672546857773,YOR153W,non_ess,non_ess
0.02890173410404624,0.00959460627539113,0.13513513513513514,0.06559051900286066,0.009871668311944718,0.30748981193206265,0.33859822309970383,YLR017W,non_ess,non_ess
0.0,0.0,0.0,0.02227217000408664,0.0,0.0,1.0,YER009W,ess,non_ess
0.049132947976878616,0.006655717866712767,0.027027027027027032,0.115038823048631,0.0097757331799885,0.25936005277915225,0.12593444508338125,YKL124W,non_ess,non_ess
0.02023121387283237,0.0067421557610856594,0.054054054054054064,0.08357172047404986,0.005481597494126861,0.11460983301233887,0.6139389193422083,YBR130C,non_ess,non_ess
0.04046242774566474,0.007087907338577231,0.16216216216216214,0.1330200245198202,0.006989515726410384,0.15474384576980682,0.20668996505242132,YJL057C,non_ess,non_ess
0.011560693641618495,0.0037168294580344026,0.054054054054054064,0.01982018798528811,0.011730205278592377,0.3406084030433666,0.2287390029325513,YGL217C,non_ess,non_ess
0.05780346820809248,0.011064050479730312,0.08108108108108109,0.08847568451164692,0.014825796886582653,0.3997226141227672,0.2320237212750185,YER020W,non_ess,non_ess
0.0028901734104046237,0.00017287578874578615,0.0,0.10870453616673477,0.0006075334143377885,0.017573187022180626,0.6421628189550426,YDR232W,ess,ess
0.08092485549132948,0.03059901460800415,0.08108108108108109,0.07580711074785453,0.02407566638005159,0.6987621473417803,0.1943250214961307,YJL107C,non_ess,non_ess
0.06358381502890173,0.01184199152908635,0.027027027027027032,0.15161422149570905,0.009666080843585235,0.3728559556409313,0.1840949033391916,YPL158C,non_ess,non_ess
0.0028901734104046237,8.643789437289306e-05,0.0,0.01920719248058848,0.0030120481927710845,0.08538618760757315,1.0,YCR041W,non_ess,non_ess
0.023121387283236997,0.001901633676203648,0.0,0.15447486718430736,0.003451251078515962,0.06199926044619746,0.497411561691113,YDR520C,non_ess,ess
0.005780346820809247,0.0010372547324747168,0.0,0.029423784225582342,0.004149377593360996,0.17057611426313266,0.9522821576763484,YLR010C,ess,non_ess
0.16473988439306358,0.09577318696516553,0.08108108108108109,0.027176134041683696,0.12694877505567928,5.916828507795099,1.0,YGR107W,non_ess,non_ess
0.06936416184971098,0.015645258881493648,0.0,0.14262362076011445,0.011194029850746268,0.23537313432835816,0.1669776119402985,YOL017W,non_ess,non_ess
0.0,0.0,0.16216216216216214,0.014711892112791171,0.0,0.0,1.0,YCR020C-A,non_ess,non_ess
0.03468208092485549,0.00449477050739044,0.027027027027027032,0.24213322435635476,0.0033287101248266303,0.15386037910309755,0.3994452149791956,YDL145C,ess,ess
0.005780346820809247,0.0004321894718644654,0.10810810810810813,0.0406620351450756,0.0030911901081916537,0.0868466476381728,0.4806800618238022,YDR177W,ess,non_ess
0.005780346820809247,0.0010372547324747168,0.0,0.06198065658629615,0.0020833333333333333,0.09468688362919132,0.9916666666666668,YGL103W,ess,ess
0.10115606936416184,0.035612412481631946,0.16216216216216214,0.02308949734368615,0.08997429305912596,2.8838312206364685,0.1928020565552699,YLR279W,non_ess,non_ess
0.0,0.0,0.0,0.046791990192071926,0.0,0.0,1.0,YPR016C,ess,ess
0.06647398843930635,0.009075978909153772,0.13513513513513514,0.10747854515733553,0.014127764127764128,0.4243129934877508,0.2708845208845209,YDR057W,non_ess,non_ess
0.023121387283236997,0.002160947359322327,0.0,0.0805067429505517,0.006493506493506494,0.2939017504234896,0.23214285714285715,YPR133C,ess,non_ess
0.060693641618497114,0.014089376782781571,0.16216216216216214,0.11238250919493258,0.012352941176470587,0.3453388235294117,1.0,YOR023C,non_ess,non_ess
0.023121387283236997,0.005877776817356729,0.0,0.044748671843073164,0.011315417256011316,0.2827086280056577,0.38896746817538896,YIL161W,non_ess,non_ess
0.04335260115606936,0.010718298902238741,0.10810810810810813,0.13322435635472007,0.007477567298105683,0.16632624251140382,1.0,YJL128C,non_ess,non_ess
0.04046242774566474,0.005445587345492263,0.2702702702702703,0.04781364936657132,0.018617021276595744,0.3773245099681689,0.18085106382978725,YCR076C,non_ess,non_ess
0.17630057803468208,0.050739043996888236,0.0,0.11176951369023294,0.03607332939089297,0.9876851728209008,0.11176818450620933,YGR087C,non_ess,non_ess
0.1213872832369942,0.03310571354481805,0.027027027027027032,0.15672251736820594,0.01786473840918758,0.3032203180527161,0.18715440238196512,YAL053W,non_ess,non_ess
0.05202312138728323,0.008557351542916414,0.027027027027027032,0.08459337964854925,0.01393188854489164,0.288989397582026,0.4628482972136223,YPL168W,non_ess,non_ess
0.031791907514450865,0.00898954101478088,0.13513513513513514,0.037188393951777685,0.018456375838926176,0.3852768456375839,0.2365771812080537,YMR184W,non_ess,non_ess
0.2485549132947977,0.09326648802835162,0.16216216216216214,0.14058030241111566,0.04068117313150426,0.8479450479023221,0.08136234626300852,YEL011W,non_ess,non_ess
0.017341040462427744,0.003284639986169937,0.027027027027027032,0.04903964037597058,0.007792207792207792,0.11824420121363352,0.5571428571428572,YHL033C,non_ess,non_ess
0.07514450867052022,0.028783818826173393,0.0,0.09297098487944422,0.018374558303886925,0.5558767890923368,0.16113074204946998,YMR223W,non_ess,non_ess
0.0028901734104046237,8.643789437289306e-05,0.054054054054054064,0.05094673750170277,0.0012531328320802006,0.03174197629997323,0.6390977443609023,YHR021C,non_ess,non_ess
0.03757225433526011,0.00561846313423805,0.027027027027027032,0.1971802206783817,0.004414261460101867,0.09010957342171044,0.23429541595925296,YMR185W,ess,non_ess
0.06358381502890173,0.015040193620883397,0.027027027027027032,0.11319983653453207,0.012850467289719626,0.3670348343245539,0.3130841121495327,YHR094C,non_ess,non_ess
0.0,0.0,0.027027027027027032,0.010420923579893748,0.0,0.0,1.0,YLR264W,non_ess,non_ess
0.02023121387283237,0.004667646296136226,0.10810810810810813,0.2868818961994279,0.0016424213984045054,0.03778937900829032,0.6152041295166588,YMR259C,non_ess,non_ess
0.01445086705202312,0.0013830063099662892,0.0,0.043931344503473635,0.007194244604316547,0.3559334350701257,0.5237410071942447,YHR122W,ess,ess
0.060693641618497114,0.01849770939579912,0.027027027027027032,0.09501430322844301,0.014532871972318341,0.4701192861045347,0.2519031141868512,YDR346C,non_ess,non_ess
0.008670520231213872,0.0003457515774915723,0.0,0.021863506334286884,0.008086253369272238,0.4284929212571638,0.9407008086253368,YKL224C,non_ess,non_ess
0.11560693641618495,0.05739476186360099,0.1891891891891892,0.13322435635472007,0.019940179461615155,0.5633909083560129,0.1625124626121635,YLR401C,non_ess,non_ess
0.03757225433526011,0.00509983576800069,0.0,0.052717613404168376,0.015776699029126214,0.5675495989869144,0.2099514563106796,YKR060W,non_ess,non_ess
0.02890173410404624,0.004321894718644654,0.0,0.04720065386187168,0.013458950201884251,0.3061911170928667,0.2288021534320323,YGL061C,ess,non_ess
0.023121387283236997,0.001210130521220503,0.13513513513513514,0.046110884075739,0.011004126547455296,0.4432561086812049,0.4346629986244842,YMR230W,non_ess,non_ess
0.060693641618497114,0.015645258881493648,0.4594594594594595,0.02840212505108296,0.044967880085653104,1.3883832976445396,0.9892933618843684,YLR281C,non_ess,non_ess
0.08092485549132948,0.012274181000950816,0.0,0.15406620351450756,0.012110726643598616,0.3640040937667528,0.20847750865051906,YLR131C,non_ess,non_ess
0.12716763005780346,0.02472123779064742,0.027027027027027032,0.26706170821413977,0.0110803324099723,0.32966204986149583,0.0934273482749937,YDR216W,non_ess,non_ess
0.026011560693641616,0.003976143141153081,0.027027027027027032,0.07621577441765427,0.007698887938408894,0.5846106382083608,0.5782720273738238,YGR112W,non_ess,non_ess
0.01445086705202312,0.00224738525369522,0.1891891891891892,0.052104617899468735,0.006134969325153374,0.3255449680198408,0.35092024539877303,YGR042W,non_ess,non_ess
0.10982658959537572,0.04036649667214107,0.10810810810810813,0.08071107478545159,0.030769230769230767,0.7624413145539907,0.16356275303643725,YOR303W,non_ess,non_ess
0.04046242774566474,0.0047540841905091185,0.0,0.07110747854515734,0.01279707495429616,0.38323425790282944,0.20383912248628885,YPL236C,non_ess,non_ess
0.060693641618497114,0.0075200968104416985,0.16216216216216214,0.0976706170821414,0.014150943396226415,0.3906614373542506,1.0,YNL223W,non_ess,non_ess
0.10693641618497107,0.027314374621834208,0.027027027027027032,0.2691050265631385,0.009247688077980504,0.3223787076486692,0.13921519620094974,YNR070W,non_ess,non_ess
0.08092485549132948,0.01659607571959547,0.08108108108108109,0.1348590110339191,0.013793103448275862,0.34627501064282673,0.14039408866995073,YBL009W,non_ess,non_ess
0.06936416184971098,0.011582677845967672,0.027027027027027032,0.07274213322435638,0.02146690518783542,0.9968877888597544,0.2075134168157424,YIL035C,non_ess,non_ess
0.005780346820809247,0.0006050652606102515,0.0,0.06885982836125869,0.001885014137606032,0.055429604911226026,0.6173421300659755,YJR068W,ess,ess
0.04624277456647399,0.007779410493560376,0.10810810810810813,0.037188393951777685,0.026845637583892617,0.5346418216103327,0.203020134228188,YPL051W,non_ess,non_ess
0.11271676300578035,0.039242804045293456,0.054054054054054064,0.14589293011851248,0.01779197080291971,0.7058893812999651,0.12135036496350365,YOR019W,non_ess,non_ess
0.04046242774566474,0.01184199152908635,0.027027027027027032,0.07029015120555783,0.012939001848428836,0.3603873255955789,0.5369685767097967,YPL191C,non_ess,non_ess
0.07803468208092486,0.01685538940271415,0.054054054054054064,0.2020841847159788,0.008949287371561155,0.20857318731271104,0.16804772953264832,YIL073C,non_ess,non_ess
0.07803468208092486,0.010891174690984528,0.054054054054054064,0.08295872496935024,0.02129337539432177,0.7811626858945471,0.1774447949526814,YLR130C,non_ess,non_ess
0.005780346820809247,0.0018151957818307548,0.0,0.033714752758479766,0.0036697247706422025,0.10603757099169944,0.5633027522935781,YLR065C,non_ess,non_ess
0.04335260115606936,0.007260783127323019,0.0,0.08786268900694727,0.011194029850746268,0.4259399206499149,0.2343283582089553,YNR050C,non_ess,non_ess
0.017341040462427744,0.003284639986169937,0.13513513513513514,0.06048222313036373,0.006396588486140725,0.14851338545368395,0.2899786780383795,YMR299C,non_ess,non_ess
0.0,0.0,0.0,0.017572537801389457,0.0,0.0,1.0,YPR203W,non_ess,non_ess
0.05780346820809248,0.016250324142103898,0.1891891891891892,0.06477319166326115,0.01998001998001998,0.5572688181383834,0.2177822177822178,YAL020C,non_ess,non_ess
0.0028901734104046237,0.0010372547324747168,0.0,0.06313853698406212,0.001023541453428864,0.03841988933885157,0.9887410440122824,YPR176C,ess,ess
0.04046242774566474,0.013138559944679749,0.13513513513513514,0.01736820596648958,0.045901639344262286,1.2956184798807748,0.2426229508196721,YFR052C-A,non_ess,non_ess
0.0722543352601156,0.030685452502377038,0.13513513513513514,0.011646914589293013,0.11312217194570134,2.7842035690680764,0.2262443438914027,YER091C-A,non_ess,non_ess
0.03468208092485549,0.006396404183594088,0.054054054054054064,0.06232120964446261,0.01243523316062176,0.4421822615056385,0.22383419689119166,YHR195W,non_ess,non_ess
0.023121387283236997,0.0060506526061025155,0.0,0.06375153248876175,0.008113590263691683,0.2872999774622493,0.7038539553752535,YDL037C,non_ess,non_ess
0.01445086705202312,0.0025931368311867924,0.0,0.025745811197384557,0.011682242990654205,0.2396370447953593,1.0,YNR042W,non_ess,non_ess
0.026011560693641616,0.0047540841905091185,0.027027027027027032,0.05496526358806703,0.010501750291715286,0.14927866765673067,0.2590431738623104,YIL050W,non_ess,non_ess
0.0028901734104046237,0.00017287578874578615,0.0,0.021250510829587253,0.0027624309392265192,0.13304928676218122,0.5497237569060773,YAL068C,non_ess,non_ess
0.02890173410404624,0.0112369262684761,0.0,0.11606048222313035,0.005701254275940707,0.15224460492419445,0.23717217787913344,YNL076W,non_ess,non_ess
0.0,0.0,0.0,0.03228442991418063,0.0,0.0,1.0,YFL064C,non_ess,non_ess
0.008670520231213872,0.0005186273662373584,0.027027027027027032,0.3077237433592154,0.0006567425569176883,0.01913177307222841,0.5882224168126094,YHR164C,ess,ess
0.04335260115606936,0.008038724176679056,0.054054054054054064,0.10809154066203516,0.009163103237629807,0.2337919311572069,0.3359804520464264,YBR270C,non_ess,non_ess
0.023121387283236997,0.0015558820987120756,0.027027027027027032,0.06313853698406212,0.008188331627430911,0.2061532903847312,0.3735926305015353,YJR070C,non_ess,non_ess
0.011560693641618495,0.003457515774915723,0.054054054054054064,0.018594196975888846,0.01238390092879257,0.450685537372844,0.5170278637770898,YPR094W,ess,non_ess
0.017341040462427744,0.004321894718644654,0.027027027027027032,0.12178177360032695,0.003264417845484222,0.08991342196148934,0.4319912948857454,YPL194W,non_ess,non_ess
0.06936416184971098,0.00760653470481459,0.16216216216216214,0.06456885982836126,0.02404809619238477,0.4222523258808119,0.2124248496993988,YJR009C,non_ess,non_ess
0.1791907514450867,0.1912870602472124,0.2432432432432433,0.032897425418880265,0.11632270168855535,4.305822206840441,0.09193245778611632,YMR042W,non_ess,non_ess
0.005780346820809247,0.0019880715705765406,0.0,0.06395586432366163,0.0020222446916076846,0.07857339829028404,0.4893832153690597,YKL018W,ess,ess
0.04335260115606936,0.003889705246780188,0.054054054054054064,0.09787494891704128,0.010087424344317421,0.1958147078602793,0.4008069939475454,YBR126C,non_ess,non_ess
0.0838150289017341,0.02204166306508773,0.13513513513513514,0.15284021250510832,0.012641673931996512,0.3041024895863605,0.2523975588491717,YIR007W,non_ess,non_ess
0.0,0.0,0.0,0.0067429505516959564,0.0,0.0,1.0,YKL096C-B,non_ess,non_ess
0.0,0.0,0.0,0.12423375561912547,0.0,0.0,1.0,YHR219W,non_ess,ess
0.02890173410404624,0.009335292592272452,0.0,0.06620351450756028,0.009784735812133072,0.5272721922222385,0.2622309197651663,YNL332W,non_ess,non_ess
0.060693641618497114,0.01702826519145994,0.08108108108108109,0.0968532897425419,0.014266304347826088,0.4925629290617848,0.20380434782608686,YHR113W,non_ess,non_ess
0.05491329479768786,0.010631861007865848,0.1891891891891892,0.085002043318349,0.01463790446841294,1.040324481102148,0.1864406779661017,YOR197W,non_ess,non_ess
0.0,0.0,0.027027027027027032,0.0071516142214957095,0.0,0.0,1.0,YDR034W-B,non_ess,non_ess
0.04335260115606936,0.0044083326130175465,0.1891891891891892,0.05986922762566409,0.016146393972012917,0.8079742821400518,0.35091496232508074,YIL145C,non_ess,non_ess
0.08092485549132948,0.017719768346443083,0.054054054054054064,0.0678381691867593,0.02676864244741874,0.7136962866056153,0.14435946462715105,YLR377C,non_ess,non_ess
0.0028901734104046237,0.004667646296136226,0.2432432432432433,0.03514507560277892,0.00176678445229682,0.03336078712682767,0.9098939929328622,YCL001W,non_ess,non_ess
0.05202312138728323,0.015299507304002076,0.027027027027027032,0.1264814058030241,0.009438909281594129,0.2260776672911188,0.15416885159937074,YDR380W,non_ess,non_ess
0.14161849710982655,0.03457515774915723,0.027027027027027032,0.11810380057212914,0.027466367713004484,0.4932501868460389,0.16423766816143498,YKL005C,non_ess,non_ess
0.017341040462427744,0.00509983576800069,0.1891891891891892,0.05087862689006948,0.007528230865746549,0.17845417725798168,0.2936010037641154,YOR220W,non_ess,non_ess
0.0,0.0,0.0,0.03780138945647732,0.0,0.0,1.0,YDR002W,ess,non_ess
0.049132947976878616,0.012965684155933962,0.13513513513513514,0.07703310175725378,0.014394580863674853,0.446555480501194,0.2489415749364945,YEL050C,non_ess,non_ess
0.005780346820809247,0.002506698936813899,0.027027027027027032,0.11238250919493258,0.001176470588235294,0.022779922779922777,0.8494117647058823,YNR023W,non_ess,non_ess
0.01445086705202312,0.005704901028610943,0.054054054054054064,0.019615856150388238,0.014792899408284025,0.24543774543774546,0.33136094674556216,YGR139W,non_ess,non_ess
0.01445086705202312,0.003976143141153081,0.027027027027027032,0.10237024928483858,0.003219575016097875,0.10401945125061672,0.6877012234385061,YPL272C,non_ess,non_ess
0.07514450867052022,0.031722707234851766,0.10810810810810813,0.08071107478545159,0.021052631578947368,0.3842386715451731,0.16356275303643725,YHL003C,non_ess,non_ess
0.14739884393063582,0.038205549312818735,0.08108108108108109,0.13690232938291788,0.02475728155339806,0.5032911615272398,0.09854368932038833,YOL011W,non_ess,non_ess
0.0028901734104046237,0.0013830063099662892,0.0,0.03555373927257867,0.0017482517482517485,0.04431614896731177,1.0,YNL174W,non_ess,non_ess
0.0,0.0,0.0,0.012464241928892523,0.0,0.0,1.0,YHR213W-A,non_ess,non_ess
0.011560693641618495,0.001901633676203648,0.054054054054054064,0.010625255414793628,0.019417475728155338,0.6059717897050741,0.9708737864077672,YMR174C,non_ess,non_ess
0.031791907514450865,0.009681044169764024,0.1891891891891892,0.08009807928075195,0.00897226753670473,0.19711381603714392,0.3091353996737357,YJR125C,non_ess,non_ess
0.05202312138728323,0.027660126199325785,0.0,0.25766244380874537,0.004696060527002347,0.14518182303961474,0.498043308113749,YEL077C,non_ess,non_ess
0.0,0.0,0.0,0.002860645688598284,0.0,0.0,1.0,YKL145W-A,non_ess,non_ess
0.03468208092485549,0.01884346097329069,0.054054054054054064,0.11197384552513284,0.007083825265643448,0.282914189591583,0.269185360094451,YPR111W,non_ess,non_ess
0.1445086705202312,0.2608695652173913,0.054054054054054064,0.023498161013485903,0.12658227848101267,2.1976513649534852,0.1518987341772152,YJL077C,non_ess,non_ess
0.031791907514450865,0.006828593655458553,0.0,0.034463969486445985,0.019784172661870502,0.3018499486125385,0.3237410071942446,YPR153W,non_ess,non_ess
0.04046242774566474,0.02048578096637566,0.2432432432432433,0.01736820596648958,0.045901639344262286,1.5037100949094049,0.9704918032786886,YOR121C,non_ess,non_ess
0.1184971098265896,0.030339700924885468,0.0,0.0704944830404577,0.03778801843317972,1.308301966440356,0.1271889400921659,YCR105W,non_ess,non_ess
0.049132947976878616,0.01581813467023943,0.10810810810810813,0.0670208418471598,0.016441005802707933,0.2970868210113773,0.3239845261121857,YBR128C,non_ess,non_ess
0.02023121387283237,0.005791338922983836,0.027027027027027032,0.10870453616673477,0.0042527339003645215,0.1480808063148509,0.23147023086269744,YKL140W,non_ess,non_ess
0.01445086705202312,0.0013830063099662892,0.027027027027027032,0.06354720065386188,0.00508646998982706,0.197343274981036,0.3987792472024415,YNR062C,non_ess,non_ess
0.017341040462427744,0.01236061889532371,0.027027027027027032,0.014303228442991419,0.02307692307692308,0.514317617866005,0.3076923076923077,YLR327C,non_ess,non_ess
0.06358381502890173,0.014694442043391822,0.054054054054054064,0.07805476093175318,0.01839464882943144,0.3803312629399586,0.1362876254180602,YEL037C,non_ess,non_ess
0.017341040462427744,0.003803267352407295,0.054054054054054064,0.037188393951777685,0.010067114093959731,0.2127961923024244,0.30033557046979864,YAL008W,non_ess,non_ess
0.011560693641618495,0.0015558820987120756,0.027027027027027032,0.0659991826726604,0.003925417075564278,0.1211140379571762,0.81648675171737,YPL031C,non_ess,non_ess
0.01445086705202312,0.002333823148068113,0.027027027027027032,0.11687780956272988,0.002831257078142695,0.0858934870267112,0.7383918459796149,YDR243C,ess,ess
0.04335260115606936,0.01236061889532371,0.08108108108108109,0.11565181855333062,0.008581235697940505,0.2150995285489785,0.40045766590389015,YLR133W,non_ess,non_ess
0.04046242774566474,0.013657187310917106,0.027027027027027032,0.058643236616264825,0.015367727771679471,0.3574966928424667,0.3205268935236004,YOL056W,non_ess,non_ess
0.03757225433526011,0.006915031549831446,0.027027027027027032,0.052717613404168376,0.015776699029126214,0.3856987736331121,0.15776699029126215,YDR503C,non_ess,non_ess
0.011560693641618495,0.00224738525369522,0.0,0.06579485083776053,0.003937007874015748,0.10470102128323068,0.4616141732283465,YKL193C,ess,ess
0.02890173410404624,0.0044083326130175465,0.0,0.10829587249693504,0.006097560975609756,0.13471620697515388,0.2390243902439025,YNL154C,non_ess,non_ess
0.05780346820809248,0.0112369262684761,0.054054054054054064,0.1285247241520229,0.010325245224574084,0.3053110788893198,0.17449664429530198,YJL106W,non_ess,non_ess
0.10404624277456646,0.016682513613968362,0.027027027027027032,0.3398038414384961,0.0071442746576701735,0.27562866781957873,0.2677118475888073,YIL149C,non_ess,non_ess
0.01445086705202312,0.0014694442043391822,0.0,0.1917994823593516,0.0017445917655268667,0.03890097560308143,0.3831123517096999,YHL050C,non_ess,ess
0.01445086705202312,0.002506698936813899,0.32432432432432434,0.020841847159787496,0.01404494382022472,0.5894975031210986,0.3146067415730337,YDL157C,non_ess,non_ess
0.01445086705202312,0.0013830063099662892,0.13513513513513514,0.049856967715570084,0.00639386189258312,0.14313116550968213,0.39130434782608703,YLR201C,non_ess,non_ess
0.09826589595375723,0.01521306940962918,0.13513513513513514,0.051287290559869234,0.04234122042341221,1.0267340385432024,0.1145703611457036,YEL021W,non_ess,non_ess
0.1791907514450867,0.2512749589420001,0.32432432432432434,0.05986922762566409,0.06673842841765339,1.8040904198062435,0.08934337997847147,YMR056C,non_ess,non_ess
0.01445086705202312,0.0029388884086783643,0.0,0.04781364936657132,0.006648936170212766,0.1903133931406796,0.2672872340425532,YLL027W,non_ess,non_ess
0.01445086705202312,0.0028524505143054713,0.0,0.1309767061708214,0.002534211860111505,0.12605660284812711,0.329954384186518,YPL023C,non_ess,ess
0.0,0.0,0.08108108108108109,0.030241111565181864,0.0,0.0,1.0,YKR020W,non_ess,non_ess
0.005780346820809247,0.00017287578874578615,0.0,0.04658765835717205,0.0027247956403269754,0.07375027441662255,0.7411444141689373,YBR153W,ess,ess
0.0,0.0,0.0,0.12791172864732325,0.0,0.0,1.0,YDR311W,ess,ess
0.026011560693641616,0.003803267352407295,0.027027027027027032,0.09807928075194117,0.006040268456375839,0.2515214699941357,0.3805369127516777,YPL100W,non_ess,non_ess
0.04335260115606936,0.013397873627798429,0.054054054054054064,0.1493665713118104,0.006687472135532769,0.15209110605314002,0.4694605439144003,YBL067C,non_ess,non_ess
0.0,0.0,0.0,0.004290968532897425,0.0,0.0,1.0,YDL114W-A,non_ess,non_ess
0.026011560693641616,0.016250324142103898,0.10810810810810813,0.009807928075194115,0.04639175257731959,1.0795442213781878,0.5154639175257731,YNL146C-A,non_ess,non_ess
0.04046242774566474,0.0042354568242717605,0.08108108108108109,0.203310175725378,0.004612850082372322,0.1401813448696505,0.25436573311367383,YDR495C,non_ess,non_ess
0.011560693641618495,0.0019880715705765406,0.027027027027027032,0.1203514507560278,0.002201430930104568,0.05568910114154847,0.5008255365987893,YIL072W,non_ess,ess
0.07514450867052022,0.01737401676895151,0.08108108108108109,0.07376379239885575,0.022947925860547214,0.4771749119662242,0.17652250661959398,YDL188C,non_ess,non_ess
0.0,0.0,0.0,0.017572537801389457,0.0,0.0,1.0,YLR465C,non_ess,non_ess
0.023121387283236997,0.003457515774915723,0.0,0.1240294237842256,0.00427578834847675,0.09088722608230893,0.398717263495457,YJL085W,ess,ess
0.08670520231213873,0.015299507304002076,0.0,0.08214139762975071,0.02388535031847134,0.5438024466686887,0.1035031847133758,YML083C,non_ess,non_ess
0.0,0.0,0.0,0.020024519820187988,0.0,0.0,1.0,YLR161W,non_ess,non_ess
0.017341040462427744,0.001901633676203648,0.0,0.17225173682059666,0.0023264831329972853,0.11714665068678252,0.3947266382318728,YDR416W,ess,ess
0.04046242774566474,0.009248854697899558,0.027027027027027032,0.0615038823048631,0.014690451206715634,0.6633614755913243,0.2497376705141658,YDL218W,non_ess,non_ess
0.017341040462427744,0.009248854697899558,0.10810810810810813,0.04495300367797303,0.008450704225352112,0.44504481434058896,0.2676056338028169,YIR042C,non_ess,non_ess
0.02890173410404624,0.01434869046590025,0.0,0.028606456885982838,0.02127659574468085,0.6610942249240122,0.3170212765957447,YGL199C,non_ess,non_ess
0.01445086705202312,0.00449477050739044,0.10810810810810813,0.022680833673886392,0.013054830287206266,0.3997911227154047,0.5117493472584856,YIR030W-A,non_ess,non_ess
0.15317919075144507,0.0424410061370905,0.16216216216216214,0.18492031058438907,0.019168173598553342,0.5502693239967681,0.08426763110307414,YIL017C,non_ess,non_ess
0.023121387283236997,0.012447056789696605,0.2702702702702703,0.027652908323116742,0.017543859649122806,0.4140675763482781,0.5219298245614035,YBR255C-A,non_ess,non_ess
0.05780346820809248,0.02091797043824012,0.054054054054054064,0.10420923579893747,0.012658227848101266,0.2587577274065352,0.15379746835443034,YOR360C,non_ess,non_ess
0.03757225433526011,0.005186273662373585,0.027027027027027032,0.11095218635063343,0.007742703990470519,0.36343061346039307,0.2394282310899345,YDL106C,non_ess,non_ess
0.0028901734104046237,0.0002593136831186792,0.0,0.06763383735185942,0.0009587727708533076,0.02691305129434324,0.7622243528283796,YLR100W,ess,ess
0.0028901734104046237,0.0002593136831186792,0.0,0.006129955046996323,0.0071428571428571435,0.15872388481084135,1.0,YGL188C-A,non_ess,non_ess
0.05202312138728323,0.01348431152217132,0.0,0.05782590927666531,0.02002224694104561,0.6086555585653605,0.2513904338153504,YPR066W,non_ess,non_ess
0.008670520231213872,0.003976143141153081,0.1891891891891892,0.01838986514098897,0.009375,0.3167857142857143,0.5125,YBL028C,non_ess,non_ess
0.0722543352601156,0.015472383092747859,0.0,0.12729873314262366,0.013027618551328815,0.5613567429617455,0.2256383533090151,YKR056W,non_ess,non_ess
0.07803468208092486,0.02109084622698591,0.027027027027027032,0.08091540662035146,0.02180936995153473,0.5657239434880587,0.26252019386106623,YLL057C,non_ess,non_ess
0.0028901734104046237,0.0008643789437289308,0.027027027027027032,0.002451982018798529,0.011627906976744186,0.3684424012979989,0.9186046511627908,YLR149C-A,non_ess,non_ess
0.03468208092485549,0.020831532543867232,0.054054054054054064,0.030854107069881488,0.02385685884691849,0.4595821298623354,0.2902584493041749,YKL026C,non_ess,non_ess
0.04046242774566474,0.007001469444204339,0.0,0.05762157744176542,0.015625,0.5806159420289855,0.4118303571428572,YNL196C,non_ess,non_ess
0.023121387283236997,0.007779410493560376,0.0,0.02227217000408664,0.02122015915119364,0.7734382145797127,1.0,YLR122C,non_ess,non_ess
0.017341040462427744,0.006137090500475408,0.08108108108108109,0.027380465876583573,0.01327433628318584,0.5389933628318584,1.0,YMR159C,non_ess,non_ess
0.08092485549132948,0.017892644135188866,0.13513513513513514,0.22517368205966493,0.00834326579261025,0.2621097882712164,0.17759237187127533,YIL151C,non_ess,non_ess
0.008670520231213872,0.0019880715705765406,0.10810810810810813,0.033101757253780145,0.005597014925373134,0.08562450903377848,0.5914179104477612,YML055W,non_ess,non_ess
0.07803468208092486,0.010286109430374276,0.10810810810810813,0.11708214139762975,0.01526286037309214,0.3689696081639939,0.22385528547201808,YOR027W,non_ess,non_ess
0.05202312138728323,0.011582677845967672,0.054054054054054064,0.14875357580711074,0.008057296329453895,0.2201620883004288,0.2376902417188899,YER015W,non_ess,non_ess
0.03757225433526011,0.010026795747255596,0.0,0.07662443808745402,0.011063829787234044,0.3643026004728132,0.27574468085106385,YER048C,non_ess,non_ess
0.11560693641618495,0.029821073558648114,0.0,0.33346955455659993,0.008087343307723413,0.14459406427171564,1.0,YOR093C,non_ess,non_ess
0.01445086705202312,0.0005186273662373584,0.13513513513513514,0.06620351450756028,0.004892367906066536,0.11666073652375022,0.6487279843444227,YJR105W,non_ess,non_ess
0.08092485549132948,0.014694442043391822,0.027027027027027032,0.10890886800163466,0.01697998787143723,0.36651361575558056,0.12977562158884173,YJR131W,non_ess,non_ess
0.09826589595375723,0.020140029388884085,0.08108108108108109,0.12341642827952595,0.01825993555316864,0.4150914303485513,0.10472610096670247,YHL047C,non_ess,non_ess
0.0028901734104046237,0.00017287578874578615,0.0,0.035349407437678795,0.0017574692442882249,0.06991798476859988,0.9718804920913884,YDR339C,ess,ess
0.0,0.0,0.0,0.027380465876583573,0.0,0.0,1.0,YJL220W,non_ess,non_ess
0.02023121387283237,0.0076929725991874845,0.027027027027027032,0.09746628524724152,0.004726536124240378,0.1894072890762669,0.4064821066846725,YER122C,non_ess,non_ess
0.05202312138728323,0.012619932578442388,0.2432432432432433,0.06007355946056396,0.019313304721030045,0.4352047851164236,0.21888412017167386,YJL196C,non_ess,non_ess
0.026011560693641616,0.010718298902238741,0.054054054054054064,0.01982018798528811,0.026392961876832845,0.5455784560736855,0.2521994134897361,YEL039C,non_ess,non_ess
0.023121387283236997,0.003803267352407295,0.21621621621621626,0.02451982018798529,0.01951219512195122,0.793049577554599,0.2,YBR010W,non_ess,non_ess
0.017341040462427744,0.0025931368311867924,0.054054054054054064,0.11115651818553332,0.0035671819262782407,0.09296881144829436,0.32282996432818073,YJL105W,non_ess,non_ess
0.005780346820809247,0.0005186273662373584,0.0,0.011646914589293013,0.00904977375565611,0.2728662817912311,1.0,YJL026C-A,non_ess,non_ess
0.06936416184971098,0.015385945198374969,0.21621621621621626,0.0960359624029424,0.01643835616438356,0.4063463504395829,0.1267123287671233,YGL253W,non_ess,non_ess
0.03757225433526011,0.012101305212205031,0.13513513513513514,0.03821005312627708,0.02127659574468085,0.550644869793806,0.2111292962356792,YER128W,non_ess,non_ess
0.005780346820809247,0.0002593136831186792,0.0,0.024315488353085408,0.004914004914004914,0.14558656349701124,0.7149877149877151,YOR263C,non_ess,non_ess
0.07514450867052022,0.013657187310917106,0.0,0.19391091131998367,0.008974801518812565,0.26439280150015393,0.2040041422160856,YLR067C,non_ess,non_ess
0.017341040462427744,0.002074509464949433,0.054054054054054064,0.03698406211687781,0.010118043844856659,0.2552552051157898,0.41652613827993257,YLR251W,non_ess,non_ess
0.017341040462427744,0.003976143141153081,0.2702702702702703,0.0022476501838986514,0.07228915662650602,2.217746900008794,0.2891566265060241,YHL015W-A,non_ess,non_ess
0.07514450867052022,0.02299247990318956,0.08108108108108109,0.13445034736411934,0.012845849802371542,0.35154385003717764,1.0,YDR452W,non_ess,non_ess
0.031791907514450865,0.006396404183594088,0.027027027027027032,0.05986922762566409,0.011840688912809472,0.2280890601099088,0.2874058127018299,YOR101W,non_ess,non_ess
0.011560693641618495,0.002333823148068113,0.027027027027027032,0.1953412341642828,0.0013708019191226864,0.02857181254955718,0.5366689513365319,YOR160W,ess,ess
0.005780346820809247,0.0003457515774915723,0.0,0.017981201471189208,0.006369426751592357,0.20373893622301267,0.5509554140127388,YAL016C-A,non_ess,non_ess
0.03757225433526011,0.011582677845967672,0.0,0.07968941561095219,0.01065573770491803,0.2374649379791809,0.17131147540983607,YGR179C,ess,non_ess
0.02023121387283237,0.0035439536692886157,0.13513513513513514,0.015120555782590932,0.025735294117647058,0.9253008021390372,0.2757352941176471,YOL159C-A,non_ess,non_ess
0.0028901734104046237,0.0010372547324747168,0.0,0.007764609726195342,0.006097560975609756,0.18553541150384767,0.8841463414634146,YBR200W-A,non_ess,non_ess
0.05780346820809248,0.012101305212205031,0.10810810810810813,0.04597466285247242,0.027586206896551724,0.8681541582150102,0.12413793103448276,YNL010W,non_ess,non_ess
0.02023121387283237,0.0013830063099662892,0.08108108108108109,0.05169595422966899,0.00865265760197775,0.207731646428658,0.3201483312731768,YHR134W,non_ess,non_ess
0.026011560693641616,0.002420261042441006,0.027027027027027032,0.05496526358806703,0.010501750291715286,0.3029080265705364,0.2777129521586931,YLR404W,non_ess,non_ess
0.017341040462427744,0.00786584838793327,0.0,0.09215365753984472,0.004276550249465432,0.7340791471691097,0.7277263007840342,YHR215W,non_ess,non_ess
0.0838150289017341,0.014953755726510504,0.054054054054054064,0.10482223130363713,0.018250471994965392,0.5493166756015508,0.15166771554436753,YBR239C,non_ess,non_ess
0.02890173410404624,0.009767482064136915,0.027027027027027032,0.07355946056395588,0.008849557522123894,0.1826045266585429,0.5300884955752212,YLR332W,non_ess,non_ess
0.0,0.0,0.0,0.07539844707805476,0.0,0.0,1.0,YBR155W,ess,ess
0.12716763005780346,0.08911746909845276,0.027027027027027032,0.04515733551287291,0.06171107994389901,2.43873045556075,0.13043478260869565,YNR057C,non_ess,non_ess
0.0028901734104046237,0.0002593136831186792,0.054054054054054064,0.002860645688598284,0.010869565217391304,0.3910670210746155,1.0,YLL019W-A,non_ess,non_ess
0.04335260115606936,0.006137090500475408,0.13513513513513514,0.01982018798528811,0.04398826979472141,1.0153292455345242,0.18181818181818185,YOR082C,non_ess,non_ess
0.06358381502890173,0.03811911141844585,0.08108108108108109,0.12709440130772376,0.011482254697286013,0.4397703549060543,0.2364300626304801,YDL070W,non_ess,non_ess
0.0953757225433526,0.020572218860748552,0.027027027027027032,0.12443808745402535,0.017581246670218438,0.2021087726100755,0.21417155034629728,YHL027W,non_ess,non_ess
0.01445086705202312,0.0018151957818307548,0.0,0.2082822503746084,0.0016087516087516086,0.038916128517898434,0.5041827541827542,YPL075W,ess,ess
0.026011560693641616,0.01659607571959547,0.0,0.0190028606456886,0.02735562310030395,0.4983852583586626,0.3738601823708207,YOR225W,non_ess,non_ess
0.06936416184971098,0.014262252571527356,0.054054054054054064,0.1465059256232121,0.010904134484325308,0.4686101967036734,0.18309859154929573,YFR022W,non_ess,non_ess
0.02890173410404624,0.006396404183594088,0.1891891891891892,0.031467102574581116,0.01953125,0.3481770833333333,0.37109375,YDL177C,non_ess,non_ess
0.0,0.0,0.0,0.23661626481405806,0.0,0.0,1.0,YJR041C,ess,non_ess
0.0,0.0,0.0,0.24969350224765025,0.0,0.0,1.0,YLL066C,non_ess,non_ess
0.049132947976878616,0.010113233641628491,0.054054054054054064,0.03575807110747855,0.02956521739130435,1.2848015122873344,0.2591304347826087,YLR011W,non_ess,non_ess
0.04335260115606936,0.0067421557610856594,0.10810810810810813,0.041683694319574985,0.02265861027190332,0.5319143945506746,0.1933534743202417,YIL007C,non_ess,non_ess
0.0,0.0,0.0,0.05741724560686556,0.0,0.0,1.0,YLR208W,ess,ess
0.026011560693641616,0.0033710778805428297,0.13513513513513514,0.033101757253780145,0.016791044776119403,0.9673507462686568,0.24253731343283585,YOR252W,non_ess,non_ess
0.017341040462427744,0.001901633676203648,0.0,0.21965672251736826,0.0018320610687022894,0.06446765769385296,0.8030534351145038,YDR038C,non_ess,ess
0.05780346820809248,0.011669115740340566,0.2702702702702703,0.13996730690641604,0.009501187648456056,0.2673241763916142,0.2959619952494062,YLR266C,non_ess,non_ess
0.05491329479768786,0.00898954101478088,0.0,0.0976706170821414,0.012803234501347708,0.4863095238095238,0.21765498652291104,YNL083W,non_ess,non_ess
0.10693641618497107,0.0236839830581727,0.054054054054054064,0.23906824683285655,0.010393258426966293,0.19253629880457648,0.11095505617977527,YOR086C,non_ess,non_ess
0.03468208092485549,0.007952286282306162,0.0,0.1121781773600327,0.007071302298173247,0.14739245727754866,0.22392457277548616,YDR117C,non_ess,non_ess
0.0028901734104046237,0.0004321894718644654,0.0,0.023293829178586026,0.0025510204081632647,0.12651360544217685,0.5867346938775511,YOR139C,non_ess,non_ess
0.031791907514450865,0.0087302273316622,0.10810810810810813,0.12545974662852474,0.005813953488372093,0.16525504832998375,0.4788583509513742,YIL014W,non_ess,non_ess
0.0838150289017341,0.017114703085832832,0.027027027027027032,0.18022067838169187,0.010756676557863502,0.459341267793403,0.129080118694362,YDR466W,non_ess,non_ess
0.06936416184971098,0.013830063099662893,0.21621621621621626,0.05782590927666531,0.02669632925472748,0.5200222469410456,1.0,YGL162W,non_ess,non_ess
0.08959537572254335,0.058259140807329926,0.16216216216216214,0.021863506334286884,0.08355795148247977,3.278683178099011,1.0,YNL285W,non_ess,non_ess
0.02890173410404624,0.0030253263030512573,0.0,0.11483449121373113,0.00576036866359447,0.14812111962303853,0.619815668202765,YEL013W,non_ess,non_ess
0.04624277456647399,0.010631861007865848,0.0,0.08357172047404986,0.012529365700861394,0.2469983396988225,0.5959279561472199,YGR156W,ess,non_ess
0.0028901734104046237,8.643789437289306e-05,0.027027027027027032,0.03759705762157745,0.0016611295681063125,0.03829481052463269,0.8837209302325582,YEL034C-A,non_ess,non_ess
0.04046242774566474,0.006223528394848302,0.027027027027027032,0.16244380874540254,0.0057494866529774116,0.14058516348930047,0.34661190965092403,YLR176C,non_ess,non_ess
0.026011560693641616,0.004149018929898867,0.2432432432432433,0.03841438496117695,0.01465798045602606,0.4232994826595133,0.4543973941368078,YMR121C,non_ess,non_ess
0.0722543352601156,0.012706370472815282,0.0,0.0995096035962403,0.01654533421575116,0.750909261287432,0.3037723362011913,YNL283C,non_ess,non_ess
0.04046242774566474,0.007001469444204339,0.054054054054054064,0.18083367388639152,0.005175600739371534,0.1991168617785993,0.2454713493530499,YPL150W,non_ess,non_ess
0.17630057803468208,0.14158527098279886,0.3783783783783784,0.12566407846342462,0.032189973614775734,0.636631116826678,0.07862796833773088,YCR061W,non_ess,non_ess
0.01445086705202312,0.003284639986169937,0.0,0.06232120964446261,0.0051813471502590676,0.15795706883789784,0.6196891191709845,YDR460W,ess,ess
0.011560693641618495,0.002506698936813899,0.0,0.0063342868818962,0.02797202797202797,0.7222570532915358,0.4755244755244755,YMR247W-A,non_ess,non_ess
0.0,0.0,0.0,0.0570085819370658,0.0,0.0,1.0,YHR088W,ess,ess
0.008670520231213872,0.00112369262684761,0.0,0.2061708214139763,0.0009749756256093598,0.032020985189655966,0.8836529086772831,YDR060W,ess,ess
0.011560693641618495,0.0042354568242717605,0.054054054054054064,0.03575807110747855,0.006956521739130435,0.1588985507246377,0.40869565217391307,YGL147C,non_ess,non_ess
0.02023121387283237,0.00449477050739044,0.054054054054054064,0.11789946873722927,0.0039303761931499155,0.11096255440329318,0.2953396967995508,YGR065C,ess,non_ess
0.04046242774566474,0.01849770939579912,0.08108108108108109,0.02308949734368615,0.03598971722365039,0.7574041775845395,0.2313624678663239,YLR297W,non_ess,non_ess
0.0028901734104046237,8.643789437289306e-05,0.054054054054054064,0.009807928075194115,0.005154639175257732,0.13502738402061853,1.0,YMR307C-A,non_ess,non_ess
0.0028901734104046237,0.0002593136831186792,0.10810810810810813,0.029628116060482226,0.002061855670103093,0.04948453608247423,0.8948453608247423,YPL073C,non_ess,non_ess
0.04335260115606936,0.0060506526061025155,0.027027027027027032,0.10972619534123418,0.009030704394942806,0.2299868734023549,0.20891029500301025,YLR433C,non_ess,non_ess
0.023121387283236997,0.00449477050739044,0.0,0.07539844707805476,0.006914433880726016,0.24455502689106035,0.3509075194468453,YPL255W,ess,non_ess
0.01445086705202312,0.0033710778805428297,0.08108108108108109,0.07744176542705354,0.0042122999157540005,0.17704961645900766,0.5130581297388374,YKR059W,non_ess,non_ess
0.13005780346820808,0.02644999567810528,0.08108108108108109,0.12259910093992644,0.024324324324324333,0.5696778970751574,0.16864864864864865,YKL217W,non_ess,non_ess
0.023121387283236997,0.003457515774915723,0.027027027027027032,0.054352268083367385,0.009433962264150943,0.4456424079065589,0.31014150943396224,YHR090C,non_ess,non_ess
0.011560693641618495,0.002074509464949433,0.08108108108108109,0.025132815692684926,0.00954653937947494,0.2577565632458234,0.4081145584725537,YNL266W,non_ess,non_ess
0.005780346820809247,0.0002593136831186792,0.0,0.018798528810788726,0.006134969325153374,0.1209601895915754,0.8711656441717791,YLR261C,non_ess,non_ess
0.02890173410404624,0.012533494684069495,0.13513513513513514,0.020433183489987745,0.028571428571428567,0.5139941690962099,0.7885714285714286,YJR120W,non_ess,non_ess
0.0838150289017341,0.015385945198374969,0.10810810810810813,0.18246832856559053,0.010626603151337486,0.3871699543992509,0.11652620007328693,YGL036W,non_ess,non_ess
0.02023121387283237,0.0047540841905091185,0.027027027027027032,0.07498978340825503,0.006081668114682885,0.1773175374015056,0.4317984361424848,YOL044W,non_ess,non_ess
0.02023121387283237,0.0060506526061025155,0.027027027027027032,0.060277891295463834,0.007486631016042781,0.287278356318604,0.4823529411764706,YJL117W,non_ess,non_ess
0.05780346820809248,0.015385945198374969,0.027027027027027032,0.0995096035962403,0.013236267372600929,0.4085573863486656,0.2812706816677697,YDR539W,non_ess,non_ess
0.09248554913294796,0.060679401849770935,0.027027027027027032,0.019615856150388238,0.09467455621301776,2.7076361210120625,0.3372781065088757,YEL074W,non_ess,non_ess
0.02023121387283237,0.005532025239865157,0.054054054054054064,0.04577033101757255,0.00969529085872576,0.26642397244890315,0.278393351800554,YNL129W,non_ess,non_ess
0.4017341040462428,0.1374362520529,0.08108108108108109,0.3036371066612178,0.0308340727595386,1.0184934719229306,1.0,YLR256W,non_ess,non_ess
0.0838150289017341,0.011064050479730312,0.13513513513513514,0.15161422149570905,0.012741652021089631,0.2962179261862917,0.12082601054481547,YJL206C,non_ess,non_ess
0.0722543352601156,0.016768951508341255,0.2432432432432433,0.06947282386595832,0.02336448598130841,0.669936152493754,0.17383177570093458,YLR070C,non_ess,non_ess
0.031791907514450865,0.005964214711729622,0.054054054054054064,0.061708214139762976,0.011506276150627616,0.4405260011954573,0.252092050209205,YER099C,non_ess,non_ess
0.05780346820809248,0.01236061889532371,0.027027027027027032,0.12382509194932573,0.010706638115631693,0.3835625510496921,0.18683083511777301,YMR278W,non_ess,non_ess
0.0,0.0,0.0,0.02145484266448713,0.0,0.0,1.0,YHL015W,ess,non_ess
0.02890173410404624,0.007001469444204339,0.027027027027027032,0.2061708214139763,0.0032499187520311987,0.07487387220081403,0.3412414689632759,YGR047C,ess,ess
0.02890173410404624,0.008038724176679056,0.16216216216216214,0.0443400081732734,0.014265335235378032,0.2932127941151196,0.3095577746077033,YPL002C,non_ess,non_ess
0.0028901734104046237,0.0004321894718644654,0.0,0.0443400081732734,0.0014265335235378036,0.02699748023517805,1.0,YOR332W,non_ess,ess
0.031791907514450865,0.006137090500475408,0.0,0.0715161422149571,0.01,0.25120000000000003,0.2490909090909091,YKL043W,non_ess,non_ess
0.05780346820809248,0.015126631515256287,0.2702702702702703,0.08581937065794852,0.015267175572519085,0.6433271913661489,0.27938931297709924,YNR066C,non_ess,non_ess
0.005780346820809247,0.0007779410493560378,0.13513513513513514,0.022067838169186758,0.0053475935828877,0.14458067040563452,0.46524064171123,YBL053W,non_ess,non_ess
0.02890173410404624,0.009162416803526663,0.054054054054054064,0.08827135267674703,0.007429420505200594,0.16547345670674052,0.2340267459138187,YJR124C,non_ess,non_ess
0.005780346820809247,0.0007779410493560378,0.0,0.02554147936248468,0.004705882352941176,0.25095402867029165,0.4988235294117647,YLR013W,non_ess,non_ess
0.14161849710982655,0.024461924107528742,0.0,0.230077646097262,0.014294049008168028,0.37392492858005066,0.0910151691948658,YER129W,non_ess,non_ess
0.0028901734104046237,0.0002593136831186792,0.0,0.005108295872496936,0.008,0.3998666666666667,1.0,YCR038W-A,non_ess,non_ess
0.06647398843930635,0.011409802057221884,0.2432432432432433,0.1781773600326931,0.0086271567891973,0.4053597858924191,0.1399099774943736,YPR089W,non_ess,non_ess
0.049132947976878616,0.012187743106577923,0.054054054054054064,0.09256232120964447,0.0120652945351313,0.3136976579134137,0.22498225691980128,YPR047W,non_ess,non_ess
0.09248554913294796,0.015126631515256287,0.0,0.2180220678381692,0.009843125192248541,0.3182029763476453,0.2556136573362042,YPR115W,non_ess,non_ess
0.02023121387283237,0.0027660126199325783,0.0,0.07928075194115244,0.005766062602965404,0.10098655223937784,0.3962108731466227,YBR063C,non_ess,non_ess
0.005780346820809247,0.0007779410493560378,0.16216216216216214,0.012872905598692277,0.008368200836820083,0.20623991038777054,0.3849372384937239,YDR379C-A,non_ess,non_ess
0.005780346820809247,0.0004321894718644654,0.027027027027027032,0.04781364936657132,0.002659574468085107,0.07212308396247998,0.9680851063829788,YLR052W,non_ess,non_ess
0.07514450867052022,0.05229492609560031,0.054054054054054064,0.021046178994687373,0.07242339832869081,1.6212045191093272,0.1532033426183844,YCL042W,non_ess,non_ess
0.02023121387283237,0.004667646296136226,0.0,0.08173273395995098,0.0056,0.20257614678899089,0.3624,YIL033C,non_ess,non_ess
0.017341040462427744,0.004062581035525975,0.4864864864864865,0.03248876174908051,0.011385199240986715,0.2633381798467188,0.6053130929791272,YJL122W,non_ess,non_ess
0.02023121387283237,0.003284639986169937,0.0,0.09562729873314264,0.004814305364511692,0.1602971114167813,0.2916093535075653,YOR119C,ess,ess
0.005780346820809247,0.0002593136831186792,0.0,0.0768287699223539,0.001697792869269949,0.047847860674205295,0.6910016977928692,YKL080W,non_ess,ess
0.02890173410404624,0.006655717866712767,0.16216216216216214,0.022476501838986515,0.02631578947368421,0.6595459236326109,1.0,YGL121C,non_ess,non_ess
0.08959537572254335,0.02221453885383352,0.08108108108108109,0.3255006129955047,0.006419548560778629,0.2069976882863313,0.3377510871816111,YCR089W,non_ess,non_ess
0.15606936416184972,0.037946235629700065,0.10810810810810813,0.12872905598692275,0.027835051546391758,1.2893553595826606,0.11030927835051546,YFL054C,non_ess,non_ess
0.0953757225433526,0.027919439882444462,0.08108108108108109,0.15038823048630978,0.01461470327723649,0.5050031132431223,0.21567759078830825,YFR009W,non_ess,non_ess
0.16184971098265896,0.06543348604028006,0.027027027027027032,0.11279117286473235,0.032825322391559206,0.8178327953195579,0.20984759671746767,YGR241C,non_ess,non_ess
0.02890173410404624,0.008903103120407986,0.10810810810810813,0.08663669799754803,0.007564296520423602,0.3362989076878236,0.20121028744326772,YDL216C,non_ess,non_ess
0.06647398843930635,0.011669115740340566,0.054054054054054064,0.10380057212913772,0.014612452350698857,0.6189350836442509,0.1238881829733164,YHR016C,non_ess,non_ess
0.02023121387283237,0.006655717866712767,0.21621621621621626,0.05557825909276666,0.008083140877598153,0.2186327944572748,0.4618937644341801,YGL221C,non_ess,non_ess
0.10693641618497107,0.03016682513613968,0.1891891891891892,0.08418471597874949,0.02877138413685848,0.564161218398788,0.18895800933125967,YDL182W,non_ess,non_ess
0.0722543352601156,0.02135015991010459,0.027027027027027032,0.06640784634246016,0.024390243902439025,0.4256787850897377,0.29853658536585365,YOL007C,non_ess,non_ess
0.04624277456647399,0.011928429423459244,0.027027027027027032,0.09215365753984472,0.011404133998574484,0.2644360879669455,0.428367783321454,YBR092C,non_ess,non_ess
0.01445086705202312,0.0016423199930849686,0.027027027027027032,0.02881078872088272,0.010570824524312895,0.3789576912300364,0.3382663847780127,YHR182C-A,non_ess,non_ess
0.017341040462427744,0.010545423113492956,0.027027027027027032,0.08459337964854925,0.004643962848297214,0.14689737696822353,0.3328173374613003,YMR173W,non_ess,non_ess
0.0028901734104046237,0.0015558820987120756,0.0,0.021250510829587253,0.0027624309392265192,0.1228863217813494,0.9585635359116024,YDR542W,non_ess,non_ess
0.08092485549132948,0.03846486299593742,0.08108108108108109,0.02063751532488762,0.07932011331444759,2.0804953560371517,0.7025495750708215,YHL006W-A,non_ess,non_ess
0.0028901734104046237,0.0008643789437289308,0.0,0.014507560277891298,0.0038022813688212928,0.21138307984790874,1.0,YPL119C-A,non_ess,non_ess
0.02890173410404624,0.0042354568242717605,0.054054054054054064,0.07335512872905599,0.008873114463176575,0.1588675384622844,0.36645962732919257,YMR083W,non_ess,non_ess
0.0,0.0,0.0,0.037188393951777685,0.0,0.0,1.0,YHR213W,non_ess,ess
0.3786127167630058,0.26190681994986603,0.13513513513513514,0.0723334695545566,0.11780575539568346,2.881982967842594,0.06654676258992806,YGL063W,non_ess,non_ess
0.008670520231213872,0.0010372547324747168,0.13513513513513514,0.05762157744176542,0.003348214285714285,0.07086711218229623,0.5290178571428571,YIL044C,non_ess,non_ess
0.01445086705202312,0.0030253263030512573,0.1891891891891892,0.03841438496117695,0.008143322475570033,0.29810706164341466,0.4218241042345277,YOR383C,non_ess,non_ess
0.03757225433526011,0.007087907338577231,0.027027027027027032,0.18348998774008995,0.0047376093294460644,0.13154812358535384,0.2879008746355685,YGL049C,non_ess,non_ess
0.01445086705202312,0.002160947359322327,0.027027027027027032,0.15897016755210466,0.0020973154362416107,0.06606821782706995,0.2898489932885906,YER184C,non_ess,ess
0.03757225433526011,0.003803267352407295,0.0,0.3539027380465877,0.002478078536027449,0.07263333640080455,0.2689668318719024,YNL172W,ess,ess
0.008670520231213872,0.0006915031549831446,0.027027027027027032,0.07519411524315489,0.002599653379549393,0.09719208307239707,0.8188908145580589,YBR234C,ess,ess
0.060693641618497114,0.014175814677154463,0.0,0.20698814875357585,0.006798316607316285,0.24136618733303844,0.2502427970216899,YFL025C,non_ess,non_ess
0.023121387283236997,0.003889705246780188,0.027027027027027032,0.08990600735594606,0.00583941605839416,0.17543859649122806,0.3722627737226277,YPR084W,non_ess,non_ess
0.06936416184971098,0.01149623995159478,0.0,0.29628116060482224,0.005454545454545455,0.1941218005295675,0.2134090909090909,YLL021W,non_ess,non_ess
0.017341040462427744,0.007779410493560376,0.0,0.032693093583980384,0.011320754716981131,0.6371967654986522,0.4924528301886793,YOR253W,non_ess,non_ess
0.04624277456647399,0.027141498833088425,0.027027027027027032,0.044271897561640114,0.022857142857142857,1.5331343283582088,0.42,YLR306W,non_ess,non_ess
0.05202312138728323,0.008557351542916414,0.0,0.3957907642010625,0.0030711482682136155,0.1020613919436646,0.34516294147756355,YNL271C,non_ess,ess
0.03757225433526011,0.005359149451119371,0.0,0.05006129955046997,0.016560509554140127,0.605330204492122,0.17579617834394906,YHR167W,non_ess,non_ess
0.060693641618497114,0.011582677845967672,0.0,0.06661217817736004,0.02042801556420233,0.7979253320810412,0.3356031128404669,YPL088W,non_ess,non_ess
0.0028901734104046237,0.0009508168381018238,0.13513513513513514,0.024451709576352003,0.002444987775061125,0.05899611678412196,0.9682151589242054,YGL226C-A,non_ess,non_ess
0.008670520231213872,0.0008643789437289308,0.0,0.19840621168778094,0.0010124873439082012,0.024894475814568016,0.6827539655754303,YGR240C,non_ess,ess
0.1445086705202312,0.04909672400380328,0.0,0.1248467511238251,0.026553372278279343,0.4226556380503461,0.241635687732342,YIL055C,non_ess,non_ess
0.03757225433526011,0.015040193620883397,0.08108108108108109,0.09480997139354312,0.009015256588072122,0.2768241417275548,0.21081830790568654,YEL064C,non_ess,non_ess
0.03757225433526011,0.00509983576800069,0.027027027027027032,0.10114425827543932,0.008469055374592834,0.32095175518306746,0.3921824104234528,YFL016C,non_ess,non_ess
0.08670520231213873,0.01797908202956176,0.054054054054054064,0.11258684102983246,0.017615971814445096,0.6390444409435286,0.13975337639459776,YOR118W,non_ess,non_ess
0.05491329479768786,0.019275650445155158,0.0,0.01818553330608909,0.05993690851735016,2.378725129090813,0.5552050473186121,YNL028W,non_ess,non_ess
0.023121387283236997,0.004667646296136226,0.08108108108108109,0.03677973028197794,0.013559322033898305,0.3475346687211094,0.31186440677966104,YML028W,non_ess,non_ess
0.0722543352601156,0.011755553634713456,0.0,0.16898242746219866,0.009877518767285659,0.3746808801629031,0.17305412880284474,YMR031C,non_ess,non_ess
0.04335260115606936,0.0087302273316622,0.08108108108108109,0.09910093992644056,0.009966777408637871,0.14012382965871334,0.3142857142857143,YNR012W,non_ess,non_ess
0.0,0.0,0.13513513513513514,0.00939926440539436,0.0,0.0,1.0,YFR010W-A,non_ess,non_ess
0.017341040462427744,0.011928429423459244,0.1891891891891892,0.028606456885982838,0.01276595744680851,0.3782791676408698,0.4893617021276596,YLR170C,non_ess,non_ess
0.09248554913294796,0.020226467283256982,0.08108108108108109,0.2257866775643645,0.00950965824665676,0.28777688878728996,0.1298662704309064,YJR039W,non_ess,non_ess
0.01445086705202312,0.0009508168381018238,0.0,0.03630295600054489,0.008576329331046312,0.3212692967409949,0.5060034305317325,YDL064W,ess,ess
0.023121387283236997,0.0042354568242717605,0.027027027027027032,0.03391908459337965,0.0145985401459854,0.4774939172749392,1.0,YHR157W,non_ess,non_ess
0.10693641618497107,0.0224738525369522,0.054054054054054064,0.1456885982836126,0.016902695294655094,0.5717445034027949,0.13704888076747376,YGL203C,non_ess,non_ess
0.023121387283236997,0.003111764197424151,0.027027027027027032,0.051491622394769114,0.009925558312655087,0.20326276331767068,0.4267990074441687,YPR009W,non_ess,non_ess
0.031791907514450865,0.005791338922983836,0.08108108108108109,0.18410298324478955,0.003995641118779513,0.10809353352610128,0.4820196149654922,YGL093W,ess,non_ess
0.06647398843930635,0.011409802057221884,0.0,0.1581528402125051,0.0096964586846543,0.3113375256481612,0.2133220910623946,YNL183C,non_ess,non_ess
0.09826589595375723,0.012792808367188177,0.40540540540540543,0.13812832039231712,0.016361886429258902,0.3527350016041065,0.1814244465832532,YOR354C,non_ess,non_ess
0.017341040462427744,0.006223528394848302,0.027027027027027032,0.03841438496117695,0.009771986970684038,0.33917102955333706,0.2377850162866449,YLR456W,non_ess,non_ess
0.06358381502890173,0.016768951508341255,0.16216216216216214,0.19595422966898246,0.007516228220020498,0.1241749491102246,0.1885889989750598,YBR084W,non_ess,non_ess
0.017341040462427744,0.0006915031549831446,0.08108108108108109,0.06252554147936247,0.006198347107438018,0.2894600303895045,0.2696280991735537,YNL284C,non_ess,non_ess
0.07803468208092486,0.013916500994035784,0.027027027027027032,0.18144666939109114,0.009948415622697123,0.4256800938275193,0.13006632277081798,YDR409W,non_ess,non_ess
0.026011560693641616,0.0049269599792549044,0.0,0.3017981201471189,0.002008480249944209,0.060280157245120425,0.35438518187904483,YDR180W,ess,ess
0.017341040462427744,0.00509983576800069,0.0,0.09664895790764202,0.0040844111640571815,0.17721238938053094,0.5772634445200817,YLL011W,ess,ess
0.011560693641618495,0.0026795747255596854,0.0,0.020433183489987745,0.011428571428571429,0.299956043956044,1.0,YCR045W-A,non_ess,non_ess
0.07803468208092486,0.01322499783905264,0.0,0.15488353085410708,0.01161790017211704,0.1816507099827883,0.15748709122203094,YML006C,non_ess,non_ess
0.02890173410404624,0.005272711556746477,0.0,0.0461789946873723,0.013736263736263736,0.29370544995544995,0.24175824175824176,YOR358W,non_ess,non_ess
0.031791907514450865,0.006915031549831446,0.0,0.0425010216591745,0.016320474777448073,0.40206253380304335,0.3724035608308605,YOL046C,non_ess,non_ess
0.008670520231213872,0.0016423199930849686,0.08108108108108109,0.1675521046178995,0.001195219123505976,0.03900906441348699,0.7410358565737052,YIL038C,non_ess,non_ess
0.04335260115606936,0.0067421557610856594,0.054054054054054064,0.10972619534123418,0.009030704394942806,0.18248372591812165,0.2781456953642384,YMR258C,non_ess,non_ess
0.0028901734104046237,8.643789437289306e-05,0.0,0.05455659991826727,0.0011750881316098707,0.022444878632169603,0.5017626321974148,YOR106W,non_ess,non_ess
0.04046242774566474,0.029907511453021007,0.13513513513513514,0.0046996322026971816,0.1176470588235294,3.1917554423344137,0.3277310924369748,YBR296C-A,non_ess,non_ess
0.031791907514450865,0.00561846313423805,0.4594594594594595,0.053330608908867996,0.013205282112845138,0.3046481750594975,0.2845138055222089,YKL023W,non_ess,non_ess
0.08959537572254335,0.01348431152217132,0.08108108108108109,0.2844299141806293,0.007335541883577852,1.1562647893989588,0.13487931850449594,YJR031C,non_ess,non_ess
0.008670520231213872,0.0010372547324747168,0.0,0.0659991826726604,0.002944062806673209,0.1488746082497072,0.3709519136408244,YDL209C,ess,ess
0.03468208092485549,0.0049269599792549044,0.32432432432432434,0.05986922762566409,0.012917115177610334,0.21192017885236408,0.2561894510226049,YCL009C,non_ess,non_ess
0.05780346820809248,0.009162416803526663,0.10810810810810813,0.07172047404985697,0.01813236627379873,0.3929053608368957,0.21668177697189486,YKL114C,non_ess,non_ess
0.017341040462427744,0.0027660126199325783,0.0,0.1103391908459338,0.003592814371257485,0.08712574850299401,0.5778443113772455,YML023C,ess,ess
0.18208092485549127,0.05047973031376955,0.21621621621621626,0.1765427053534941,0.02384557153671461,0.4070678928013115,0.08554125662376988,YAL056W,non_ess,non_ess
0.02890173410404624,0.006655717866712767,0.0,0.07110747854515734,0.009140767824497258,0.33449911241819674,0.4177330895795247,YHR101C,ess,non_ess
0.07514450867052022,0.021177284121358803,0.08108108108108109,0.019411524315488357,0.07761194029850746,2.4607296849087894,0.22686567164179106,YPR170C,non_ess,non_ess
0.02023121387283237,0.005964214711729622,0.027027027027027032,0.09072333469554557,0.005065123010130246,0.09174132912730287,0.2865412445730825,YLR210W,non_ess,non_ess
0.05202312138728323,0.012706370472815282,0.13513513513513514,0.10993052717613404,0.010817307692307692,0.3328897664835165,0.20612980769230768,YDR479C,non_ess,non_ess
0.08959537572254335,0.01633676203647679,0.2702702702702703,0.1303637106661218,0.01578411405295316,0.7796164290563475,0.14816700610997965,YKR101W,non_ess,non_ess
0.05780346820809248,0.005964214711729622,0.10810810810810813,0.12259910093992644,0.010810810810810813,0.4539283469516028,0.25351351351351353,YKR058W,non_ess,non_ess
0.0,0.0,0.0,0.033850973981746364,0.0,0.0,1.0,YGL030W,ess,non_ess
0.01445086705202312,0.003284639986169937,0.0,0.1493665713118104,0.002229157378510923,0.051982549549150006,0.4101649576460098,YDR499W,ess,ess
0.04624277456647399,0.010804736796611637,0.0,0.01736820596648958,0.052459016393442616,1.4688524590163936,0.3606557377049181,YEL014C,non_ess,non_ess
0.02023121387283237,0.01097761258535742,0.0,0.022476501838986515,0.018421052631578942,0.3170430622009569,1.0,YDL118W,non_ess,non_ess
0.023121387283236997,0.006482842077966981,0.10810810810810813,0.03841438496117695,0.013029315960912051,0.4351067680057909,0.5993485342019544,YLR016C,non_ess,non_ess
0.04335260115606936,0.0087302273316622,0.13513513513513514,0.15794850837760524,0.006331785563528915,0.1674869775205542,0.38455044322498944,YOR035C,non_ess,non_ess
0.008670520231213872,0.0012965684155933962,0.0,0.02370249284838578,0.007537688442211055,0.2880662051516323,0.7613065326633166,YDR225W,non_ess,non_ess
0.03468208092485549,0.005186273662373585,0.1891891891891892,0.05680425010216592,0.013574660633484163,0.3796129971122581,0.2692307692307692,YJL145W,non_ess,non_ess
0.017341040462427744,0.0012965684155933962,0.0,0.04454434000817328,0.008522727272727272,0.17475895316804407,0.40625,YLR250W,non_ess,non_ess
0.0953757225433526,0.028783818826173393,0.13513513513513514,0.08398038414384963,0.025720966484801246,0.4815099708311919,0.18550272798129386,YCL011C,non_ess,non_ess
0.05202312138728323,0.009162416803526663,0.027027027027027032,0.1076828769922354,0.011036174126302879,0.2382065306469335,0.1630901287553648,YJL058C,non_ess,non_ess
0.017341040462427744,0.003111764197424151,0.0,0.0986922762566408,0.0040026684456304215,0.10135197165082532,0.3635757171447632,YKL035W,ess,ess
0.2283236994219653,0.04650358717261648,0.027027027027027032,0.3124233755619125,0.01703687729135217,0.4729064454388613,0.0914384300194091,YML072C,non_ess,non_ess
0.008670520231213872,0.0012965684155933962,0.0,0.017163874131589704,0.009933774834437088,0.3977782525101474,0.5364238410596026,YPL102C,non_ess,non_ess
0.04624277456647399,0.00786584838793327,0.054054054054054064,0.0651818553330609,0.015888778550148957,0.4956462656143835,0.29096325719960275,YDL230W,non_ess,non_ess
0.02023121387283237,0.0025931368311867924,0.0,0.027993461381283204,0.015184381778741863,0.32095466323345645,0.2711496746203905,YKL067W,non_ess,non_ess
0.04624277456647399,0.009767482064136915,0.054054054054054064,0.05843890478136495,0.01762114537444934,0.5826953509259656,0.2422907488986784,YMR130W,non_ess,non_ess
0.008670520231213872,0.002074509464949433,0.08108108108108109,0.04720065386187168,0.004037685060565276,0.3538608407148893,0.5289367429340511,YCL076W,non_ess,non_ess
0.29190751445086704,0.15878641196300458,0.0,0.3792398855741724,0.017977928088287645,0.5091088264679199,1.0,YLR024C,non_ess,non_ess
0.0953757225433526,0.021868787276341943,0.08108108108108109,0.16407846342460156,0.013420089467263115,0.276252103118596,0.1329808865392436,YJL102W,non_ess,non_ess
0.06358381502890173,0.014002938888408678,0.16216216216216214,0.1485492439722109,0.009861048857014791,0.26023377870178754,0.2572837292693859,YDL093W,non_ess,non_ess
0.08092485549132948,0.025153427262511883,0.4864864864864865,0.020841847159787496,0.07865168539325842,8.21123595505618,0.14887640449438205,YLR162W,non_ess,non_ess
0.02023121387283237,0.0075200968104416985,0.2702702702702703,0.034123416428279534,0.012704174228675136,0.3700257904288853,0.5009074410163339,YGR102C,non_ess,non_ess
0.060693641618497114,0.011755553634713456,0.054054054054054064,0.11360850020433184,0.012223515715948778,0.3094512838762992,0.2665890570430733,YBR180W,non_ess,non_ess
0.1329479768786127,0.03708185668597113,0.027027027027027032,0.1385369840621169,0.02207293666026872,0.5522913939624126,0.16410748560460653,YPR008W,non_ess,non_ess
0.03757225433526011,0.010026795747255596,0.027027027027027032,0.12464241928892522,0.006914893617021276,0.2642028184581376,1.0,YHR166C,ess,non_ess
0.08959537572254335,0.02074509464949434,0.054054054054054064,0.12729873314262366,0.01615424700364773,0.5625139581627335,0.405940594059406,YLL024C,non_ess,non_ess
0.023121387283236997,0.005964214711729622,0.0,0.08908868001634655,0.005891016200294551,0.1656030109638357,0.35640648011782033,YGL215W,non_ess,non_ess
0.03468208092485549,0.006223528394848302,0.027027027027027032,0.10747854515733553,0.00737100737100737,0.29301578806529305,0.2401719901719901,YNL249C,non_ess,non_ess
0.0722543352601156,0.027227936727461318,0.027027027027027032,0.08193706579485084,0.019952114924181964,0.8501026108767529,0.18994413407821228,YDL033C,non_ess,non_ess
0.008670520231213872,0.003111764197424151,0.0,0.02656313853698406,0.006818181818181818,0.12421875,0.4863636363636364,YOR224C,ess,non_ess
0.05202312138728323,0.011150488374103209,0.2432432432432433,0.043931344503473635,0.025899280575539568,0.4086038783186649,0.12661870503597122,YER004W,non_ess,non_ess
0.023121387283236997,0.002506698936813899,0.054054054054054064,0.017572537801389457,0.025974025974025976,0.4024260699722441,1.0,YOR277C,non_ess,non_ess
0.02023121387283237,0.004321894718644654,0.0,0.06681651001225991,0.006789524733268671,0.23215931134820564,0.4713870029097963,YMR101C,non_ess,non_ess
0.049132947976878616,0.006309966289221194,0.08108108108108109,0.0425010216591745,0.025222551928783383,1.1941731858645803,0.14985163204747776,YJL037W,non_ess,non_ess
0.02023121387283237,0.0045812084017633325,0.0,0.01920719248058848,0.021084337349397592,0.4217876289848389,0.7530120481927711,YGL168W,non_ess,non_ess
0.01445086705202312,0.001901633676203648,0.21621621621621626,0.01838986514098897,0.015625,0.486240671641791,0.609375,YOR265W,non_ess,non_ess
0.09826589595375723,0.031722707234851766,0.08108108108108109,0.056395586432366175,0.0387243735763098,1.190415928456931,0.6036446469248291,YNL202W,non_ess,non_ess
0.017341040462427744,0.0026795747255596854,0.0,0.10012259910093993,0.003947368421052632,0.16950187969924813,0.25855263157894737,YDL160C,non_ess,non_ess
0.03757225433526011,0.010891174690984528,0.0,0.032080098079280764,0.024952015355086368,0.4488729305830577,0.2111324376199616,YDL046W,non_ess,non_ess
0.0,0.0,0.0,0.04229668982427463,0.0,0.0,1.0,YGR095C,ess,ess
0.21098265895953755,0.06716224392773792,0.054054054054054064,0.06824683285655905,0.06939163498098859,2.7662281368821287,0.2252851711026616,YDR214W,non_ess,non_ess
0.011560693641618495,0.0016423199930849686,0.0,0.048630976706170816,0.005235602094240838,0.196914591742936,0.3952879581151833,YOL038W,ess,ess
0.02890173410404624,0.0060506526061025155,0.13513513513513514,0.03105843890478137,0.01976284584980237,0.4027667984189723,0.31620553359683795,YPL223C,non_ess,non_ess
0.0,0.0,0.027027027027027032,0.07212913771965672,0.0,0.0,1.0,YLR224W,non_ess,non_ess
0.0028901734104046237,8.643789437289306e-05,0.0,0.021250510829587253,0.0027624309392265192,0.10867046872215293,1.0,YHR069C-A,non_ess,non_ess
0.10693641618497107,0.02411617253003717,0.32432432432432434,0.09113199836534533,0.026657060518731988,0.4203060546985365,0.14121037463976946,YML005W,non_ess,non_ess
0.0,0.0,0.0,0.017776869636289334,0.0,0.0,1.0,YHR165W-A,non_ess,non_ess
0.008670520231213872,0.003198202091797044,0.027027027027027032,0.08806702084184717,0.0022338049143708115,0.04642059355387725,0.5241995532390171,YDR515W,non_ess,non_ess
0.0,0.0,0.027027027027027032,0.017163874131589704,0.0,0.0,1.0,YNL198C,non_ess,non_ess
0.04624277456647399,0.01521306940962918,0.16216216216216214,0.06354720065386188,0.01627670396744659,0.3016088316190045,0.301119023397762,YOR100C,non_ess,non_ess
0.0953757225433526,0.03319215143919094,0.0,0.05006129955046997,0.04203821656050955,1.593027153871941,0.22038216560509555,YNL195C,non_ess,non_ess
0.0,0.0,0.0,0.06368342187712846,0.0,0.0,1.0,YNL302C,non_ess,ess
0.05491329479768786,0.014002938888408678,0.054054054054054064,0.06579485083776053,0.018700787401574805,0.3834661459429871,0.16633858267716534,YMR081C,non_ess,non_ess
0.0,0.0,0.0,0.027380465876583573,0.0,0.0,1.0,YIL171W-A,non_ess,non_ess
0.17341040462427745,0.04131731351024289,0.10810810810810813,0.13179403351042093,0.030226700251889168,0.4331291367836338,1.0,YNR008W,non_ess,non_ess
0.026011560693641616,0.005186273662373585,0.027027027027027032,0.05353494074376789,0.01076555023923445,0.2947803392779469,0.19617224880382766,YBR185C,non_ess,non_ess
0.005780346820809247,0.0006915031549831446,0.1891891891891892,0.010625255414793628,0.009708737864077669,0.18499856622014665,0.5194174757281553,YML058W-A,non_ess,non_ess
0.0,0.0,0.0,0.027993461381283204,0.0,0.0,1.0,YMR260C,ess,non_ess
0.07514450867052022,0.018151957818307547,0.21621621621621626,0.0678381691867593,0.0248565965583174,0.613382651314636,0.15391969407265774,YBR034C,non_ess,non_ess
0.08092485549132948,0.011409802057221884,0.027027027027027032,0.14132951913908187,0.013176470588235295,0.3520097531240476,0.18305882352941172,YPL109C,non_ess,non_ess
0.01445086705202312,0.0025931368311867924,0.054054054054054064,0.003064977523498161,0.05263157894736842,1.945246179966044,0.4105263157894737,YOL038C-A,non_ess,non_ess
0.017341040462427744,0.003111764197424151,0.027027027027027032,0.08970167552104619,0.0043891733723482075,0.349272860277981,0.30504754937820044,YDR364C,non_ess,non_ess
0.15895953757225434,0.05514737660990578,0.054054054054054064,0.2496253916360169,0.014804845222072678,0.32895880678684114,0.08667563930013457,YGL251C,non_ess,non_ess
0.026011560693641616,0.010804736796611637,0.10810810810810813,0.025950143032284437,0.02088167053364269,0.4620069605568445,0.9095127610208816,YNL235C,non_ess,non_ess
0.017341040462427744,0.0018151957818307548,0.0,0.032897425418880265,0.01125703564727955,0.41719256353402695,0.4615384615384616,YBL090W,non_ess,non_ess
0.01445086705202312,0.002074509464949433,0.0,0.10727421332243564,0.003076923076923077,0.08438625204582652,0.3803076923076923,YGR119C,ess,ess
0.05491329479768786,0.012274181000950816,0.08108108108108109,0.10053126277073968,0.012450851900393184,0.20341540672999686,0.5117955439056356,YMR020W,non_ess,non_ess
0.03468208092485549,0.003976143141153081,0.10810810810810813,0.07335512872905599,0.010647737355811893,0.3947185679564832,0.3779946761313221,YDR171W,non_ess,non_ess
0.0,0.0,0.0,0.04454434000817328,0.0,0.0,1.0,YMR314W,ess,ess
0.08670520231213873,0.03526666090414037,0.13513513513513514,0.0579621304999319,0.03329633740288568,0.7096492113140282,0.15205327413984462,YGR001C,non_ess,non_ess
0.06647398843930635,0.012792808367188177,0.054054054054054064,0.13710666121781775,0.011148812409112942,0.2431076529728073,0.14444983034415898,YLR260W,non_ess,non_ess
0.026011560693641616,0.003457515774915723,0.08108108108108109,0.07069881487535759,0.008272058823529412,0.4053308823529413,0.2840073529411765,YGR028W,non_ess,non_ess
0.04046242774566474,0.005186273662373585,0.027027027027027032,0.18042501021659174,0.005187106335679882,0.1360419803499589,0.32011856243052983,YML093W,ess,non_ess
0.026011560693641616,0.004149018929898867,0.0,0.0715161422149571,0.008181818181818179,0.3407616707616708,0.4127272727272727,YNL080C,non_ess,non_ess
0.06647398843930635,0.013570749416544212,0.0,0.09215365753984472,0.016393442622950817,0.7074618428490673,0.15965787598004275,YPR157W,non_ess,non_ess
0.049132947976878616,0.006396404183594088,0.054054054054054064,0.16530445443400082,0.006863140896245457,0.2027399550613116,0.17763423496164715,YPL032C,non_ess,non_ess
0.07514450867052022,0.015126631515256287,0.1891891891891892,0.17572537801389454,0.009885931558935359,0.18001441387708442,0.1977186311787072,YER032W,non_ess,non_ess
0.08092485549132948,0.028005877776817355,0.21621621621621626,0.0069472823865958325,0.18421052631578946,4.1828814460393415,1.0,YOL019W-A,non_ess,non_ess
0.0,0.0,0.027027027027027032,0.019411524315488357,0.0,0.0,1.0,YGL132W,non_ess,non_ess
0.026011560693641616,0.003976143141153081,0.0,0.021863506334286884,0.024258760107816708,0.816543126684636,0.24258760107816715,YBR292C,non_ess,non_ess
0.0722543352601156,0.029993949347393894,0.027027027027027032,0.13731099305271766,0.012100677637947723,0.4210176598291871,0.1984511132623427,YHR084W,non_ess,non_ess
0.031791907514450865,0.02160947359322327,0.054054054054054064,0.052513281569268495,0.013398294762484777,0.4471202366452062,0.31303288672350793,YPL162C,non_ess,non_ess
0.04046242774566474,0.02584493041749503,0.08108108108108109,0.03357853153521319,0.02578268876611418,0.8429152307495943,0.37937384898710863,YIL111W,non_ess,non_ess
0.011560693641618495,0.0014694442043391822,0.0,0.11381283203923173,0.002324230098779779,0.18702673786927126,0.8570598489250436,YPR137W,ess,ess
0.04046242774566474,0.01097761258535742,0.054054054054054064,0.1863506334286882,0.005025125628140704,0.12691233947515354,0.31981335247666903,YER075C,non_ess,non_ess
0.04624277456647399,0.013311435733425534,0.0,0.05598692276256642,0.01834862385321101,0.3127212309470491,0.1651376146788991,YGR205W,non_ess,non_ess
0.031791907514450865,0.008470913648543521,0.0,0.06640784634246016,0.010731707317073172,0.3505382674516401,0.2917073170731707,YMR228W,non_ess,non_ess
0.02890173410404624,0.004840522084882012,0.08108108108108109,0.08316305680425011,0.007867820613690008,0.19129231323405346,0.2195121951219512,YBL058W,non_ess,non_ess
0.09826589595375723,0.019880715705765408,0.10810810810810813,0.16244380874540254,0.013963039014373716,0.3027009951034592,0.1268993839835729,YJR126C,non_ess,non_ess
0.0028901734104046237,0.00017287578874578615,0.0,0.022680833673886392,0.0026109660574412533,0.056859380828049234,0.8485639686684073,YGL127C,non_ess,non_ess
0.0,0.0,0.0,0.028606456885982838,0.0,0.0,1.0,YER074W-A,non_ess,non_ess
0.03468208092485549,0.0037168294580344026,0.054054054054054064,0.13445034736411934,0.005928853754940711,0.1753311408140482,0.35276679841897235,YBR216C,non_ess,non_ess
0.023121387283236997,0.005791338922983836,0.10810810810810813,0.0488353085410707,0.010430247718383313,0.22372631828474826,0.2946544980443285,YLR441C,non_ess,non_ess
0.005780346820809247,0.0003457515774915723,0.027027027027027032,0.06804250102165918,0.0019065776930409914,0.07290957374370148,0.6882745471877979,YGL100W,non_ess,non_ess
0.06647398843930635,0.022906042008816664,0.2702702702702703,0.06722517368205967,0.022179363548698167,0.6030333868079225,0.32883317261330763,YPR127W,non_ess,non_ess
0.060693641618497114,0.01901633676203648,0.16216216216216214,0.061912545974662864,0.021897810218978103,0.8933085785498106,0.1605839416058394,YOR342C,non_ess,non_ess
0.04624277456647399,0.008298037859797734,0.0,0.06661217817736004,0.01556420233463035,0.29381596639655394,0.3375486381322957,YMR144W,non_ess,non_ess
0.01445086705202312,0.00224738525369522,0.054054054054054064,0.12280343277482632,0.0026983270372369127,0.08982530004950649,0.4867781975175392,YNL121C,non_ess,non_ess
0.060693641618497114,0.009853919958509809,0.027027027027027032,0.12382509194932573,0.011241970021413276,0.30436592909826315,0.16970021413276232,YOR137C,non_ess,non_ess
0.0028901734104046237,0.00017287578874578615,0.0,0.029219452390682476,0.0020876826722338203,0.0804521615153521,0.534446764091858,YFL017C,ess,non_ess
0.0,0.0,0.0,0.02778912954638333,0.0,0.0,1.0,YFL057C,non_ess,non_ess
0.031791907514450865,0.0028524505143054713,0.0,0.15508786268900696,0.004727116458960034,0.4092969326446716,0.3339063171465406,YLR274W,ess,non_ess
0.07514450867052022,0.01097761258535742,0.40540540540540543,0.20187985288107888,0.008626410086264101,0.17536507484089908,0.2524883875248839,YGL241W,non_ess,non_ess
0.05491329479768786,0.01581813467023943,0.054054054054054064,0.02308949734368615,0.048843187660668384,1.4969877744853706,0.2519280205655527,YLR374C,non_ess,non_ess
0.0028901734104046237,0.0002593136831186792,0.054054054054054064,0.02118240021795396,0.002770083102493075,0.0750230840258541,0.8199445983379502,YHR079C-A,non_ess,non_ess
0.0028901734104046237,0.0003457515774915723,0.054054054054054064,0.019411524315488357,0.0029850746268656717,0.08581501939123283,1.0,YGL024W,non_ess,non_ess
0.08959537572254335,0.0237704209525456,0.054054054054054064,0.1385369840621169,0.014875239923224568,0.363891240392594,0.18618042226487524,YBR255W,non_ess,non_ess
0.011560693641618495,0.002074509464949433,0.13513513513513514,0.04229668982427463,0.005961251862891207,0.11458419297368408,0.6780923994038748,YDL139C,ess,non_ess
0.04046242774566474,0.005532025239865157,0.027027027027027032,0.07029015120555783,0.012939001848428836,0.5545498158626236,0.19685767097966728,YNL037C,non_ess,non_ess
0.05780346820809248,0.01858414729017201,0.08108108108108109,0.044135676338373515,0.02865329512893983,0.7046029591648654,1.0,YBR261C,non_ess,non_ess
0.01445086705202312,0.001210130521220503,0.08108108108108109,0.053739272578667764,0.0059594755661501785,0.2379912485509494,0.4040524433849821,YJL115W,non_ess,non_ess
0.0,0.0,0.0,0.029423784225582342,0.0,0.0,1.0,YOR396C-A,non_ess,non_ess
0.060693641618497114,0.0286973809318005,0.08108108108108109,0.02615447486718431,0.04838709677419355,1.6708211143695009,0.8986175115207373,YOR055W,non_ess,non_ess
0.16473988439306358,0.11807416371337195,0.027027027027027032,0.024928483857785046,0.13701923076923078,4.1265093917710205,0.09375,YJL027C,non_ess,non_ess
0.0028901734104046237,8.643789437289306e-05,0.0,0.1013485901103392,0.0006501950585175553,0.019303102758784628,0.9980494148244472,YCR028C,non_ess,ess
0.0,0.0,0.0,0.022885165508786276,0.0,0.0,1.0,YMR059W,ess,non_ess
0.0953757225433526,0.04633071138387069,0.10810810810810813,0.04597466285247242,0.04551724137931035,1.1410989010989012,0.7958620689655173,YBR090C,non_ess,non_ess
0.0028901734104046237,0.0006915031549831446,0.0,0.10441356763383736,0.0006317119393556537,0.016434980786882727,0.9886291850915984,YER025W,ess,ess
0.04046242774566474,0.0036303915636615096,0.027027027027027032,0.07764609726195341,0.011764705882352941,0.2723770209838321,0.20336134453781515,YJR075W,non_ess,non_ess
0.0028901734104046237,0.0005186273662373584,0.054054054054054064,0.008990600735594606,0.005494505494505495,0.1099090564607806,0.7142857142857143,YNL070W,non_ess,non_ess
0.02890173410404624,0.0026795747255596854,0.2432432432432433,0.0406620351450756,0.015455950540958269,0.6911937881798778,0.4945904173106646,YGL101W,non_ess,non_ess
0.0028901734104046237,0.00112369262684761,0.0,0.04270535349407438,0.0014771048744460858,0.12034517608644953,0.5036927621861153,YNL335W,non_ess,non_ess
0.06358381502890173,0.04676290085573515,0.13513513513513514,0.01982018798528811,0.06451612903225806,1.6693210959643676,0.40762463343108507,YOL085C,non_ess,non_ess
0.03757225433526011,0.0036303915636615096,0.0,0.2319166326113609,0.0037626628075253256,0.08864247185520703,0.4486251808972504,YJR090C,non_ess,ess
0.03468208092485549,0.012792808367188177,0.0,0.011033919084593379,0.05660377358490566,2.7318059299191373,0.3443396226415094,YPR108W-A,non_ess,non_ess
0.04335260115606936,0.009853919958509809,0.0,0.13710666121781775,0.007270964614638877,0.3364184440135725,0.20407174018419771,YLR117C,ess,non_ess
0.0838150289017341,0.032587086178580686,0.027027027027027032,0.07192480588475685,0.02622061482820976,0.6039245393675774,0.15009041591320071,YNR032W,non_ess,non_ess
0.11560693641618495,0.021868787276341943,0.0,0.063342868818962,0.040816326530612235,1.1210208688441514,0.16326530612244894,YKL218C,non_ess,non_ess
0.017341040462427744,0.002420261042441006,0.0,0.049856967715570084,0.007672634271099744,0.26218487394957984,0.3375959079283887,YPL163C,non_ess,non_ess
0.03468208092485549,0.010113233641628491,0.13513513513513514,0.0126685737637924,0.05084745762711865,0.7125107727664465,0.2923728813559322,YPR145C-A,non_ess,non_ess
0.011560693641618495,0.001901633676203648,0.0,0.049856967715570084,0.005115089514066497,0.10084398976982098,0.7301790281329923,YGR253C,ess,ess
0.05780346820809248,0.014953755726510504,0.054054054054054064,0.07539844707805476,0.01728608470181504,0.4168440425358085,0.13396715643906654,YML027W,non_ess,non_ess
0.011560693641618495,0.0010372547324747168,0.10810810810810813,0.02697180220678382,0.008968609865470852,0.18062040589894127,0.3923766816143498,YER150W,non_ess,non_ess
0.0028901734104046237,0.0009508168381018238,0.054054054054054064,0.051287290559869234,0.0012453300124533,0.033944310776336306,0.6400996264009963,YEL019C,ess,non_ess
0.10982658959537572,0.02074509464949434,0.027027027027027032,0.17572537801389454,0.014448669201520912,0.5491319934818033,0.15133079847908745,YML034W,non_ess,non_ess
0.08092485549132948,0.01581813467023943,0.0,0.19677155700858195,0.009527050017012591,0.40966315073154136,0.20347056822048315,YKL015W,non_ess,non_ess
0.10404624277456646,0.029388884086783643,0.0,0.13731099305271766,0.017424975798644726,0.33394371289611496,0.13746369796708616,YJR110W,non_ess,non_ess
0.04046242774566474,0.006569279972339874,0.10810810810810813,0.045565999182672665,0.01947148817802504,0.6134445989800649,0.3783031988873435,YJR135C,non_ess,non_ess
0.023121387283236997,0.006828593655458553,0.054054054054054064,0.0939926440539436,0.0055944055944055935,0.19193364774760124,0.2251748251748252,YGR117C,non_ess,non_ess
0.04624277456647399,0.007779410493560376,0.13513513513513514,0.08990600735594606,0.01167883211678832,0.2786528364707389,0.535036496350365,YDR393W,non_ess,non_ess
0.09248554913294796,0.0835854438585876,0.0,0.02881078872088272,0.06765327695560254,2.535600090856674,0.21987315010570824,YLR400W,non_ess,non_ess
0.01445086705202312,0.0012965684155933962,0.0,0.03923171230077646,0.007987220447284345,0.4663930116876289,0.3610223642172524,YER104W,ess,non_ess
0.023121387283236997,0.00561846313423805,0.0,0.03780138945647732,0.013223140495867768,0.3864704696633744,0.2826446280991736,YDR537C,non_ess,non_ess
0.0838150289017341,0.028783818826173393,0.0,0.045565999182672665,0.04033379694019471,0.9077304336831458,0.15299026425591095,YKL096W,non_ess,non_ess
0.05202312138728323,0.010804736796611637,0.08108108108108109,0.009603596240294238,0.09424083769633508,2.0382764963916795,0.3036649214659686,YOL013W-A,non_ess,non_ess
0.017341040462427744,0.0027660126199325783,0.054054054054054064,0.01736820596648958,0.019672131147540985,0.5556902640872912,0.7836065573770492,YGL042C,non_ess,non_ess
0.0,0.0,0.0,0.06579485083776053,0.0,0.0,1.0,YOR261C,ess,ess
0.005780346820809247,0.0015558820987120756,0.0,0.07294646505925624,0.001784121320249777,0.03593852037440939,0.8947368421052632,YDR113C,ess,ess
0.0953757225433526,0.02956175987552943,0.027027027027027032,0.07192480588475685,0.029837251356238693,2.0231724347841653,0.17540687160940324,YGR040W,non_ess,non_ess
0.04624277456647399,0.007952286282306162,0.054054054054054064,0.06395586432366163,0.016177957532861473,0.3345184122117486,0.25783619817997977,YJL208C,non_ess,non_ess
0.05780346820809248,0.009681044169764024,0.0,0.11728647323252965,0.011286681715575621,0.3345542825503641,0.21388261851015802,YEL063C,non_ess,non_ess
0.060693641618497114,0.008298037859797734,0.027027027027027032,0.1610134859011034,0.008699254349627173,0.1917153469169955,0.1271748135874068,YGL083W,non_ess,non_ess
0.0,0.0,0.027027027027027032,0.036711619670344635,0.0,0.0,1.0,YOR122C,ess,ess
0.017341040462427744,0.00224738525369522,0.054054054054054064,0.03453208009807928,0.010771992818671456,0.2649803579998934,0.36804308797127466,YOR215C,non_ess,non_ess
0.023121387283236997,0.003976143141153081,0.027027027027027032,0.10441356763383736,0.0050536955148452285,0.10219339980968678,0.3272267845862287,YER052C,non_ess,non_ess
0.08959537572254335,0.01581813467023943,0.08108108108108109,0.20024519820187986,0.01036789297658863,0.5377036605197754,0.13177257525083613,YHR073W,non_ess,non_ess
0.0722543352601156,0.0087302273316622,0.10810810810810813,0.10339190845933798,0.01594387755102041,0.478976723825625,0.1875,YNL116W,non_ess,non_ess
0.08092485549132948,0.0112369262684761,0.2702702702702703,0.06906416019615856,0.02631578947368421,0.4728274173806609,0.1174812030075188,YCL034W,non_ess,non_ess
0.03757225433526011,0.005013397873627798,0.08108108108108109,0.02451982018798529,0.03170731707317073,1.4052618546490032,0.2975609756097561,YNL031C,non_ess,non_ess
0.023121387283236997,0.007087907338577231,0.10810810810810813,0.05619125459746629,0.009142857142857144,0.2513234811165846,0.376,YLR003C,non_ess,non_ess
0.05202312138728323,0.010891174690984528,0.027027027027027032,0.08541070698814876,0.013803680981595092,0.33963628396143736,0.22469325153374234,YMR034C,non_ess,non_ess
0.023121387283236997,0.00224738525369522,0.08108108108108109,0.0886800163465468,0.005917159763313609,0.12884138194311892,0.3010355029585799,YOR155C,non_ess,non_ess
0.005780346820809247,0.0005186273662373584,0.054054054054054064,0.010012259910093994,0.01015228426395939,0.183181049069374,0.8578680203045685,YPR002C-A,non_ess,non_ess
0.005780346820809247,0.003889705246780188,0.027027027027027032,0.016959542296689827,0.006688963210702341,0.3500557413600892,0.5919732441471572,YLR012C,non_ess,non_ess
0.011560693641618495,0.002333823148068113,0.054054054054054064,0.0253371475275848,0.009478672985781993,0.18343039012661397,0.7630331753554502,YAL059C-A,non_ess,non_ess
0.008670520231213872,0.0018151957818307548,0.027027027027027032,0.020024519820187988,0.008720930232558141,0.23858815210559395,0.6918604651162791,YNL135C,non_ess,non_ess
0.13583815028901733,0.04650358717261648,0.10810810810810813,0.1140171638741316,0.02726218097447796,0.6917284542183664,0.08178654292343387,YBR296C,non_ess,non_ess
0.023121387283236997,0.006223528394848302,0.13513513513513514,0.022476501838986515,0.021052631578947368,0.4318325935320228,1.0,YBL062W,non_ess,non_ess
0.026011560693641616,0.007433658916068805,0.027027027027027032,0.06722517368205967,0.008678881388621022,0.2867103028647989,0.3915139826422373,YGL138C,non_ess,non_ess
0.017341040462427744,0.003457515774915723,0.0,0.07744176542705354,0.005054759898904802,0.1745643814592074,0.590564448188711,YOR057W,ess,ess
0.008670520231213872,0.0009508168381018238,0.0,0.021250510829587253,0.008287292817679558,0.3505290315855311,0.511049723756906,YLR461W,non_ess,non_ess
0.005780346820809247,0.0017287578874578616,0.0,0.0995096035962403,0.0013236267372600929,0.04434149569821312,0.9272005294506948,YLL036C,ess,ess
0.1213872832369942,0.029475321981156537,0.027027027027027032,0.3310175725378014,0.008553971486761711,0.3199637528374171,0.14887983706720978,YCL014W,non_ess,non_ess
0.20231213872832368,0.07917711124557006,0.0,0.09297098487944422,0.04946996466431095,1.3592645759717314,0.1215547703180212,YGR019W,non_ess,non_ess
0.02023121387283237,0.0044083326130175465,0.0,0.0976706170821414,0.0047169811320754715,0.12929582210242588,0.6495956873315364,YDR082W,ess,ess
0.026011560693641616,0.0087302273316622,0.10810810810810813,0.02022885165508786,0.025936599423631124,1.1797222949960702,0.3688760806916426,YKL225W,non_ess,non_ess
0.08092485549132948,0.017287578874578616,0.08108108108108109,0.17163874131589704,0.010894941634241245,0.3180565779787569,0.14513618677042806,YHR047C,non_ess,non_ess
0.005780346820809247,0.0007779410493560378,0.21621621621621626,0.032897425418880265,0.00375234521575985,0.06498608610247178,0.7185741088180112,YBR122C,non_ess,non_ess
0.04624277456647399,0.011409802057221884,0.35135135135135137,0.027584797711483453,0.035164835164835165,0.9470941429704316,0.5846153846153846,YHR021W-A,non_ess,non_ess
0.04624277456647399,0.0067421557610856594,0.0,0.1773600326930936,0.006028636021100226,0.3811437662228921,0.2584777694046722,YDR206W,non_ess,non_ess
0.09248554913294796,0.021004408332613016,0.13513513513513514,0.10890886800163466,0.019405700424499697,0.6104442186514806,0.19163129169193446,YIL099W,non_ess,non_ess
0.03468208092485549,0.005964214711729622,0.10810810810810813,0.05353494074376789,0.014354066985645932,0.6796776630571645,0.4509569377990431,YHR192W,non_ess,non_ess
0.1213872832369942,0.024029734635664275,0.16216216216216214,0.14446260727421334,0.0193459235375403,0.3536637132973872,0.09995393827729156,YHR031C,non_ess,non_ess
0.0,0.0,0.054054054054054064,0.02308949734368615,0.0,0.0,1.0,YNL149C,ess,non_ess
0.07803468208092486,0.07692972599187484,0.13513513513513514,0.019411524315488357,0.08059701492537312,1.6560167910447765,0.5313432835820896,YPR039W,non_ess,non_ess
0.04335260115606936,0.012706370472815282,0.13513513513513514,0.027584797711483453,0.03296703296703297,1.1111829347123463,1.0,YHR116W,non_ess,non_ess
0.02023121387283237,0.01633676203647679,0.027027027027027032,0.008990600735594606,0.038461538461538464,1.0874350729656197,0.3021978021978022,YGL041C-B,non_ess,non_ess
0.0953757225433526,0.030685452502377038,0.13513513513513514,0.17674703718839396,0.012476370510396977,0.2790803772269804,0.17882797731568995,YJL198W,non_ess,non_ess
0.03468208092485549,0.004321894718644654,0.2702702702702703,0.06640784634246016,0.011707317073170732,0.3290620396136847,1.0,YPR057W,non_ess,non_ess
0.011560693641618495,0.0016423199930849686,0.054054054054054064,0.03739272578667757,0.00667779632721202,0.17819823162060225,0.4524207011686144,YBR264C,non_ess,non_ess
0.16184971098265896,0.05722188607485521,0.10810810810810813,0.2274213322435636,0.016524048391856002,0.4089013474968034,0.08999704927707289,YBR245C,non_ess,non_ess
0.03757225433526011,0.006223528394848302,0.027027027027027032,0.11258684102983246,0.0076335877862595426,0.22314929877507544,0.1802701115678215,YPL030W,non_ess,non_ess
0.031791907514450865,0.00449477050739044,0.054054054054054064,0.03248876174908051,0.02087286527514232,0.3922141840607211,0.3111954459203036,YOR097C,non_ess,non_ess
0.049132947976878616,0.008903103120407986,0.10810810810810813,0.1076828769922354,0.010423053341508276,0.508450889521592,0.2158185162477008,YJR152W,non_ess,non_ess
0.06358381502890173,0.013657187310917106,0.054054054054054064,0.1937065794850838,0.007601935038009675,0.3570934939283246,0.13372494816862476,YOL090W,non_ess,non_ess
0.02890173410404624,0.0028524505143054713,0.13513513513513514,0.029628116060482226,0.020618556701030927,0.3194516225552865,0.27628865979381445,YOR276W,non_ess,non_ess
0.060693641618497114,0.05220848820122741,0.0,0.02451982018798529,0.05121951219512195,0.9793258662200356,0.5658536585365853,YCR064C,non_ess,non_ess
0.08670520231213873,0.026363557783732387,0.027027027027027032,0.1113608500204332,0.017804154302670624,0.5050823915651241,0.16439169139465876,YGL064C,non_ess,non_ess
0.08092485549132948,0.0174604546633244,0.16216216216216214,0.13955864323661624,0.01333968556455455,0.4017565300246494,0.2625059552167699,YLR233C,non_ess,non_ess
0.0,0.0,0.0,0.04515733551287291,0.0,0.0,1.0,YOR391C,non_ess,ess
0.01445086705202312,0.0009508168381018238,0.10810810810810813,0.059937338237297376,0.005376344086021507,0.19321236559139784,0.3150537634408602,YGL031C,non_ess,non_ess
0.04335260115606936,0.013570749416544212,0.027027027027027032,0.08541070698814876,0.011503067484662576,0.3346927867633389,0.526840490797546,YDR448W,non_ess,non_ess
0.04624277456647399,0.009248854697899558,0.054054054054054064,0.06048222313036373,0.017057569296375266,1.9566169154228856,0.2121535181236673,YDR368W,non_ess,non_ess
0.03468208092485549,0.008038724176679056,0.16216216216216214,0.06354720065386188,0.012207527975584944,0.2405545435188909,0.16683621566632756,YJR100C,non_ess,non_ess
0.08670520231213873,0.03206845881234333,0.16216216216216214,0.10727421332243564,0.018461538461538463,0.4309326072157931,0.2689230769230769,YHR006W,non_ess,non_ess
0.005780346820809247,0.0008643789437289308,0.0,0.0026563138536984067,0.02247191011235955,0.4408436822393061,1.0,YKL100W-A,non_ess,non_ess
0.03468208092485549,0.007433658916068805,0.054054054054054064,0.058643236616264825,0.013172338090010977,0.4332949586356456,1.0,YBR231C,non_ess,non_ess
0.023121387283236997,0.0047540841905091185,0.0,0.15079689415610953,0.00353356890459364,0.29131942129475297,0.44346289752650175,YBL097W,ess,ess
0.06936416184971098,0.014694442043391822,0.16216216216216214,0.07498978340825503,0.0208514335360556,0.4817728479106912,0.2354474370112945,YDR309C,non_ess,non_ess
0.005780346820809247,0.003198202091797044,0.13513513513513514,0.05006129955046997,0.0025477707006369425,0.044312337815522525,0.6585987261146496,YGR207C,non_ess,non_ess
0.05202312138728323,0.016768951508341255,0.10810810810810813,0.0570085819370658,0.020293122886133032,0.4889897913800771,0.3506200676437429,YKL128C,non_ess,non_ess
0.06647398843930635,0.02135015991010459,0.0,0.0860237024928484,0.017517136329017517,0.3231551130527469,0.2680883472962681,YDL133W,non_ess,non_ess
0.011560693641618495,0.0018151957818307548,0.0,0.08663669799754803,0.003025718608169441,0.088097312000489,0.8003025718608171,YDR449C,ess,ess
0.02023121387283237,0.0015558820987120756,0.0,0.11095218635063343,0.0041691483025610475,0.1125376439698345,0.4329958308516975,YMR307W,non_ess,ess
0.15606936416184972,0.0987985132682168,0.1891891891891892,0.022680833673886392,0.1409921671018277,4.235639686684074,0.1174934725848564,YKL086W,non_ess,non_ess
0.03757225433526011,0.011582677845967672,0.10810810810810813,0.043931344503473635,0.01870503597122302,0.40461946232487694,0.3050359712230216,YBR111C,non_ess,non_ess
0.04624277456647399,0.02256029043132509,0.3783783783783784,0.0606865549652636,0.01700318809776833,0.4297169355617815,0.15515409139213598,YNL322C,non_ess,non_ess
0.023121387283236997,0.007174345232950125,0.16216216216216214,0.046383326522272166,0.010943912448700409,0.4316279069767442,0.3378932968536252,YHR127W,non_ess,non_ess
0.05780346820809248,0.005704901028610943,0.027027027027027032,0.3436861463015938,0.0039246467817896395,0.15183229468943754,0.32653061224489793,YDR141C,ess,ess
0.03757225433526011,0.007952286282306162,0.054054054054054064,0.11830813240702903,0.007274762171236709,0.2239193841040512,0.4784555120313375,YLR060W,ess,non_ess
0.07803468208092486,0.011928429423459244,0.1891891891891892,0.08663669799754803,0.02042360060514372,0.43323041773441606,0.15809379727685324,YCL029C,non_ess,non_ess
0.10115606936416184,0.029993949347393894,0.08108108108108109,0.27073968124233755,0.008695652173913044,0.33292943692088384,0.16919254658385094,YLR278C,non_ess,non_ess
0.05780346820809248,0.017892644135188866,0.08108108108108109,0.05782590927666531,0.02224694104560623,0.3573797593656561,0.27808676307007785,YJL079C,non_ess,non_ess
0.0,0.0,0.0,0.0860237024928484,0.0,0.0,1.0,YPL281C,non_ess,ess
0.02023121387283237,0.0036303915636615096,0.2432432432432433,0.06845116469145894,0.006635071090047393,0.2255924170616113,0.2805687203791469,YDR202C,non_ess,non_ess
0.023121387283236997,0.0033710778805428297,0.0,0.21557008581937068,0.002488335925349922,0.053217523988379936,0.6267496111975117,YDL185W,non_ess,ess
0.02890173410404624,0.005272711556746477,0.13513513513513514,0.08071107478545159,0.008097165991902834,0.281532232949237,0.29959514170040485,YPR118W,non_ess,non_ess
0.008670520231213872,0.0003457515774915723,0.21621621621621626,0.0190028606456886,0.00911854103343465,0.20980180361224848,0.3981762917933131,YML099W-A,non_ess,non_ess
